-0.594322746892517,0.0010919126350891041,1.0534875139248299,0.8996233024984882
30296,667,448,948,1641,473,342,380,728,1311,682,617,294,1078,646,1344,997,850,360,11367
761,1983,57,1411,1181,1070,369,1352,493,874,901,1497,726,1322,833,1321,941,493,1165,570
538,1320,695,1222,245,705,444,722,686,1509,594,453,701,815,353,456,357,499,1074,1108
1399,380,501,766,518,1181,607,997,681,341,639,333,1024,0,506,1376,446,1187,497,941
447,1058,668,724,432,412,440,687,1140,349,372,884,344,629,1211,272,499,638,1133,733
658,282,848,843,865,1289,430,498,1340,945,393,645,634,359,332,417,829,1197,259,257
778,209,737,0,1389,972,472,418,231,1426,0,604,428,865,613,618,214,2296,609,806
650,355,668,1336,1123,832,453,996,1500,447,1190,1070,861,1054,508,227,723,611,409,326
310,910,937,3087,616,648,646,322,680,736,551,756,1274,853,1091,492,677,841,778,901
496,370,1175,532,1198,606,379,342,1058,792,1175,1224,617,467,534,528,779,1184,691,611
1338,196,324,418,823,474,389,634,673,504,1225,843,682,905,372,438,861,605,1253,190
612,1954,559,1435,1259,544,393,1280,833,776,779,338,523,2246,652,506,163,1174,685,470
509,445,505,620,497,1149,776,685,866,919,204,1259,344,1856,468,636,1255,1086,1014,463
901,807,632,911,685,1001,593,358,848,856,691,372,960,510,0,572,210,407,808,772
1017,1698,1493,409,401,1451,351,799,800,665,165,701,869,0,743,767,459,1082,575,1194
965,1055,543,264,689,1011,574,1522,672,1017,599,494,0,725,465,587,1706,520,387,640
1758,599,824,5182,170,482,627,978,618,570,903,749,345,1053,380,509,1203,531,1062,470
1727,404,689,1244,928,551,982,355,339,1156,566,847,221,952,1825,811,587,337,1306,0
964,240,1533,762,987,121,1107,566,923,715,729,790,1104,604,864,563,1257,23331,839,637
818,527,927,453,969,1227,931,527,1019,471,371,542,361,429,819,1240,1340,591,889,16094
