-0.7274114526788916,0.08334187942746646,0.7996550121921743,0.9581414752219769
311,431,59,1142,355,326,328,1319,240,1069,673,699,224,236,114,677,1020,800,456,769
88,651,491,61,592,2760,1608,831,1578,101,452,1124,1172,960,995,493,289,425,297,1467
260,1066,6,1065,1350,1098,574,265,778,737,759,1385,1082,738,235,459,1048,268,619,481
1019,642,949,311,281,1090,647,131,659,1017,1543,405,1593,727,501,1405,289,250,293,635
381,27,755,247,301,1347,989,387,1243,3,318,663,254,597,966,1501,1581,563,892,820
780,736,834,1376,1553,627,1183,1501,718,791,411,1409,597,350,430,28,437,503,1089,881
349,945,957,1585,1315,1660,772,1620,2414,1396,2082,826,1193,1464,1761,858,1354,218,323,838
266,756,643,845,931,1867,1956,2302,1600,2412,1467,509,689,152,1245,418,886,871,282,645
207,1444,1003,2599,1037,833,1967,3563,6155,2530,2294,505,681,544,1340,1093,1459,1024,569,307
186,256,1057,1396,1186,418,524,2093,1903,3559,2700,3559,1813,1253,1523,364,937,784,634,625
1042,577,695,784,1795,505,689,1525,1482,976,2478,1836,2557,1756,1407,396,1283,1118,1081,2554
829,760,1187,649,1094,1063,1599,1194,2272,3314,4206,2727,1759,862,2357,2989,2426,1168,984,801
469,708,276,750,1080,1593,760,2198,2283,1484,1276,999,371,2040,1290,1626,484,773,565,427
936,401,767,873,1213,1789,1085,662,1537,656,3506,849,3949,1760,1091,1254,1204,77,95,899
158,1039,423,827,870,784,337,1115,959,662,1140,2509,492,1660,1098,115,335,962,1089,307
170,267,558,717,567,2323,514,1143,646,1060,1527,1422,768,374,1032,1002,588,1096,1102,665
914,1158,387,81,631,98,991,1985,1868,1033,2463,1113,28,826,1168,499,1031,746,413,631
500,722,503,402,309,658,525,695,1090,1727,876,111,377,651,990,605,960,485,574,722
423,407,519,443,384,432,1162,957,670,1481,1655,1365,251,249,414,423,1810,1077,314,88
156,206,432,815,496,327,615,1077,457,997,1210,31,468,660,448,384,331,482,441,583
