-1.2810904768501203,-0.0045983823968953575,1.0089228937726733,0.8479097610384102
27476,236,179,1233,926,0,450,370,363,89,7146,0,4914,342,112,542,458,988,1534,3277
7,1633,777,416,66,119,415,831,66,526,3855,64,423,103,223,47,177,1215,7499,1467
91,307,527,222,750,1397,1386,1488,68,286,60,126,193,796,707,1281,1977,721,1620,25
1228,598,906,1669,719,278,192,15055,51,382,237,1090,550,1061,253,1245,170,393,606,126
99,1385,182,3595,1372,1091,677,258,236,1048,465,435,0,897,159,1984,1054,163,1297,446
240,2200,787,965,105,782,688,38,781,594,0,1994,575,41,1806,332,1949,299,493,25
379,324,426,565,45,643,1598,1129,638,1315,1081,394,166,298,843,1466,151,420,662,1659
392,105,195,756,0,1097,696,1349,8,119,0,586,258,294,1937,60,3617,852,836,2928
71,733,258,218,714,614,582,64,395,450,1016,1120,665,447,36,0,1100,84,3,2175
1218,132,587,371,302,898,237,957,180,186,2788,195,215,39,135,43,120,640,69,2854
442,286,358,340,757,325,27,74,14,8,294,506,372,497,50,326,131,788,1405,3143
1440,516,275,411,1184,1404,417,685,387,598,54,1839,1719,1584,134,4932,198,220,86,0
678,117,1338,458,477,2094,1002,4164,140,293,1076,1450,205,73,234,132,17,651,195,45
463,583,1340,6908,1198,765,414,286,738,213,547,2182,47,136,159,168,538,415,1932,76
1123,211,150,868,863,259,12,14797,171,1251,458,485,12,2283,872,2641,1615,1023,386,225
1251,308,1921,1739,672,945,108,175,42,2703,157,47,69,1320,2881,916,3,462,3760,1245
543,467,1595,1540,170,13,46,313,2218,393,1124,103,14,3642,371,861,133,238,315,678
1742,888,772,29,287,58,9,264,518,295,338,49,2324,69,190,116,182,1012,2441,2217
243,45,42,1054,48,5,135,1239,1837,80,334,964,211,1101,273,709,442,1563,867,65
1408,293,20567,20,2451,27,1795,1577,11,920,2,267,293,411,654,195,38,318,1632,1765
