-1.8516332098134898,0.0032198158864707683,1.0336015822102023,0.8538347542780017
26197,589,823,1573,6,259,32,1040,472,57,1951,27,75,337,1012,514,1035,3133,18,6464
861,1537,1856,39,675,305,1159,740,1131,1668,1671,385,574,1,535,2838,142,3,333,200
11376,3271,4,770,265,1480,556,2504,1176,110,1,21,73,1811,95,1856,2231,482,73,0
178,1,80,25,1,279,61,8,18,368,6,531,1,128,3,7248,225,2117,921,7428
5,1340,1103,4,22,270,1106,263,10,37,1155,132,31,240,784,2556,111,1079,3785,1306
1067,38,93,814,1178,2,1188,1425,1113,379,1009,958,4186,314,2596,630,124,0,1696,438
448,1425,2,1461,400,9,1,10,552,976,1209,428,918,106,4311,152,29,689,7,25
21,467,16,232,681,159,550,2117,377,846,874,983,1,704,1,13,47,1001,257,288
3410,1308,1,327,610,2188,3152,1355,450,54,2670,1435,618,495,4,8,241,5296,4497,544
5,1584,7,1395,969,1,3,797,3,2365,1288,2590,235,146,1912,63,62,2633,1479,58
830,511,638,1235,446,216,54,195,133,15,185,9,1411,3308,673,1,1848,671,1195,316
290,544,1744,51,632,274,487,233,915,1155,259,1331,260,1239,545,238,482,213,117,341
1006,389,636,15,284,2,3,890,334,139,2,52,56,265,434,194,438,51,899,194
2188,1417,96,1,1022,257,164,821,5,2441,35,1863,74,597,301,188,6,56,46,1502
314,1,2628,977,443,830,2,1397,165,2145,1206,88,1792,681,1323,162,1848,1971,1062,2
5122,5918,1146,4093,1,156,407,15,346,1438,224,588,134,594,13,2480,11,1478,1968,444
5,1630,1,1124,228,5,1299,1,6110,296,22,12,741,905,133,3504,782,782,2989,897
1862,1798,18,648,9,125,1,3,113,1,230,2201,18,908,4135,1,30,3288,1,978
3589,806,144,9,19,880,2843,568,3,517,1035,1228,839,25,378,216,458,1133,2094,2977
183,277,111,1364,176,1607,1393,6723,1,487,37,7789,3,3176,290,4982,31,1,101,1834
