-1.576575397990043,0.05779773895923513,0.8951196499256457,0.8914557856020727
581,1386,2491,917,614,205,1496,1463,850,554,2990,6,776,1217,993,25,2470,1168,3729,1960
391,1023,2428,231,1154,406,863,82,675,46,742,2875,3111,75,27,153,869,592,658,1419
1,715,1167,39,260,172,12,1376,565,43,493,689,3909,164,1023,1382,351,2690,1978,4170
1,185,1777,20,5,438,198,0,898,263,25,379,90,277,214,2,1086,94,1017,309
1088,1,233,161,378,2644,1509,584,215,1,410,25,1268,1770,393,367,666,2367,1549,1833
864,2871,0,944,29,725,369,606,1,70,847,1,0,720,2136,727,172,1000,156,1009
827,376,12,93,580,312,1,180,688,168,53,1,2267,1212,31,32,1,1755,1653,1811
8,187,367,141,1673,411,1037,185,14,336,3145,2474,311,31,61,1328,1487,1749,1406,1661
41,899,839,1924,0,311,103,116,455,1139,1770,74,628,35,165,1688,2,79,907,86
177,895,619,236,3,39,1069,19,15,1,774,498,590,1373,4614,3410,0,11,283,20
1084,163,1890,35,1536,1623,131,67,2272,460,330,1288,1534,329,6080,5412,8357,3354,6288,698
72,180,10,1573,872,562,1325,925,561,1178,618,14,910,1728,3192,7345,2505,267,514,22
270,802,141,1849,45,6,288,598,8,76,1120,155,92,53,9,5551,4452,9,1093,2732
234,5,920,147,221,430,124,1603,232,519,1,145,13,2130,20,3889,3615,3352,2277,2416
1691,16,1138,1066,1113,2581,10,95,304,470,1,121,953,166,1867,82,5439,3782,373,1346
1018,1023,525,244,154,274,259,534,152,985,38,1908,1405,2712,3572,740,906,255,1262,530
1104,402,2,1258,635,687,265,955,957,1736,94,942,3345,1210,2506,4688,484,907,3825,1035
849,175,457,2,202,570,1733,196,432,209,190,578,771,917,75,1239,2419,2,339,1260
580,27,1,482,90,1,775,84,13,6302,207,381,1358,724,60,3531,8,199,1182,578
454,1459,194,636,124,1084,3734,866,114,173,2223,869,2583,19,1348,4315,2985,1,474,14
