-1.1550678568514294,0.04800658583611564,0.8128280575520267,0.9021997893634736
1461,2303,357,480,607,104,370,723,1939,290,918,403,504,0,785,1101,1723,417,864,80
1402,415,95,72,437,100,1967,1360,397,924,0,248,159,49,86,978,2,468,1343,104
534,858,6,98,746,68,969,1959,342,255,29,637,721,671,23,244,424,92,912,1350
477,853,850,284,2639,395,378,352,4384,891,392,364,122,1556,262,1586,0,1540,324,114
36,46,238,904,829,1114,105,4,514,1065,196,1211,0,509,747,153,1485,973,742,99
356,1270,1641,18,148,952,99,27,464,8,1420,1595,683,595,1164,284,207,442,22,2181
573,204,4065,606,48,503,1269,823,535,1009,1032,1401,534,125,1437,3991,289,13,1041,63
1174,171,1891,656,1,507,723,880,348,125,580,2280,573,586,27,204,252,132,1570,1445
68,303,1710,543,1810,365,1452,1198,2644,1021,2176,1034,957,106,326,404,70,662,1001,150
1279,1055,1116,0,39,2875,242,3253,2541,5076,1499,2561,1064,161,137,702,1486,851,1176,1144
1387,94,0,809,712,820,1782,3908,1972,3469,8072,1473,6365,765,1366,231,953,305,1001,1295
1384,1037,94,29,809,753,5135,262,302,12017,8167,4279,1222,2424,683,130,132,164,909,212
1819,1186,395,5,135,2018,778,398,6945,11403,1128,939,4715,2255,543,209,97,29,811,394
467,891,5542,546,618,771,1132,1337,272,575,543,622,181,572,179,240,310,14,22,544
711,1731,275,6,571,7,619,96,1110,1127,595,628,843,41,1383,0,301,335,112,1395
1075,402,1248,348,864,193,515,95,585,307,2002,785,1187,128,379,1066,469,330,1821,1530
516,2732,845,24,1333,1845,3221,1526,66,74,331,488,900,1566,247,432,151,1172,2651,810
660,595,1621,1536,389,504,1186,707,773,2302,447,934,69,943,715,1948,1315,707,1332,277
1268,3044,432,386,148,187,170,364,570,297,2408,1077,504,1078,1180,625,396,502,1244,72
54,1342,65,934,2100,37,410,276,76,492,12,2958,818,774,1064,1332,739,92,582,317
