-1.554917946981943,0.001481543092104175,0.9499730648720959,0.846481269046647
563,1519,17,258,346,84,1456,259,38,14,102,20,32,145,471,4,965,4214,2594,0
2674,366,277,539,1257,3047,932,0,309,18,118,1887,154,2232,697,4003,103,0,8,2403
0,538,2008,81,1062,166,1,166,1515,702,220,8,10,22,766,618,130,46,137,144
165,22,79,89,105,31,288,48,1456,123,311,0,2047,148,221,769,876,4218,2204,4359
486,2219,767,391,7,998,766,277,1081,103,1905,1,4719,92,652,930,443,319,233,2001
595,85,152,129,533,209,2324,1622,10,100,66,150,2359,247,350,997,247,492,1346,41
20,2737,47,828,0,114,3812,1282,803,336,381,266,21,424,223,340,860,23,392,251
1431,4203,11,144,0,4979,848,76,1047,1,24,408,42,348,190,0,36,338,1295,923
144,82,1274,69,136,260,179,1124,6,1874,1914,401,1127,1287,467,2118,373,24,440,423
1657,1357,484,606,378,97,948,3,0,117,1189,486,124,363,136,1264,14,184,53,46
0,439,62,310,1,1939,0,0,9,1726,9,201,3815,1535,872,6310,98,378,2870,368
390,389,121,1146,2627,1544,2713,34,141,1893,258,106,2797,734,380,81,191,118,83,514
724,117,1010,736,295,2603,179,1463,417,1106,672,345,334,780,0,6400,48,917,1057,528
0,74,1592,3641,16,3,628,289,235,2135,169,1178,253,55,3,493,4494,1365,1868,59
21763,253,8,2455,919,3323,567,3861,243,1223,177,3441,292,1285,1341,485,745,36,534,6582
4343,945,751,296,4,29,1805,2925,1,776,484,192,1,798,546,235,412,10,450,109
2622,907,666,239,52,74,685,39,166,1718,15262,215,1406,672,44,10974,1778,64,5938,349
2289,326,1960,4196,113,972,126,1667,1056,38,263,542,1,0,1846,4466,1003,2749,518,17
1403,2117,439,1022,414,161,63,108,364,62,717,435,475,339,2170,2658,1148,250,719,133
29,5,15479,1149,1196,16,307,3103,20,131,25,871,224,1275,712,214,1659,584,380,0
