-1.6353585364129521,-0.0016992480970464121,0.8804756122154267,0.9024769966929791
382,2611,0,93,4692,1,2901,901,2536,5928,78,496,267,527,368,1942,822,161,78,1871
631,1320,15,9,218,147,1397,7,10,977,1609,3,361,1,4,2219,1296,326,0,1379
73,1817,1195,36,0,312,4316,11,371,1633,0,857,77,1455,1509,453,476,21,1655,213
27,482,671,29,76,3300,30,42,1999,11,324,721,695,2862,18,4088,9,973,966,8
332,994,185,1693,13,7,6212,261,528,1252,17,75,1168,5,2219,234,1,703,487,4
14,31,4338,326,1923,1981,3881,113,39,324,921,378,728,7,4009,1423,621,567,1708,1
338,1617,2071,1,1336,911,254,244,340,2593,717,1359,395,473,1875,844,2,2561,3688,92
187,1053,894,10,403,63,1105,98,966,138,3,15,811,2113,1527,826,965,1207,1173,1
14,3802,342,1354,1384,2101,239,0,1964,1197,882,1040,11,369,66,440,2815,14,787,470
520,686,2036,1956,676,2055,1415,110,720,2158,209,56,6169,2,2028,1,1441,3,1,164
1142,174,2252,3547,808,611,1533,880,301,2417,1478,2222,4,255,69,66,202,258,653,1469
1,33,433,2,675,146,14,1513,832,391,30,453,2035,6037,962,1243,2,63,2340,7
0,1173,1788,14,202,2950,76,823,2320,2917,2052,1,1745,1303,2176,1148,7,1459,1805,945
1,1341,103,7,132,1505,1210,745,147,1487,1350,2365,1375,4476,195,3349,3140,77,847,1187
1000,1563,165,3067,3382,1650,4102,3572,401,2313,960,13,1597,2188,1166,1265,994,904,739,915
82,3,370,288,1305,944,2998,1,449,1626,98,1478,1760,2,3115,1846,4573,2,252,1056
516,3051,395,1191,214,2763,1852,1784,107,2,8,1,892,1846,55,284,1699,356,222,573
144,343,786,68,1154,402,2284,783,922,1403,1748,1525,1,758,347,77,1257,1024,826,95
1043,1278,1523,846,255,1985,2,7,350,2161,69,1420,277,1272,1377,338,231,260,266,1770
2028,24,2515,1695,131,48,703,1179,25,3875,208,2,339,21,1093,348,572,6,824,685
