-0.7551609711075278,0.05044760733800237,0.9007813974012163,0.9530809323628977
595,1003,675,761,993,853,285,977,1652,1072,380,384,473,1529,378,1405,275,271,441,1617
503,651,294,236,405,570,898,2047,655,876,2096,352,93,296,657,842,535,1347,836,401
512,272,1310,1283,614,804,223,742,682,1274,981,129,905,178,822,1132,629,1572,4485,397
12,1052,236,592,1063,308,294,386,731,469,920,223,2079,1074,705,1373,1206,3342,1243,935
203,2079,1046,838,714,239,376,307,356,1793,859,903,698,410,1188,553,1965,812,2120,1083
1393,1288,1913,221,883,869,442,843,485,669,445,950,865,890,2383,1267,1018,1783,4144,1289
652,296,180,1455,1347,311,660,431,1056,494,560,1717,732,1564,362,2016,984,1630,1891,1963
110,448,373,474,503,1065,1048,172,1109,1190,859,1234,1757,0,1364,1686,2581,2518,4124,451
197,413,1668,97,159,258,230,547,1072,953,989,378,2667,2463,1657,827,421,6172,1854,993
1996,442,1194,598,1505,1715,1040,2607,1308,1500,1555,883,250,5726,1544,3616,650,155,1712,2520
579,1122,126,409,352,110,482,397,619,730,1476,896,1723,1636,1934,1227,804,1690,811,1567
543,210,573,429,745,229,614,297,730,55,878,2109,1738,508,411,2677,449,1345,2290,764
207,369,528,93,132,636,1003,228,154,829,634,240,473,348,1643,1815,709,229,2211,781
653,207,1661,1570,2076,1001,586,16,1094,984,474,435,183,1012,512,2119,1006,608,548,2447
1031,77,1147,2416,233,795,2113,236,92,405,575,947,466,812,1675,1339,1119,647,1667,1853
421,162,1140,576,850,464,1025,375,71,100,478,959,1173,371,821,534,430,499,1556,2486
2529,258,1186,689,1652,1779,359,2566,1054,1737,596,2298,374,226,535,3114,491,897,400,1619
432,470,617,1439,757,1320,885,339,650,2253,237,1059,753,295,702,1182,1350,883,1502,364
88,1505,353,699,824,569,511,1352,625,2464,1023,1954,811,494,1156,140,523,1635,734,1126
1740,337,900,421,710,559,497,466,12,1391,740,522,142,635,1825,552,990,1176,172,794
