-0.8212087183595059,0.01630379083002061,0.9969982831823816,0.9490553277342523
920,3354,1270,1357,1132,674,1387,1362,362,1060,944,510,1874,267,591,694,0,349,1796,4971
1202,1186,2504,499,2006,1005,1177,1692,1818,819,1500,306,1840,1167,570,567,1495,3862,446,1674
437,777,1421,1803,1688,144,966,1174,296,558,1147,940,452,275,1892,1430,485,828,325,871
405,675,2462,1257,6177,1493,826,1144,1218,887,1339,1819,481,1476,298,51,380,695,1408,672
2171,706,2774,157,767,851,1244,2286,0,346,782,1179,747,384,1460,1024,1460,3441,583,1414
895,1796,1277,843,831,907,177,1308,181,986,754,596,891,1812,430,1775,861,1801,738,296
394,381,3511,642,1448,625,540,1424,351,111,600,425,134,136,95,589,666,1457,312,1011
1728,123,895,716,1290,672,193,95,249,1408,785,379,2,8,368,920,226,928,545,91
1210,221,343,0,744,91,713,492,649,121,531,532,391,17,640,239,585,526,299,541
426,2185,630,273,637,369,652,218,853,859,385,805,475,210,4397,304,1708,491,1219,154
49,745,2727,328,1563,831,885,260,3477,239,327,1240,1583,171,348,848,230,835,1996,1675
165,1477,946,175,1358,255,354,581,508,272,1,329,147,418,400,1221,1018,1744,260,1336
2106,577,799,1388,262,345,228,1093,1254,814,650,757,1075,763,801,1023,435,1286,1078,1106
1738,860,425,995,2312,558,542,587,761,1481,304,369,631,468,58,213,868,716,1360,24
3145,273,695,378,563,575,494,170,1289,182,117,551,298,1171,391,281,1237,1120,745,362
185,1221,370,970,742,1409,677,598,564,1535,908,1133,467,340,2421,1509,1370,587,3631,821
1810,517,4,468,1175,715,984,1280,194,332,524,123,231,677,1713,2118,689,476,1789,1244
1458,1658,898,27,114,355,422,272,250,4201,134,417,69,1333,1943,2027,354,926,2008,1347
1349,1214,1642,1825,1300,620,1477,1043,3678,821,1516,967,607,358,1570,694,1108,446,3043,694
1400,2635,2163,1334,1272,792,2514,1013,1712,1075,1267,2513,3230,1302,356,1017,787,1533,2629,1244
