-0.916612511331557,0.052508746900873746,0.9081907243207276,0.9473158673573385
931,381,97,673,1426,48,480,366,271,1014,745,189,456,92,47,1518,12,1783,1529,424
1884,155,117,7,57,145,1007,1167,947,635,97,364,3,568,703,415,511,76,370,1949
246,1549,1043,721,201,1110,270,597,872,371,1028,919,179,526,261,1220,807,645,907,748
228,864,577,82,498,1423,520,1482,1775,23,2665,1971,60,856,846,1297,2390,1698,832,5
1568,753,1087,1381,1025,849,254,1020,858,603,1626,979,581,1226,1725,1581,1725,1037,327,2675
1028,150,322,2000,51,1925,369,782,598,773,517,297,1962,1031,1404,20,2066,862,937,4367
177,220,284,1754,75,410,727,209,280,894,0,1425,1353,723,690,2095,614,2917,2833,2157
2198,288,1213,624,374,314,504,6,19,287,717,91,1269,170,449,1232,1329,1546,1768,1999
599,1517,657,245,459,8,324,1164,1443,1102,978,0,173,1330,1055,119,2057,2509,1012,1567
635,595,1503,486,526,1345,1951,1709,845,416,103,146,830,1415,1699,1744,1378,1980,512,4099
706,399,1051,566,1299,677,630,2413,212,1139,760,902,694,3137,3175,2156,1647,2361,2652,1345
593,511,1110,934,962,1198,92,736,809,1454,41,615,19,980,1815,3102,4343,3185,4047,2820
18,137,3619,693,1001,169,1212,3181,621,758,451,1158,301,1133,1277,500,2694,780,2475,2044
304,145,535,266,1049,2154,1046,543,946,909,404,1917,667,422,1270,781,524,169,1902,1182
78,1176,2302,1207,1246,777,316,957,1964,493,1264,668,485,9,466,1171,592,1814,1128,1483
834,316,244,537,563,1192,1274,8,185,262,607,991,1395,1984,791,545,799,874,825,337
1076,340,1635,274,982,373,348,1479,2882,538,1559,1210,1553,1050,298,892,380,1159,1837,110
481,1192,644,957,381,3,221,529,508,890,1337,321,205,156,1814,3561,973,499,367,1956
2008,1608,87,946,107,2000,1158,360,524,1256,20,493,536,1020,1653,1053,415,660,1424,2001
645,747,1744,713,986,533,842,2633,673,1362,12,532,1697,1010,649,3053,552,159,863,1709
