-0.88542685849422,-0.004328899649935159,1.0113206056032675,0.8380589566651524
689,623,684,738,1158,1198,666,621,241,967,773,1017,1386,1057,642,37148,1111,586,221,575
0,654,486,361,136,778,488,1279,738,54,844,370,82,641,17,285,255,523,396,1814
1306,9,434,631,1488,713,1423,1161,860,532,554,276,343,255,454,623,1055,292,1760,388
494,660,378,551,551,534,1276,252,876,752,730,665,52,341,642,1870,286,603,433,2402
14,261,608,1089,874,1185,756,178,43,365,548,760,1193,1270,680,708,3419,467,952,674
185,223,557,870,147,315,1164,1153,171,335,1008,332,1069,400,502,912,975,323,1186,1226
301,277,132,461,15142,322,974,235,518,563,130,984,271,104,1354,525,915,1813,906,906
392,0,803,326,26,118,1499,490,665,610,1001,347,1540,701,827,609,193,419,402,520
1031,465,666,623,656,200,645,451,663,182,948,299,132,589,206,777,510,47,97,564
733,16542,570,381,396,539,837,242,11,579,987,1298,739,343,327,120,1005,0,387,341
574,606,739,208,401,1207,361,1698,94,4169,40,384,452,1732,973,1009,265,820,165,634
185,461,385,894,1111,496,273,584,704,433,0,0,764,191,1134,547,764,905,1040,14996
589,959,701,736,508,214,307,910,97,373,967,491,1498,157,903,116,793,655,889,198
1273,397,745,516,1219,557,1220,472,613,520,847,641,1084,14,1269,1757,1073,1046,1142,170
335,822,262,393,1627,1078,400,191,1931,865,784,375,0,2635,436,395,496,579,122,325
931,1077,188,607,1,230,194,692,1222,295,426,1392,316,399,735,1200,890,62,477,338
1187,649,105,300,587,653,1443,290,220,1734,712,1036,587,485,251,429,254,1498,116,213
722,602,677,1026,473,378,766,926,687,304,399,760,336,699,429,433,2229,890,612,558
22628,38,662,407,325,575,455,219,111,526,701,540,96,647,413,0,1303,737,736,791
791,474,2290,250,69,278,321,275,403,97,340,2227,783,0,1143,932,21570,747,62,359
