-1.250413928880656,-8.713673913005694E-4,1.0561554771600528,0.8567656828967337
25019,315,210,111,1610,0,960,1088,2768,32,146,113,561,1403,154,2608,122,174,1215,16614
197,1969,899,367,534,71,670,660,310,313,200,533,4533,0,849,215,1094,156,252,936
249,4123,710,844,1377,44,57,1065,610,459,927,1739,3655,334,506,634,192,1446,2735,1538
996,0,3327,1149,139,3,112,6273,609,87,438,188,1888,369,127,365,1142,361,655,644
1089,1704,131,245,1576,44,313,218,792,16,629,3086,41,1015,33,1011,2062,2036,532,571
225,1221,444,469,365,990,2002,1644,16,224,563,300,395,67,92,303,477,25,205,759
222,414,474,487,946,162,1675,148,1021,611,464,232,202,110,426,485,28,17,1623,24
435,4995,23,2177,257,1829,193,48,234,466,87,71,502,114,164,172,3371,1420,53,836
1399,64,403,820,7,513,612,201,19,116,69,1098,581,0,207,258,106,882,391,39
1253,578,153,0,188,212,152,100,502,411,525,341,1403,52,128,142,49,297,807,66
1095,786,384,747,624,47,118,1682,614,0,276,765,0,901,2835,159,1879,2587,701,3590
140,1587,2294,2,1013,335,48,55,607,623,1053,103,3301,1422,540,1452,38,1197,340,610
90,911,924,13,9,1476,81,184,1623,261,499,315,765,340,210,952,86,2645,117,108
131,208,619,1769,467,1996,109,1992,1324,1763,2116,0,843,172,144,93,724,2720,128,1420
11,2360,1325,842,295,73,1105,669,1619,55,871,44,390,661,1585,356,380,0,652,3219
147,40,52,500,87,2067,45,1511,1992,205,215,701,10,96,108,57,16,1793,680,1376
1471,234,1830,216,2724,524,1303,138,2407,905,2300,711,356,903,605,137,181,714,1399,615
545,189,1184,309,1992,4953,142,1162,452,285,568,328,925,1126,1173,1214,1640,787,547,1514
184,4,404,142,1534,161,557,923,2031,2809,2072,758,151,1371,0,84,205,6,1424,990
651,1836,25055,510,156,261,920,1140,95,42,1787,228,7426,372,646,1287,1120,1736,909,1736
