-1.1266708287481242,0.042025130410805606,0.889178732506351,0.9059757755987446
166,996,1898,726,0,4887,65,421,1421,551,775,377,1059,306,967,105,2048,856,486,1207
2003,0,1070,223,306,290,3175,474,893,1458,510,860,971,157,120,2670,78,130,1424,298
1843,2157,31,597,1206,2032,1436,212,2160,760,2648,247,426,2318,127,1835,1713,726,34,42
270,584,1412,464,120,1722,146,918,2233,2476,1958,47,167,678,1180,268,2568,650,1005,828
210,35,174,257,378,847,190,628,1280,906,462,379,1384,118,398,930,17,2023,1149,328
1083,756,247,629,66,574,2818,832,221,438,1283,1912,278,174,215,2283,408,55,1111,1115
274,705,442,2,1123,860,1471,1634,462,552,355,647,1104,297,971,661,2159,1723,433,866
311,2783,248,0,1012,1859,986,710,1285,58,259,413,423,70,297,1591,2992,2409,2023,0
191,450,147,242,64,25,1426,1147,464,252,642,2251,195,1342,327,1801,116,1218,1040,78
552,82,294,907,3252,1677,376,1641,2219,658,6,347,1455,618,0,3018,638,62,1629,647
422,17,2117,12,49,261,67,282,503,307,96,547,704,3694,5392,4555,10998,7692,589,1432
171,390,193,1150,2600,201,303,290,715,158,1622,1154,135,313,1063,544,10765,2202,281,4010
240,1030,612,59,548,550,390,82,158,216,421,44,548,1525,574,277,2261,4403,66,2359
30,286,603,1013,45,513,211,187,170,171,381,737,226,5103,2064,537,105,4305,3814,6310
172,920,3,8,235,679,2646,311,2271,272,433,110,1209,1055,215,907,337,1216,1360,83
186,32,820,242,1121,1061,123,243,172,402,919,62,204,942,237,443,230,684,2681,821
50,55,344,421,99,2192,1198,402,40,799,873,397,573,2723,397,839,143,2527,264,955
372,241,1173,47,1011,2324,1350,38,1069,0,508,146,2041,808,2055,310,858,22,524,186
512,434,3560,163,670,61,0,675,164,1409,1560,4145,954,210,1053,40,517,1289,1151,98
754,423,429,369,664,518,724,1218,652,1000,530,85,1463,1490,2161,1282,2327,1992,821,927
