-1.261280280729049,0.05078327803637737,0.8007277147059737,0.9094302062338406
188,562,939,41,339,391,79,7,32,162,131,2337,1848,1587,411,291,861,34,337,4
491,145,0,273,346,528,138,957,199,637,1308,212,46,1538,2119,959,209,288,817,152
402,97,479,83,701,436,145,4,345,305,276,152,340,1586,120,389,523,129,372,220
522,687,45,27,192,265,611,178,92,228,1696,344,552,730,16,263,779,128,2399,1718
981,21,11,21,383,490,733,1196,2052,710,542,1347,387,542,5,210,1090,391,1266,450
1156,959,1810,26,1035,454,454,2315,200,68,506,77,925,810,409,875,926,117,184,4
869,384,240,6,1,2610,385,384,2726,133,2274,156,844,440,5841,115,2733,1966,1522,9
262,404,1342,1359,10,1038,5,1070,887,1687,2258,632,784,167,732,4466,797,365,1119,1325
1386,661,770,388,147,620,278,3799,2299,416,739,3328,1484,62,3191,97,1336,1388,750,1254
429,1160,318,2,236,263,754,1910,1624,2033,4104,953,133,1561,3593,509,1725,2425,1254,145
24,480,1121,274,37,882,253,2094,1887,856,4009,7804,3614,564,2021,23,861,139,611,1463
15,1007,544,1330,632,426,151,2608,552,2136,395,3951,2529,2858,3251,1069,1693,907,411,845
1359,222,329,5,1131,1055,457,2045,2050,614,2235,3420,1481,102,4551,4345,1907,2980,3290,520
268,333,624,289,2125,20,346,3001,580,302,1847,1411,247,155,1439,4707,4993,723,863,1051
25,19,19,51,801,93,2032,319,2892,293,2189,5613,5284,970,47,727,69,0,302,0
1172,623,884,849,376,659,783,986,590,160,501,2866,523,3,279,2692,390,230,2882,563
2314,1168,256,1003,146,805,473,850,669,1562,1187,400,838,2316,73,831,214,406,978,1167
51,154,1834,5,3445,0,1525,75,362,2535,3184,337,233,563,603,178,1071,68,874,1
226,252,148,1862,4,793,86,999,279,157,167,967,190,3039,728,1065,1475,890,3139,177
53,1010,284,1578,659,239,3067,5417,937,743,427,1130,637,3,695,330,599,349,2890,266
