-1.0832758106984701,0.03262002266385737,0.9021994086661147,0.8996084819343094
1060,718,0,827,1928,1283,443,136,633,645,491,251,791,1684,489,1272,132,1504,1640,373
766,0,41,113,373,419,130,1193,2805,750,159,589,661,658,454,77,989,715,660,919
271,462,149,578,662,576,443,831,2542,1336,1000,275,249,942,95,5183,499,15,465,726
103,124,117,2263,614,701,568,78,393,309,305,550,50,160,265,338,2246,245,135,96
0,452,68,1,1019,587,1160,655,180,310,2033,793,1916,501,312,1409,552,832,154,435
2791,708,488,2253,317,553,519,1314,543,19,1460,63,333,451,888,269,1353,771,1609,457
3248,764,540,590,1605,409,162,370,725,1017,167,649,673,1702,1104,496,485,109,210,66
892,528,193,1994,1462,0,34,494,222,635,184,871,84,477,679,126,1240,112,1095,228
186,637,338,703,29,273,134,417,294,945,174,1525,850,517,632,8336,0,444,1559,302
4008,579,245,1128,832,500,1314,469,167,749,760,729,2757,309,845,11322,5907,16,667,790
530,164,276,989,1143,1012,136,70,1834,452,2443,375,114,1494,4431,6638,9143,0,408,4935
156,291,448,448,3975,1018,447,1256,1233,989,318,271,33,190,636,1045,8303,1874,35,287
756,2513,969,783,35,77,1899,434,793,618,185,635,772,1673,1088,2281,7038,901,2252,6586
384,2138,1482,1093,196,312,221,1463,811,962,292,623,770,709,413,189,301,396,172,5654
342,2453,2595,1829,4417,446,574,287,427,505,142,1187,682,185,375,94,1679,1331,387,1353
362,588,595,1255,19,104,626,2252,85,97,3043,522,1306,1500,1113,24,904,297,764,1439
168,677,120,161,1425,1074,350,1214,536,746,149,258,1314,817,157,690,2501,27,802,254
1068,480,808,389,1057,6456,822,159,282,234,17,1970,308,466,87,1214,1534,354,333,255
1650,0,268,830,999,799,549,1301,284,381,575,3775,103,1098,934,653,732,1585,1964,795
3475,290,2583,1998,1332,45,64,434,791,13,8,58,1560,50,230,4682,306,1279,434,2787
