-0.6257347141238014,0.05225483899751335,0.8542287725862876,0.967830780862024
1305,1178,546,518,1345,638,610,844,837,0,560,699,847,660,770,1062,646,544,231,841
583,971,614,0,1321,891,1009,95,85,1287,400,2162,560,1943,1449,0,179,516,1502,486
139,399,1094,521,1197,1678,934,805,1634,1044,1278,3360,1240,461,2199,1731,1611,964,1968,939
1289,503,416,566,1529,1102,1005,925,792,2817,1311,506,1539,716,1370,651,2023,1456,760,399
956,560,699,904,1189,1990,727,1241,1379,1235,719,802,799,1436,1716,1064,1542,1803,1704,89
1053,615,739,1887,1175,1093,566,1026,1543,2293,872,1309,2511,1461,1752,1504,482,1368,201,470
1621,322,419,844,906,548,785,0,934,1314,1720,1748,301,2865,2408,771,1464,1382,897,454
498,249,708,782,882,2126,925,88,1480,1157,1372,1378,2149,314,1049,1992,1934,779,893,336
1115,909,926,828,1528,926,67,861,1129,1125,1649,2864,2105,1340,521,1259,1863,1013,329,1353
978,1032,597,617,1267,1009,552,753,1106,1760,847,1361,777,1072,1231,2385,1609,942,1054,237
1139,239,1191,31,270,692,561,1044,293,1889,2368,1360,847,405,544,4,262,1373,750,1927
529,720,631,1231,0,874,1032,848,1408,802,2071,1220,3607,1064,2342,2465,1328,573,788,195
608,189,505,1603,366,1225,940,935,1499,1411,1531,860,1010,1733,1372,2617,2624,1727,1079,606
1443,483,841,1007,68,1254,1025,1227,899,939,443,1339,1688,2056,959,133,1232,949,1027,180
623,443,1540,731,653,68,722,695,586,1928,718,496,1791,1742,1152,756,177,935,1412,290
446,373,127,870,1302,620,1605,439,1190,625,625,741,638,1005,1507,1090,1205,1832,825,504
944,1070,319,647,1228,1174,1239,1285,623,1623,1260,1233,1354,367,851,543,1118,204,1190,103
587,58,87,677,361,48,925,80,1218,1061,431,937,2055,1024,482,460,769,396,135,787
682,315,797,1206,988,811,1221,233,662,2005,29,1041,996,530,819,395,522,1281,564,446
136,305,338,740,327,783,394,282,1154,1070,262,900,678,105,1312,845,645,418,488,646
