-1.4295598577392588,0.009741452808520474,0.7926874105345993,0.848169802994538
206,219,21,269,968,0,1562,54,1296,1738,134,314,1457,127,568,98,218,46,542,0
178,316,740,23,79,1052,144,167,77,27,3167,305,17,2914,3361,13,35,1365,857,3767
58,95,300,61,218,99,804,4966,282,6735,147,159,1123,104,19,63,11,3254,218,697
424,1151,0,361,252,927,7,914,623,66,868,1,288,284,205,728,1081,959,1936,1129
0,47,1211,1042,253,1719,62,1338,138,76,450,4583,227,1087,237,744,418,699,850,11
211,1396,1460,1427,1853,511,226,99,323,64,470,1342,38,678,2,80,494,113,44,442
673,78,441,214,509,9,393,707,6124,1224,708,162,4405,1006,3448,1300,1661,691,1517,31
1010,732,200,629,1023,7917,677,6061,1344,11622,5252,28,1,82,187,6101,78,2706,398,718
416,556,52,2323,1377,393,232,2,12584,1415,835,456,140,308,1491,664,2745,181,663,243
0,264,357,287,77,192,923,1286,52,1771,8975,1101,170,458,2706,477,207,1847,48,2673
229,948,463,1254,669,978,150,256,1,502,402,780,370,350,1179,1448,234,989,3712,56
714,118,794,3506,290,220,202,277,10569,1257,827,2705,20751,2413,142,524,4879,2190,868,162
79,2403,937,554,104,239,0,1053,310,1554,5815,59,475,117,259,119,146,468,27,4903
726,137,1202,740,487,51,91,208,949,315,352,310,640,196,1585,47,3190,71,995,63
69,471,786,158,640,815,436,674,186,54,14,1060,118,687,29,122,37,138,667,728
79,71,1388,47,25,173,1939,3176,64,250,96,475,113,3001,202,729,1168,346,735,351
176,319,14,32,775,199,188,8,28,139,302,5716,929,216,708,368,364,56,643,47
21,1069,240,266,2305,191,253,226,326,205,135,17,0,796,720,33,63,1032,63,431
320,1273,1213,1,0,212,1198,134,4603,85,2426,526,1094,328,3056,136,163,91,351,1362
192,667,1403,1974,761,105,332,499,143,130,1674,210,216,8,248,6,73,2772,1694,379
