-0.5998982939214552,2.7973315141498622E-5,1.0436310858947822,0.8993346733194786
31812,583,264,928,1261,365,526,493,1013,740,751,303,60,1149,475,846,1433,707,406,10840
702,1049,124,1329,1073,1129,658,476,687,674,1118,1115,928,537,726,1587,1022,591,921,440
288,1278,477,1437,424,732,976,417,920,1200,583,489,534,649,409,435,538,551,1040,798
1554,231,1004,639,573,1297,963,693,440,133,831,659,1583,48,419,944,653,1055,271,902
483,737,1368,480,782,290,761,718,1159,694,520,271,661,712,1235,335,236,640,1053,1632
786,287,1018,722,769,1347,796,522,1248,810,390,600,685,339,809,609,1464,1138,171,355
962,245,767,220,930,560,642,614,563,1470,945,778,321,198,676,989,188,886,601,725
320,674,585,781,1454,1516,522,512,953,466,1038,1356,673,629,293,537,814,443,369,202
376,768,654,3138,372,664,447,295,660,783,1049,802,775,421,1143,564,1055,1498,1250,746
735,363,1274,768,334,785,614,224,830,884,1112,771,578,377,493,999,928,1217,665,922
1896,318,294,806,787,1071,431,502,673,476,1120,508,1068,509,402,372,805,527,1254,938
470,1290,678,1691,1480,631,655,831,530,1173,504,819,852,3060,666,462,172,1589,696,469
278,218,288,769,669,1467,942,683,585,931,1328,549,643,663,743,887,735,1250,1423,531
264,966,294,1094,910,753,535,1223,1406,810,921,584,279,564,1153,679,322,405,1050,894
333,1076,1014,394,427,1013,310,624,600,247,527,1634,268,1121,592,624,451,1031,469,867
1825,861,456,263,510,1505,744,1361,676,713,392,641,628,709,522,725,1259,748,597,1067
1163,321,780,5084,416,481,948,770,1144,419,1043,781,647,1183,379,898,486,682,1298,599
1088,547,592,788,648,502,996,355,485,544,350,592,479,869,1584,820,604,554,702,147
494,199,1141,1153,765,418,690,271,719,703,507,670,1487,1061,368,411,1189,23758,565,364
584,600,1509,566,888,754,475,480,462,834,387,516,410,974,1198,1410,990,599,473,16084
