-1.45425934438522,0.052421159581673836,0.9041001426261661,0.8963347665131546
738,853,1807,1028,301,264,925,1152,794,3732,2710,569,1134,916,1949,33,2343,1350,367,2192
187,1137,2695,178,42,279,1425,83,880,47,742,1707,3046,146,27,578,1658,499,148,1338
1,1323,1148,268,336,7,11,932,652,591,551,805,184,202,821,2713,1412,2789,1769,4658
4,188,1838,37,413,605,368,202,949,117,53,374,13,313,296,542,1051,128,3030,558
1325,628,604,13,396,2527,1144,560,233,1,487,193,1356,1473,414,343,447,2451,1803,1780
701,2297,1,944,62,876,142,517,94,39,273,7,406,628,2134,437,63,890,115,1127
904,465,11,106,640,146,22,74,424,194,53,1,1646,1166,42,705,1,1756,1566,1248
8,649,353,86,278,457,1420,275,156,173,2666,350,451,9,61,1312,2002,1590,1133,2839
264,1061,933,1924,119,332,269,119,293,1125,2054,22,538,47,148,1481,2,47,584,222
739,901,886,1931,32,39,5,1,729,56,678,202,156,1749,4611,3448,278,7,201,10
1283,173,1848,39,2233,2407,1,302,2279,535,482,1328,365,336,9238,4850,8014,3354,4468,666
395,189,166,1594,1251,464,1474,1204,1271,1190,593,80,1280,1669,3300,7344,2487,258,184,43
284,822,249,2566,597,6,295,521,72,86,1244,259,211,57,249,5042,4578,134,2148,2736
264,5,928,529,120,331,78,2274,135,369,1,451,13,63,20,5983,3498,3821,1717,2130
1553,232,1377,1373,771,2296,605,835,951,493,1,181,216,181,247,213,4240,4681,631,1530
672,154,39,271,154,243,62,396,152,3181,49,1607,676,1988,747,1036,1010,378,1242,7
1104,409,177,1225,856,728,269,134,302,1788,912,169,959,958,1605,4610,466,1808,2163,1517
797,1000,508,2,408,322,2310,318,323,116,161,838,613,1233,78,1097,2545,1,183,1914
254,37,55,268,2343,1,1417,232,13,4986,254,286,1713,755,37,3456,8,11,998,440
162,1476,0,650,121,1525,3357,862,123,248,2223,24,2583,580,924,3846,2900,170,427,17
