-1.0311749769203087,0.04963679160845239,0.8613895360778818,0.9008975505305027
472,193,251,1291,190,158,274,1183,75,1493,381,2165,0,1507,748,504,134,1660,226,502
865,2062,552,229,896,2570,614,64,1227,369,713,542,1052,533,1407,536,389,1338,2928,197
128,487,100,136,884,2271,410,429,49,904,1950,239,519,22,1994,484,551,819,1087,1443
211,1396,1960,164,2064,2338,179,142,658,135,265,664,1658,402,729,348,545,13,129,269
164,995,404,801,2173,633,719,524,2134,302,189,352,1045,1034,172,900,893,761,1923,449
1660,169,888,1450,184,1520,371,561,353,580,310,72,336,28,1259,587,46,622,862,726
47,279,590,442,225,865,813,1090,765,426,1114,861,191,842,1501,1663,485,1760,3,906
763,451,856,1606,359,956,174,1430,561,441,739,580,1413,560,364,2140,1516,449,261,1329
129,1040,460,626,1008,269,467,116,1873,505,675,526,884,966,195,2370,255,1103,0,900
328,1264,857,1,778,444,472,1083,1154,51,122,506,136,1056,677,6066,1900,68,5451,95
650,123,1283,776,1913,637,706,438,462,153,523,896,420,1084,10927,1840,3821,13001,1498,980
1395,882,39,1357,831,576,334,506,86,23,267,0,1048,932,1725,3039,11078,824,130,0
0,625,535,0,739,1096,539,467,908,46,1542,862,0,790,1634,10497,8571,529,1176,4198
799,716,514,574,340,7,0,2143,753,0,1068,305,410,1551,137,6925,2675,734,688,961
1062,48,1288,411,344,905,33,1152,987,104,337,1711,380,302,1424,1771,868,610,167,456
499,172,301,174,1919,94,23,1,1978,54,2955,275,385,2351,75,1701,8098,330,1220,375
379,787,1372,750,196,634,1365,1440,3882,363,1599,999,770,1201,551,717,274,249,919,162
402,1222,1155,779,232,376,256,27,683,0,276,1842,1402,1332,854,582,1394,617,101,415
300,907,938,1291,388,317,231,71,531,2337,640,187,3646,1707,366,1452,536,31,1038,811
308,119,879,484,773,560,76,469,1151,480,561,643,2148,692,156,1287,412,1226,5116,444
