-1.4679771095056153,0.06164427898539123,0.8962832886722214,0.8969895058980242
738,853,2234,1067,301,185,652,1195,794,4212,2710,569,957,916,1949,33,2343,964,233,2192
242,1137,2652,178,81,402,1425,83,911,47,742,1194,3046,146,266,578,1658,542,485,1062
1,1323,1148,268,336,8,307,929,409,915,551,670,184,202,765,2713,1090,2715,1765,4658
556,188,1612,37,374,589,184,357,949,169,53,374,97,313,321,693,1051,164,3060,2327
749,628,403,13,317,2527,1599,560,703,1,487,693,1504,1473,126,1079,224,2451,1549,1780
824,0,1,944,444,876,84,627,24,39,273,7,591,882,2081,437,256,1195,115,1127
1038,469,11,15,240,235,18,74,424,194,161,1,672,1136,16,705,1,1756,1566,1094
8,562,353,86,439,398,975,275,151,88,3161,350,451,9,41,961,233,2740,1650,2698
264,1533,957,1924,12,288,269,30,325,1125,356,25,628,47,140,1481,2,4,1868,278
169,243,886,1422,4,45,5,1,24,1,678,227,33,843,3796,3448,362,7,227,6
1283,282,1848,542,2233,2407,1,245,1734,535,482,828,489,122,9238,4760,8014,3354,4468,666
102,105,166,1425,1251,150,1176,1204,1271,1208,593,55,1897,1669,3300,7344,2487,98,168,43
284,1036,255,1065,487,6,231,714,6,86,1418,175,25,1937,272,5095,3828,134,2148,3019
264,5,1555,417,103,331,104,1879,135,365,1477,545,13,1575,20,5983,3498,3821,2316,2381
1554,64,1246,1463,851,479,855,409,951,493,1,319,347,2355,247,82,3829,4681,969,1193
430,668,39,1,154,243,62,173,152,3215,101,1607,904,1988,657,946,1010,79,1242,1327
1141,635,28,1225,856,728,268,134,1138,1788,510,169,959,1070,1774,4610,466,1808,2733,1393
543,1000,360,2,292,1,1814,279,674,0,161,610,613,868,52,420,2545,1,249,1888
129,32,55,73,1193,1,1643,232,368,6150,254,351,1713,755,38,3460,1540,39,2685,440
106,0,231,650,547,1525,3357,862,123,211,2223,272,2583,580,924,2554,2900,570,427,11
