-1.0602165906215724,0.05070918061341017,0.774681014499799,0.9000451483865393
413,560,397,863,1004,229,1234,264,105,398,416,92,597,2081,141,304,559,477,83,270
1385,1997,372,7,1893,208,251,4426,317,294,1248,511,1725,681,372,133,400,1032,488,101
702,345,891,2034,1451,604,762,392,656,432,9,437,1346,0,977,11,137,149,1110,455
1530,136,1088,155,160,1034,0,246,764,764,650,329,0,1195,396,424,248,726,797,632
651,295,763,118,514,754,4248,492,32,447,418,540,399,459,860,119,2004,802,1768,805
412,233,382,2285,0,5,413,269,129,76,1101,1335,257,923,805,1886,922,402,1078,626
268,437,580,578,1558,403,1182,1338,118,943,376,1110,600,1087,978,62,219,604,805,513
855,316,214,2098,222,1719,107,105,686,1010,349,1207,599,911,1142,171,732,1653,1057,186
238,325,505,1413,957,31,10,1752,2563,333,6627,518,895,684,1358,299,334,0,244,580
4,1227,230,300,398,606,213,6439,2556,8941,4287,512,83,727,665,934,2672,523,10,990
475,723,2062,177,458,801,526,3616,1232,667,6415,2735,5126,840,2010,677,2114,1859,615,444
280,778,2641,75,219,27,799,340,635,13025,1710,8002,1924,687,3374,57,949,545,1393,1623
545,489,1,770,1233,2507,1404,886,7019,13680,1100,7654,3187,353,1172,426,662,192,222,316
398,455,307,1461,3,651,6819,4210,1310,2103,967,6,835,211,1137,352,369,772,321,1236
33,115,677,815,1201,424,518,892,839,951,629,624,1459,306,492,605,2682,897,332,553
544,1074,624,158,3,56,620,1121,847,939,974,422,1252,477,256,312,1207,277,1618,102
1134,995,51,678,548,1180,967,123,415,136,955,287,600,825,732,309,52,605,723,434
3,94,1300,821,630,253,1748,138,65,552,630,1558,630,991,427,1718,113,1659,403,742
932,903,273,1192,300,705,1044,523,133,381,1493,555,1209,2401,25,909,513,63,913,929
298,1290,436,475,1632,374,875,790,810,591,464,1289,839,670,347,949,642,33,604,691
