-1.2857659612211918,0.051199255466446554,0.9092278989299123,0.9003971077941773
378,554,1341,2575,540,143,675,527,1022,580,3308,4,1323,371,1054,33,2262,449,4007,2818
143,2367,1659,1489,85,681,1845,0,1464,11,1393,607,2030,469,682,118,2,113,82,2379
2860,2201,1377,309,677,30,107,975,618,104,974,831,514,1133,1141,1221,887,3125,1192,717
748,411,2177,271,36,447,377,1489,493,1066,170,887,12,514,176,158,628,494,1524,326
1140,102,645,10,480,356,995,720,536,113,606,366,1744,1482,710,310,1050,5,534,2592
506,2824,102,1303,373,3212,363,1765,0,118,585,1401,763,1300,431,658,146,427,317,49
1305,20,285,181,130,1418,4,29,176,44,99,182,666,1068,814,381,414,1984,1838,1636
52,37,515,782,303,901,1072,254,72,9,3191,72,896,1718,1463,0,2572,2662,765,2536
355,1876,966,1389,89,1358,29,12,602,869,2680,414,199,0,439,1271,229,120,2208,861
906,161,1181,2012,155,155,465,18,79,1,667,1336,18,686,4761,5275,3525,491,448,134
1964,310,1248,23,0,3,178,1715,1406,2425,401,2173,55,165,7576,5254,7245,2020,6286,748
311,59,674,71,508,430,2143,306,327,736,428,548,1094,1976,3750,7997,1913,1145,960,765
399,276,10,441,352,288,463,0,20,0,1696,253,193,288,593,6097,4360,29,745,3184
148,563,2205,2241,66,802,561,2757,35,642,138,373,122,110,513,2592,2820,2764,621,2329
2828,1730,1033,390,1036,1110,726,15,2040,505,628,176,581,354,760,407,4068,1544,1067,3503
670,332,134,512,508,226,290,89,19,3655,658,0,238,1816,438,483,676,929,1798,36
218,240,1,332,785,501,1243,152,262,765,693,373,960,629,2362,3783,349,202,1433,610
230,3166,275,59,1073,217,1663,136,245,304,127,331,587,596,0,724,709,487,396,1737
422,77,40,3,43,153,338,323,92,358,225,77,3021,163,196,2013,89,954,702,325
1222,1929,86,546,252,2227,4114,64,132,617,3,12,2914,14,3654,4337,2732,50,290,359
