-1.8248520465215485,0.003931926211137815,1.0470534274006567,0.8491608436594524
26197,589,716,1573,39,303,31,991,615,1,364,27,77,454,1028,514,1375,1547,18,6939
861,773,1860,39,675,266,1110,9,559,2219,1671,399,574,1,675,8,177,462,529,1550
11931,4010,4,770,265,716,1,0,1176,96,1,60,10,1813,862,269,2232,482,37,114
178,1,80,25,181,277,61,141,18,396,6,531,376,181,3,7548,225,2117,921,7644
108,560,1365,4,22,294,101,985,10,7,9,607,11,240,977,2556,229,1079,2654,586
1067,31,93,1687,1178,849,1188,430,1113,250,1261,914,4186,1306,2596,463,124,237,1696,500
669,1610,2,752,365,791,1,14,40,1116,851,325,918,106,4407,201,29,865,33,158
21,560,16,232,72,114,16,2117,12,0,1841,971,585,704,1,13,42,487,146,318
3410,1407,77,328,310,1597,3179,21,273,54,2670,2377,618,495,4,8,1,6256,333,3048
5,1437,7,2175,14,359,3,1774,3,2381,1288,2439,338,122,1912,63,62,3205,1449,58
2231,511,638,1199,45,216,1,150,875,15,102,15,1012,667,654,1,1857,1329,1191,254
1281,523,1744,51,1629,274,487,200,915,1155,119,1184,0,671,482,1,482,701,145,91
1006,389,640,1601,159,2,3,123,334,139,2,29,80,265,434,202,666,251,1184,0
2867,1417,1033,1,590,581,164,766,5,3150,35,1820,74,597,0,182,36,311,46,1717
270,66,2797,1186,391,215,2,1397,165,119,631,88,1792,680,462,1900,1848,1647,2386,2
5186,5927,1084,4732,677,156,426,7,346,812,224,588,134,508,2,2480,22,1471,2594,485
4,3930,1,1124,103,88,1415,1,5025,1023,22,12,2417,683,133,3311,1472,1350,2989,22
1486,830,18,472,54,98,1,133,113,1,230,1372,203,908,4135,1,11,1550,1,1200
3589,560,144,2838,19,220,2843,24,3,1128,1070,1776,1987,32,378,205,0,1133,2094,2525
144,277,111,4381,176,2075,1393,6723,1,1047,72,7799,2,1541,290,1730,31,20,0,5609
