-0.9988157116820969,0.00510781618358833,1.0507243532769226,0.9076899372606654
26748,2775,115,775,295,1347,910,1639,318,1623,946,1367,19,79,2253,1192,1252,359,890,8649
0,1320,1088,1253,7,2100,678,292,380,1002,390,946,77,1365,1183,1357,4538,57,1591,2336
155,1986,1307,353,193,160,270,1187,1227,249,2422,1974,2311,119,174,35,447,576,222,781
100,2287,3939,1064,1935,626,238,836,242,149,85,958,550,32,1169,289,1241,53,1740,1883
1233,182,1150,2,400,935,1440,179,8,211,377,0,1414,2,1236,702,2350,1924,1588,481
810,1670,160,1154,832,1231,14,140,665,145,648,750,0,411,106,739,255,730,432,1501
1432,688,542,1711,362,293,823,1353,1244,397,28,27,1675,458,1740,223,1632,174,906,882
255,1021,1373,431,447,100,1616,164,487,1295,753,1478,474,253,1521,752,135,0,2055,782
1493,465,1695,725,1019,1125,367,49,11,695,648,0,1402,1421,663,94,1236,222,472,79
669,482,1164,1523,1071,338,195,482,388,1679,145,374,734,55,107,892,473,2070,503,508
352,410,347,727,1657,166,890,1136,109,234,1184,380,560,719,448,15,1205,1239,3084,2048
101,1261,309,2534,359,246,1079,340,40,1503,190,308,614,1226,595,689,297,1506,723,1157
2083,449,736,1646,2121,751,943,514,1313,612,234,52,311,295,574,242,84,447,1052,952
1965,919,1758,867,1200,470,482,678,459,840,127,2270,0,3068,7,634,1190,462,0,521
3729,998,577,882,599,382,423,76,858,95,266,172,345,641,267,2021,738,1269,3375,86
1527,844,153,1138,295,276,756,99,695,0,695,228,516,5110,868,1731,393,63,307,373
1399,1556,654,2212,0,158,0,2026,508,776,323,418,438,467,368,612,71,1515,334,1286
130,977,2604,325,1842,2638,0,1243,727,672,419,221,466,376,130,1456,1893,81,1262,2137
887,1761,1278,478,493,1629,533,547,1292,785,128,240,547,156,792,0,1155,4284,1277,1711
5244,3136,1228,778,1342,366,1482,1570,1267,2279,1740,676,1643,731,1568,657,5268,1155,686,973
