-1.1451361330185028,0.050561864772899597,0.8848420686959059,0.9057204690818
166,1183,1426,877,0,5549,65,485,1421,488,734,354,1059,289,1214,49,2085,455,275,1610
1944,697,1086,73,246,858,3145,225,33,1458,510,860,20,157,38,2670,86,122,1424,298
1843,2228,443,397,1206,1537,639,212,1313,767,2293,165,314,3352,130,1835,1604,822,34,42
309,663,1235,464,120,1722,146,720,805,2167,1702,80,160,701,1180,270,2969,644,700,690
210,34,267,228,378,956,190,924,1301,906,283,379,1372,137,899,1326,220,1915,1149,458
1083,890,247,629,66,708,2818,721,299,388,1373,1885,213,134,249,451,408,55,1111,1117
112,705,173,2,394,555,1566,1261,462,487,376,763,1230,297,167,591,1873,1505,433,878
324,2630,248,15,1012,1855,986,2018,1289,58,259,262,412,73,195,1591,2992,2409,2030,3
162,450,147,257,70,35,1426,577,1195,240,559,1612,506,1382,327,1871,116,1202,1069,80
552,112,327,616,2972,171,382,1641,2180,1089,181,1309,1546,708,0,3018,632,56,2580,647
683,15,2000,10,89,336,415,373,503,291,109,576,1137,3694,5530,5056,9055,7692,1403,765
209,1205,193,709,292,201,1921,290,715,69,1155,1280,146,12,680,544,10765,2051,0,4122
267,1213,617,23,657,763,390,863,0,216,1187,336,631,1091,451,277,3738,3622,74,4472
31,450,675,757,103,492,174,130,170,156,1167,966,226,5290,1668,537,105,4305,7713,6073
172,925,47,4,239,738,2330,321,2199,272,433,769,1097,1055,215,1505,467,1216,1518,83
431,32,807,242,1121,179,135,88,172,402,1205,62,56,942,183,443,319,864,2613,734
50,51,344,409,95,2206,1329,388,40,1659,860,397,571,2690,454,839,195,2527,1059,1627
140,163,1324,47,1011,2324,1269,195,922,871,500,184,2038,936,2057,235,920,48,484,186
1108,663,2786,163,457,61,2,798,99,1379,1500,177,826,239,1053,40,521,1206,1287,121
754,423,416,178,664,521,724,446,932,1000,530,149,1697,1231,2161,1594,2508,1128,821,927
