-0.5509586499981014,-0.0050085908711043755,0.8748804233585438,0.9128847052622826
660,42,337,1177,556,897,601,150,1403,1217,1135,929,172,681,703,743,1058,642,1489,362
490,1217,1515,1319,351,815,614,1532,1049,578,414,1308,767,925,584,827,358,1850,585,996
1015,1031,488,723,605,300,1018,542,1338,991,1035,774,640,1256,885,918,297,627,674,1144
176,732,810,762,755,1020,1002,370,921,322,902,1040,856,619,1105,1277,995,402,682,375
455,611,1507,607,242,170,1286,501,1169,718,755,442,1063,260,1407,0,1272,616,1752,113
926,745,712,457,624,994,519,409,559,724,219,1058,386,472,844,890,859,949,266,663
650,249,240,948,1048,1017,802,1068,831,1263,940,731,1745,572,1246,629,348,992,744,319
1497,604,1492,795,1012,679,670,1556,1040,487,525,859,745,892,1142,886,51,831,1390,1002
1074,313,807,684,514,916,390,416,642,961,619,390,992,884,706,1169,579,556,1056,630
765,1019,1383,788,802,322,288,35851,913,851,296,1460,822,494,388,350,968,24466,1364,640
1414,645,1493,354,597,613,1233,618,1170,307,273,572,618,913,992,590,1694,550,843,708
606,711,638,487,492,693,606,796,342,681,1142,485,1454,687,272,819,732,627,1004,481
1151,795,308,372,633,848,728,611,364,492,1310,1114,421,823,794,534,635,1852,1164,1073
628,884,1138,1507,1298,418,1255,586,291,1726,802,566,1015,144,1862,869,759,417,388,1124
829,442,62,424,525,2055,779,480,828,616,877,931,1072,1153,1259,355,884,395,742,777
220,877,1047,555,887,1306,840,528,1456,431,687,1369,1526,367,535,875,588,304,972,446
2374,454,161,591,1107,1310,844,1504,433,1213,432,941,281,845,439,862,479,847,640,482
355,1797,972,376,1085,353,103,774,322,745,1342,846,486,1054,546,949,884,1147,1179,447
848,1152,844,880,973,828,1216,566,917,329,861,989,260,269,383,562,1491,978,323,859
328,741,175,1167,712,1462,711,986,570,1157,937,435,719,709,120,1343,2723,671,796,427
