-0.44740439798672554,0.052666790595648626,0.8982871030292645,0.982067043559861
1204,687,1034,943,2068,1671,890,400,925,1110,1005,1053,1953,897,2014,1317,836,1035,1106,266
705,655,1110,717,1544,441,898,1281,828,2414,914,1152,860,1129,1428,878,814,650,1201,1104
745,1529,735,1356,1415,931,632,860,1576,1377,1234,906,1294,603,977,731,1815,994,1790,1116
425,1382,1227,984,230,737,643,388,1807,1689,661,660,1257,1291,1006,1090,1236,865,1133,1164
438,752,1490,1194,678,718,1386,1416,1228,1265,453,983,1151,1304,1614,997,1525,901,1226,346
1132,783,353,232,705,632,695,972,681,1354,1645,665,1105,2146,1917,1947,1695,880,928,1749
471,649,785,258,659,477,1041,223,969,708,1080,2048,1748,1661,1159,1120,1186,1395,953,1539
843,170,575,1336,824,510,901,1056,181,2319,469,2297,812,2126,1481,928,1313,858,685,774
1673,955,1035,627,633,881,614,677,1035,1959,719,1391,2334,1200,1064,950,1334,841,939,1919
656,1400,883,889,1492,494,383,1165,1158,324,1386,1287,677,620,1075,1166,1087,1703,802,753
120,513,762,1201,1341,925,243,1068,498,825,1259,1587,1194,1712,1170,1001,1027,536,441,674
387,556,1843,1006,1280,468,1114,772,1310,1174,1917,1026,703,1948,1337,1457,726,1253,611,273
683,1222,548,377,202,1149,935,709,580,828,732,632,612,1031,1614,1497,1615,974,1657,1207
241,711,836,356,681,1011,764,488,711,1011,1321,499,1283,735,959,1721,747,557,958,1892
548,907,1083,626,765,886,1231,998,648,877,683,1844,842,1513,1869,429,845,355,1054,983
465,487,163,258,947,1173,1041,1366,896,1095,819,471,1391,933,872,869,1226,464,1291,941
687,342,579,1337,678,741,211,171,669,824,634,1334,862,1713,308,1057,621,1184,819,953
815,587,419,1046,554,352,626,1054,1123,584,638,1528,816,683,1548,343,619,588,645,578
190,793,642,793,484,100,1109,663,1047,1032,326,1159,1633,1088,881,1138,961,364,774,269
1737,879,1104,1412,695,1033,475,589,1020,135,639,739,1197,658,815,906,1691,1472,736,513
