-1.5118970705626944,0.011264129224504302,0.7847742879551763,0.8505893780120181
309,16,200,215,742,534,897,25,581,81,72,49,1029,172,2749,53,112,120,712,340
361,677,170,0,19,20,1070,376,1637,2763,2711,1678,3970,133,75,69,27,41,321,0
127,496,23,37,4,974,333,6382,380,6427,375,27,4526,387,157,38,1410,448,359,297
0,158,421,2840,73,523,0,1417,212,696,3589,503,5,32,151,734,211,430,0,331
100,15,73,150,529,854,446,566,10,21,120,1378,677,1181,1382,707,5159,42,147,583
1579,356,924,3020,321,1134,2295,1966,496,5157,2030,489,1593,4184,1308,1182,26,611,3277,544
246,410,207,1040,522,151,265,3239,1063,265,647,0,4085,1342,1202,5483,832,75,2598,14
150,2,636,770,2064,5081,191,1746,345,1701,5805,748,145,142,85,102,602,702,412,345
99,628,407,173,2634,41,6107,114,677,1780,591,153,152,89,412,1633,265,22,352,248
2,53,1503,392,3365,3066,9,1251,581,444,6466,8685,1960,342,153,800,1113,3216,781,16
51,0,284,0,16,800,641,605,248,540,10884,28,49,104,572,128,208,5365,2183,122
278,1412,12,284,0,1320,452,0,3519,3030,2089,874,20579,914,84,12,111,139,198,2399
298,1426,16,406,1273,2,774,56,61,15,0,145,2577,158,120,1250,22,382,378,407
96,608,3176,2170,234,130,1278,1935,5281,10,120,944,83,463,2751,2575,110,1597,809,57
10,115,43,221,7,192,1,1566,219,108,86,8732,1280,111,3237,563,1292,64,372,0
0,260,86,326,161,421,2,525,173,333,341,368,9,869,4342,201,4069,209,1454,2532
59,95,1322,2489,686,80,370,255,673,436,76,335,957,83,1314,15,2425,420,188,880
4479,69,299,372,1943,297,950,298,454,584,357,607,92,408,478,73,14,6,2878,286
4,14,264,446,385,540,223,1645,2113,38,135,195,744,1515,3523,836,116,144,24,140
25,350,595,5,460,1838,650,522,400,3525,452,1162,184,141,34,58,472,0,666,16
