-1.6548813181978836,0.05084299402508613,0.8982204337666339,0.8880968647742703
713,1180,1973,1028,285,360,713,1177,801,516,2840,1,1082,751,993,28,2343,1350,3623,1883
387,1164,2652,178,42,406,2705,60,872,47,742,2924,3096,80,27,166,1746,506,306,1338
1,715,1039,291,209,8,12,1284,522,183,515,839,184,164,819,2601,1412,2828,1769,3203
4,176,1753,35,5,459,472,357,949,100,23,374,13,797,214,2,1046,166,3150,273
849,515,442,13,388,2611,1452,584,46,1,636,193,1406,1410,414,308,447,2874,1549,1833
806,2437,1,944,105,1196,142,627,1,48,393,2,619,1036,1617,833,265,904,111,1009
879,301,13,579,640,306,1,22,424,194,53,1,2052,1130,40,1,1,1756,1641,1103
8,169,347,148,532,457,956,275,21,15,3161,2444,662,9,61,1520,2020,1658,1649,2698
136,2041,933,1924,130,384,143,30,540,1141,2051,20,645,47,182,1626,2,2,670,222
169,243,878,1500,486,56,5,1,24,1,774,645,14,1749,4605,3321,5,103,366,17
1005,170,1848,47,2233,1553,1,165,2275,538,392,1546,489,519,9642,4760,7878,3354,6209,737
72,162,177,1448,1251,464,1439,1477,1365,1190,593,15,1280,1669,3201,7255,2487,274,220,22
126,822,85,1901,73,6,434,433,6,84,1418,133,72,94,26,5557,4457,10,2118,2969
264,5,926,94,117,331,68,2274,230,112,1,795,13,88,26,3889,3498,3320,2075,2135
3842,16,1182,1358,1034,2488,838,110,545,474,1,130,833,253,247,82,4496,3823,765,1770
920,95,42,42,154,361,56,297,118,3181,39,2188,312,2662,105,946,1012,378,1273,8
1104,372,1,1071,746,837,265,323,1138,1304,122,1187,894,1432,1520,4610,483,910,3724,1035
692,1093,508,2,76,423,1814,323,415,199,167,610,1051,917,109,1225,2613,1,221,1888
228,37,111,13,55,1,1417,250,13,5937,254,298,1358,816,38,3545,8,197,1205,541
61,1459,155,716,121,1525,3230,1016,132,225,2257,24,2583,13,1784,4288,3171,1,427,17
