-1.6154088625773209,-6.746107286117456E-5,1.0485135515472013,0.8496839328802636
26615,299,12,1885,5,58,32,396,651,39,2077,53,165,337,692,1004,2174,3342,212,6371
825,1683,2438,16,675,250,1312,13,0,1185,97,324,559,1,388,1811,181,3,497,102
66,2538,4,638,266,882,866,1968,1320,24,1,19,441,2952,976,1790,2115,0,214,931
128,12,80,1,1,725,77,151,17,793,23,137,482,183,17,6299,4,2052,992,7644
281,1344,1107,152,270,661,79,1147,9,373,834,58,110,399,534,3258,360,609,0,1121
1050,336,91,1609,975,142,164,537,1035,165,2276,960,4677,77,2857,0,240,242,470,181
0,787,2,920,284,125,375,34,581,1125,948,2394,928,34,4311,201,16,171,0,215
340,0,8,180,0,1066,560,1939,532,1166,146,577,29,366,1513,13,1073,963,1446,142
8287,682,1056,345,831,781,1509,906,174,56,2729,1527,605,984,4,79,323,5164,2067,30
421,1731,82,1370,24,10,506,118,5,2300,1660,2236,241,92,1148,165,2254,1075,2083,43
378,155,934,1195,28,240,3,102,1110,258,1,410,1212,686,1185,1,1845,631,819,811
310,1037,1632,18,705,91,180,129,1360,937,264,1586,559,1568,0,302,532,234,185,332
350,308,567,858,282,239,285,666,298,232,4,87,36,194,355,323,438,343,520,471
1073,312,78,1,1022,594,606,867,103,3143,13,1958,95,1483,327,188,881,58,37,1734
314,17,1379,808,464,36,49,1282,197,0,697,0,1285,413,446,158,2018,1885,2487,181
4030,6096,969,2221,4,789,14,20,1217,957,216,561,302,142,98,2480,11,1798,1133,823
262,3141,1,1370,364,153,3486,49,5464,117,21,616,961,413,135,4004,1174,74,2200,23
1303,1724,102,700,1644,382,127,4,1413,40,138,2572,12,8,3416,1,28,3495,193,826
3494,806,106,8,15,144,3118,206,0,517,0,582,731,25,638,117,51,1206,2094,1695
75,12112,148,3906,1256,489,1789,7806,57,1220,1,7566,111,2191,286,4763,125,5,89,8473
