-1.0622849467622446,0.0461780888636775,0.885667344944993,0.9054390315969516
227,1183,1063,968,167,4499,114,1453,1421,1854,133,353,1011,169,977,292,1519,817,335,934
963,751,1070,135,0,858,3232,841,570,2000,459,836,878,402,0,2102,618,211,1424,214
1061,2157,443,287,1206,320,2253,331,1823,760,1340,270,892,3352,417,1704,3485,726,34,34
1073,513,1412,171,19,1600,71,763,805,420,401,113,167,2203,2128,194,572,374,939,1610
210,73,267,139,946,1326,543,0,1266,500,268,19,1372,149,584,1081,83,367,1173,683
690,1028,267,583,128,606,2818,714,178,851,488,1741,925,268,229,487,399,85,480,507
405,705,438,214,157,388,878,379,462,464,610,438,1483,225,167,747,1359,1649,433,866
597,1563,455,402,1012,90,2648,2345,1285,197,462,262,125,194,297,634,1649,1624,1573,0
184,384,222,185,109,190,79,652,523,45,1552,3679,1457,1373,201,4290,116,2054,1498,77
461,82,797,616,978,52,376,392,3202,2123,689,336,1722,752,199,2476,951,1041,2952,616
804,129,2041,12,0,368,415,2605,1171,200,779,586,582,3694,5366,4555,7786,7687,740,472
171,570,223,685,292,209,1149,324,1136,107,1019,3132,126,39,270,570,11986,2137,2289,4010
515,314,449,25,803,232,355,335,0,216,721,216,253,1217,836,277,2147,4186,75,27
456,536,793,999,0,258,223,313,860,171,289,773,25,4302,1512,537,854,3116,7493,7957
107,1409,18,8,405,190,2415,664,1262,138,435,1452,0,1102,160,1381,856,2039,1360,79
393,14,807,246,1121,304,164,297,291,398,756,302,89,511,49,337,582,1241,2653,310
37,231,344,421,680,1157,1207,263,90,481,531,933,927,3419,167,238,326,121,183,322
167,241,1166,707,2775,1761,1445,81,51,845,511,184,2042,1011,1253,5523,607,0,747,1238
1554,1259,2118,298,457,181,209,589,168,1428,1129,221,964,219,1153,689,687,1303,1711,47
557,233,308,177,220,363,1567,1133,652,1000,131,347,1683,1897,2351,1247,3353,1034,2565,905
