-0.8534685257337635,-0.0016806035705438998,1.0502072097137625,0.856878692233525
46726,1050,533,493,562,100,273,310,200,476,345,1392,431,397,179,818,2161,206,1350,26778
297,0,636,1877,789,628,114,67,2219,1397,171,278,1561,921,190,508,657,1945,457,1417
1061,264,7,1422,150,134,871,26,797,482,1310,190,378,913,1378,979,687,728,1035,1222
683,207,374,431,232,819,421,918,998,385,280,1229,0,516,99,394,759,792,239,619
428,643,124,235,281,1927,532,485,1334,1272,11,903,418,1169,280,1725,244,633,1212,307
536,3236,1001,1235,0,1641,1249,870,328,464,489,349,430,588,674,417,311,794,471,340
613,479,1488,808,629,271,777,816,750,889,266,1011,79,363,221,428,1929,581,836,1339
454,476,263,268,446,362,4,849,0,182,320,709,512,729,549,884,929,1061,293,248
430,254,448,668,0,1160,751,775,457,570,1398,234,707,240,598,41,2840,1023,215,393
1211,354,363,394,685,594,624,1001,455,628,837,231,354,1144,156,721,273,430,244,218
195,1380,447,1171,408,753,413,179,991,1860,283,1128,582,1132,878,1276,546,349,633,577
485,176,1660,2712,103,771,783,990,649,687,206,556,638,1464,481,1363,1768,107,446,481
478,405,409,739,2366,38,391,747,240,6423,180,1046,386,814,543,85,1454,383,534,312
1283,559,1369,13062,544,866,957,1155,292,325,1513,79,1375,890,793,264,45,131,780,821
938,346,340,75,1120,214,125,488,2929,584,1056,308,1164,1186,1850,442,983,1534,597,529
528,652,167,982,385,1213,1174,1317,331,145,651,662,692,609,137,1028,1725,1631,739,449
974,607,805,3585,166,808,521,507,1687,380,419,231,11,233,486,1096,813,338,182,1943
407,727,526,1064,974,165,931,963,838,79,1149,811,942,1777,1209,505,687,1162,244,649
829,8947,284,0,1679,1442,795,1094,595,421,454,762,316,867,1439,1066,1496,4330,885,1288
932,42,201,792,351,251,686,998,973,581,677,388,544,730,331,457,1310,1184,550,216
