-0.7113922850694052,0.010620032450067563,0.7871610977705257,0.8538766411380297
332,2463,960,681,726,394,325,751,1645,451,590,34,1095,0,886,773,837,778,465,598
581,250,1556,976,452,930,495,852,993,601,521,652,767,611,1899,486,395,903,481,557
1478,377,465,227,669,634,58,321,867,530,659,3135,673,3295,198,1591,476,858,325,983
383,970,857,526,738,1060,130,1161,1734,394,690,2586,9038,338,496,1673,388,886,547,1164
949,30,560,658,1222,495,1130,687,306,770,1066,474,951,904,422,499,815,490,490,888
130,411,802,845,0,623,418,867,391,741,598,981,732,254,545,162,605,82,281,360
936,1298,980,1706,534,646,687,861,283,1701,679,477,521,579,125,375,315,396,1072,700
591,1116,848,862,849,1011,428,1030,492,1298,1821,1047,861,795,456,246,1019,543,605,158
289,880,349,648,665,1795,217,679,1725,403,550,52485,32704,624,392,887,1403,158,1173,487
1318,246,719,1504,534,758,933,872,489,376,724,1288,680,478,314,155,1039,422,216,265
851,678,385,183,1499,431,712,764,1149,905,2794,309,1144,471,598,613,325,676,1505,320
330,1429,1003,886,272,628,385,918,988,480,808,514,513,1391,168,691,317,877,907,510
747,112,978,7181,152,348,530,926,852,567,697,587,1033,253,1019,251,21,381,616,498
664,371,592,1206,598,82,667,404,657,871,633,61,946,1267,1364,141,472,640,844,942
409,569,153,1500,1055,184,134,961,332,735,438,727,755,428,933,1066,349,567,909,304
225,778,788,663,599,759,22,334,385,399,960,1185,255,198,515,207,566,965,1678,405
507,720,454,995,384,724,844,175,372,273,659,799,880,539,1055,914,430,1362,694,427
1634,301,103,393,490,1136,952,646,632,853,381,854,136,1072,773,328,606,610,51,817
757,507,226,904,185,1303,614,962,85,401,633,1054,381,971,730,69,181,1061,371,652
862,503,517,370,1044,103,640,575,638,1117,541,659,1349,753,193,970,238,305,931,1242
