-0.7776646823134036,-0.004743356434328339,0.997977731486917,0.8428402346885716
540,682,596,270,835,864,742,131,427,706,1007,764,1403,1292,898,37279,1103,430,339,89
1487,202,497,742,327,86,517,1390,257,444,444,1200,430,58,414,116,473,704,546,1067
1113,268,674,1617,598,652,947,786,1503,161,176,1001,559,146,521,177,410,783,422,297
235,363,267,981,450,559,901,352,459,263,603,1940,155,520,617,1250,750,207,657,1639
817,228,607,1054,1205,359,785,163,1258,481,137,629,7,144,772,561,1561,616,666,183
132,704,1209,960,780,336,823,1204,463,787,1292,561,1068,395,521,680,414,367,712,689
0,324,235,483,15277,413,242,378,885,561,966,968,351,122,1627,626,754,1408,533,295
802,417,1425,981,511,446,761,480,762,268,688,35,981,846,745,605,259,954,347,404
694,506,643,463,590,774,363,488,1058,732,474,963,482,389,797,356,348,155,791,888
634,16487,544,461,1614,700,866,374,587,773,553,0,244,487,471,1108,731,460,595,655
721,277,814,242,560,2189,274,468,502,6447,548,206,416,993,1080,364,497,302,273,1210
571,382,479,70,369,0,461,335,487,641,346,602,886,259,666,430,863,1178,664,14438
327,1822,1501,994,17,765,165,984,708,465,457,670,580,508,279,262,1911,666,592,240
1472,1294,332,608,484,119,875,416,637,685,597,282,974,263,877,999,988,994,620,424
322,1399,841,534,389,338,678,1036,2876,380,1402,546,468,303,11,699,363,252,776,134
451,1132,270,825,0,587,0,53,1201,519,818,1086,241,201,1559,253,308,528,444,144
901,510,442,205,493,1719,2051,436,898,713,926,721,342,545,578,468,553,1160,277,886
571,821,1408,763,761,503,1117,509,735,116,416,587,905,686,464,373,1832,1047,593,237
22376,553,532,599,491,158,741,569,686,782,280,280,277,1010,240,645,669,737,610,263
546,662,826,477,1196,619,357,204,725,126,1098,78,439,22064,590,998,442,616,1159,436
