-0.7614286154456015,0.007987588060718363,0.9989214685890089,0.9514832778460572
2437,502,2370,3854,804,2117,1198,1629,1617,1022,748,681,273,1272,1264,258,2262,289,721,12153
620,864,1919,1490,1335,191,1371,885,660,1296,32,105,1837,1176,923,1861,943,281,1243,1348
1720,2232,544,847,435,727,2531,552,110,506,558,493,1276,1742,828,649,1020,1242,164,102
1344,47,0,871,1119,1127,966,2088,71,831,688,1555,1005,1239,309,1248,1009,1320,2304,1741
276,874,1345,537,1303,1663,1881,1078,1094,385,275,894,1353,1419,566,15,293,842,1464,1082
762,505,1138,2399,784,876,122,448,360,301,520,461,1739,305,444,825,277,321,893,587
437,817,612,755,616,733,41,1297,1595,760,1548,205,820,386,6,1270,972,166,1394,1507
32,2834,648,421,844,690,1651,1971,1037,488,0,322,487,524,735,766,759,1554,44,1431
1238,20,1343,437,1816,959,424,452,319,689,928,192,1970,341,1224,458,613,1332,887,519
1229,2180,544,797,563,648,529,1367,944,502,691,202,470,966,1095,907,1086,444,119,311
1207,1570,2167,490,154,1044,279,239,569,554,503,1085,0,1180,188,480,800,1805,734,532
462,0,482,1003,322,1378,640,790,289,389,591,685,1176,835,567,360,1210,267,1123,680
1488,1127,16,1127,1047,268,1523,917,539,437,257,892,178,1281,483,1577,1288,1349,2992,509
1436,1021,1425,678,523,1099,852,634,323,394,193,0,1015,2215,953,1327,189,1335,1791,99
786,2094,380,888,8,228,811,227,648,746,0,304,966,565,724,829,1387,1249,512,2244
426,878,518,1840,555,138,203,910,563,558,1377,91,650,709,972,117,1679,861,856,689
2410,3405,2487,230,1367,608,1183,1412,910,1830,124,2017,415,593,266,484,2213,1420,396,1688
1160,3338,2148,210,806,1196,1424,1016,497,1837,742,2686,1184,338,363,746,696,1125,557,2660
1590,14,1,1281,1031,1814,1071,1289,3015,912,914,1055,921,231,810,387,112,1253,1937,2874
519,0,1033,893,1842,803,1142,685,1369,480,1219,659,1076,1286,1327,2068,812,949,2165,1391
