-1.005539049614052,0.05288971057946279,0.898647544644968,0.8987889573991951
2743,322,1168,1271,2263,438,581,633,907,229,127,610,1080,3206,809,226,3121,825,1556,851
510,546,175,314,792,991,325,1614,2618,1421,279,547,986,1049,141,735,481,223,1227,677
260,1051,51,336,355,222,312,589,397,2018,796,199,310,624,147,488,409,666,499,95
1140,1189,1039,1886,441,1067,132,251,127,752,512,245,48,415,484,1242,437,549,237,1446
537,1204,1017,1034,1433,1100,402,1647,325,1075,97,552,33,316,147,807,129,409,1420,1944
847,95,1098,1573,226,60,496,1237,358,220,943,331,464,44,317,50,958,340,2825,531
2993,743,363,540,1130,325,474,313,384,44,697,655,570,1049,968,2601,23,1170,579,335
211,465,293,259,47,961,212,0,448,331,343,798,434,23,462,260,1102,389,1037,527
553,118,662,35,585,547,283,428,705,2610,486,789,614,468,183,7802,92,81,1476,86
478,1468,1267,329,920,813,1542,1029,1380,749,0,263,5068,850,1248,9681,1281,480,51,686
385,84,611,175,72,1203,85,0,754,131,187,259,306,1443,12385,7028,9695,5054,771,295
875,829,182,2355,3185,453,656,1158,850,253,748,1043,355,90,1525,2407,9255,3427,1961,416
193,1099,233,788,224,363,525,1977,1257,461,607,859,727,1620,14,6331,6181,0,0,4170
617,664,339,842,464,319,252,2030,810,124,44,538,1271,622,260,663,336,416,6890,5495
648,1030,280,2579,556,2727,978,466,345,594,319,440,0,150,214,272,1780,2706,169,925
38,667,417,858,395,246,427,303,334,267,636,193,465,726,651,825,1732,919,617,3180
29,295,334,872,1694,1539,289,1836,274,182,0,388,770,588,1711,106,1384,39,752,549
781,553,1964,354,1177,776,925,329,357,779,200,1516,239,394,795,903,967,323,92,529
679,752,869,35,143,282,805,298,505,243,371,3271,376,633,1905,341,1481,3393,2176,186
5408,272,625,142,1804,261,717,1026,639,917,0,207,639,329,261,1006,1889,1958,2849,2209
