-0.7505800609572205,-0.005218799959837275,0.9778889089299293,0.8539781656817405
731,736,455,556,671,1455,799,254,665,1265,1784,868,1210,1025,344,24298,895,467,671,360
893,674,403,874,240,468,323,399,644,323,352,386,844,727,1576,699,260,211,732,298
678,679,589,771,1606,319,817,738,860,133,912,895,400,280,773,449,1012,596,689,335
410,781,893,786,629,483,842,203,647,655,484,972,210,405,449,546,609,206,506,1413
655,262,51,976,860,173,374,169,287,863,589,870,1093,131,842,533,2324,359,1023,570
1116,0,1911,1447,617,378,313,1317,114,1766,910,165,740,46,264,185,736,380,599,946
484,517,479,345,15394,554,1210,282,814,364,488,766,299,417,744,491,817,1374,692,636
499,342,510,592,467,592,1036,13515,247,564,305,465,699,419,683,724,229,1135,688,349
539,566,631,300,605,762,394,914,361,633,1259,144,899,483,544,653,294,585,1257,1030
429,16650,526,315,772,392,1047,393,849,779,698,813,21,337,436,1181,640,615,639,538
463,574,171,136,562,887,79,321,1309,6810,411,320,651,952,1000,1053,626,252,296,422
672,405,354,192,458,343,301,509,572,634,429,533,798,337,879,546,308,874,661,15452
474,1612,758,270,700,325,732,965,236,615,322,608,1115,602,169,51,641,323,580,540
0,380,858,379,362,683,974,368,536,356,874,186,996,814,1330,1350,491,2111,945,238
381,1141,258,1056,91,894,337,558,1459,387,1031,645,588,801,800,662,439,553,0,301
625,1197,470,1088,939,220,885,44,1461,653,692,336,277,431,1492,282,866,663,1125,570
406,641,270,395,329,503,544,535,444,683,783,1419,288,668,845,399,297,342,378,583
554,687,507,791,179,386,501,430,371,648,5,982,2039,582,406,557,1674,827,404,927
22224,203,144,395,594,721,516,273,2075,681,584,367,327,711,967,711,482,889,686,1139
1076,344,649,501,250,675,1283,1180,31,554,1059,253,665,21678,1001,801,599,511,595,382
