-0.56369304218108,0.015820044142477688,1.0000138642236183,0.9672313187973736
1021,1963,3244,1534,716,1604,1052,1349,1194,1401,1686,810,1366,1411,1487,733,1787,2063,1011,12239
605,894,1167,1269,866,426,872,1262,1072,842,389,887,2629,1456,682,1645,218,1268,1072,1946
1762,39,278,1499,853,670,1058,1770,760,689,553,430,947,1258,871,172,826,1383,915,1006
1105,1283,475,1151,612,1190,1904,584,1179,615,403,647,228,847,467,631,716,1266,1452,1075
1322,707,1964,827,1274,1303,976,1589,476,599,210,1444,652,674,520,188,1409,504,1311,2135
985,940,791,2331,411,534,945,1477,170,901,906,615,1029,658,578,362,1152,1252,302,980
847,1051,775,508,58,499,1062,410,473,501,610,282,1249,983,452,572,1332,766,1286,772
566,979,705,1271,832,587,727,262,414,338,1043,881,787,1452,645,768,823,1404,710,1694
3760,1060,2091,644,646,2246,280,668,433,1244,659,528,1272,605,659,589,591,422,72,1421
1582,1677,1644,1398,1104,552,375,384,151,651,1110,814,626,1025,1385,840,973,384,83,513
1520,24,716,410,769,585,326,645,850,469,670,617,1065,1466,376,1067,514,174,1030,433
873,812,503,370,389,1050,903,767,821,547,1929,1119,507,838,545,527,1355,285,11,748
821,1021,752,650,930,430,1967,759,1043,110,284,751,1507,686,584,905,908,648,967,1475
344,1264,1836,539,1316,297,510,398,500,353,585,563,511,1698,711,560,988,1205,560,589
1258,789,514,1114,727,354,467,278,312,407,714,774,386,688,953,1035,1344,890,1256,2029
544,392,1086,938,271,880,702,693,720,667,933,262,1005,518,1175,878,642,1422,648,520
1297,2067,1338,485,1183,1486,1638,787,862,2434,630,508,318,587,384,849,732,787,1675,969
2037,1686,1170,253,633,851,931,848,1645,1381,650,753,1057,463,1008,1496,668,1481,624,3353
1320,1572,756,827,1843,342,761,762,1221,905,1589,752,1186,509,1418,961,646,1817,1466,1743
1021,1292,1036,665,1987,609,1099,748,603,1558,1082,910,1105,997,1746,1611,1156,507,1876,1770
