-0.7751878893678635,-0.004048649151548513,0.960138328745127,0.9138321323645416
7002,489,14,948,1641,664,410,303,704,1182,663,414,1158,1871,223,1344,1396,3,0,11395
986,541,775,1757,1188,1337,525,1549,482,874,949,1497,726,831,1111,1321,1314,397,1147,0
392,1972,782,1229,298,732,564,680,686,1663,350,661,923,454,779,456,474,489,965,1291
1057,230,845,837,465,1221,127,1082,370,341,470,342,1139,55,103,1376,446,1211,869,636
251,1088,672,724,432,424,18177,128,1024,360,432,700,344,1289,1211,245,354,603,1256,0
437,463,571,941,544,1289,848,721,4721,320,367,622,511,67,359,417,949,671,141,375
778,363,519,11,1691,837,532,439,98,1537,520,1339,461,1010,742,451,40,639,604,806
650,335,682,1336,324,832,453,951,877,566,1519,1288,648,1439,395,215,723,165,404,774
375,831,828,3087,1150,602,777,150,562,791,701,933,1386,853,2533,691,677,814,1722,229
621,370,1238,490,0,622,11433,245,1108,792,1143,1173,868,473,532,456,1917,889,941,646
548,196,295,580,655,437,566,531,505,669,1225,815,280,901,125,512,1032,605,0,253
612,2304,278,1432,1200,544,256,1089,870,431,380,338,1286,1961,971,704,163,1178,732,369
15681,432,505,565,1446,241,776,745,878,302,255,1827,337,1916,532,661,1212,743,1014,534
877,698,598,1007,685,1128,638,358,848,856,146,320,488,279,320,572,1254,482,708,660
650,1446,1479,409,394,1451,339,180,784,262,165,858,900,7,2247,724,590,1088,206,1194
520,604,682,264,584,1638,562,1522,409,1041,599,584,6,725,397,1828,2228,684,427,807
1949,444,1348,5157,257,1097,627,1471,0,1370,918,742,248,202,499,509,1011,496,1062,1614
1138,393,608,1227,915,421,838,346,702,1156,1175,764,851,921,2177,181,4982,379,1289,0
791,447,1303,393,860,148,1042,743,790,1932,658,400,1018,1208,1021,281,1250,5505,1297,782
1010,34,521,453,850,1018,236,915,1145,585,388,553,291,381,976,1122,1340,1120,889,4859
