-0.9482834847741352,-0.0028712185108090912,0.9086696890017463,0.8498890317829625
296,151,567,230,227,2160,1702,7,823,593,989,319,23,14,779,1760,1198,151,431,1782
1496,395,1143,341,500,344,15,1005,1291,129,1498,1018,1036,563,703,839,317,554,716,701
205,768,458,718,738,3015,327,532,185,414,304,133,814,5577,53,378,453,194,1527,380
739,388,2577,263,812,133,90,120,1004,288,479,350,22813,73,409,572,0,694,124,523
610,1116,855,849,160,1203,322,255,1095,437,1412,526,604,349,358,1033,1121,7588,207,390
430,975,655,202,305,327,380,1108,467,856,1372,388,1079,2555,366,1221,767,617,0,238
518,95,508,1682,362,815,614,550,1075,632,1713,233,1347,242,602,1132,1447,702,896,48
464,700,1121,1129,651,141,274,183,250,182,945,519,631,379,2185,255,1366,1147,240,219
387,155,224,671,838,106,288,691,349,431,415,435,144,602,506,629,1765,829,357,1018
632,667,1077,769,50,256,185,571,485,567,86,569,612,19,936,743,1866,1405,215,1457
1920,711,2292,1142,546,544,828,627,387,230,359,313,89,217,1004,1799,222,1994,370,560
824,2348,765,949,0,1042,359,148,1620,291,2400,861,1053,555,699,42995,1688,1949,336,806
1060,563,431,502,822,719,192,391,889,1029,1012,572,30,283,162,65,1671,1117,742,199
663,569,275,923,378,93,491,1206,1780,491,465,539,302,4508,528,243,837,128,2841,23
323,1746,595,1353,1967,371,1013,1610,400,1983,581,776,964,102,671,286,368,269,845,509
336,184,80,3619,0,2499,105,1309,130,1368,5673,780,1446,65,0,204,745,1010,1154,581
404,508,475,83,403,1446,641,478,461,1360,195,252,0,310,747,572,93,1168,86,459
96,863,350,484,1856,179,230,266,251,551,924,1273,985,408,663,482,0,152,187,3049
1525,740,242,209,423,92,119,500,1340,486,935,90,473,1833,145,67,538,464,785,1153
547,20229,454,174,566,1664,1232,530,54,474,781,95,346,667,68,613,1223,143,1182,1252
