-1.217867423393147,0.04820868862026657,0.904451110815922,0.8995237986724097
0,832,214,978,998,616,191,515,152,886,2880,235,648,177,918,8,2542,3016,4479,1171
367,1015,1041,0,70,97,457,410,1151,363,851,1623,444,225,269,1230,1344,200,1021,7258
186,1187,340,317,473,855,71,81,781,133,1157,985,829,84,724,1711,519,2829,2158,2826
1296,181,1024,52,253,225,467,14,155,1303,52,34,63,1524,206,84,804,621,247,271
847,202,395,1052,27,111,901,725,319,785,595,730,812,1150,744,317,478,2694,1507,939
1636,1752,45,2193,254,906,965,296,332,1143,612,708,2172,503,966,1360,333,471,173,946
920,606,2268,111,15,146,35,101,707,226,1046,408,1895,425,248,384,621,1398,405,1158
44,208,294,1,1253,623,396,1490,46,62,2053,143,522,1179,48,101,879,6510,543,1638
504,288,1202,836,270,457,557,28,3646,943,903,342,1264,1,158,3053,177,833,76,1497
3155,265,367,76,276,1583,261,186,552,110,572,2355,408,155,2638,3483,235,1410,949,385
441,184,83,129,1754,501,58,825,1003,365,323,838,877,2,7996,3900,8240,676,5305,921
475,1762,363,62,427,147,2612,420,32,575,110,223,6,4801,4221,8498,3435,499,216,291
258,663,3007,3457,82,5,193,16,660,420,483,533,206,329,551,7842,3999,0,2920,2494
397,388,1078,1944,140,227,1013,741,1588,530,2949,204,8,1488,976,4736,3120,1895,308,1982
2162,207,2411,553,3,786,1431,1,155,612,41,307,66,113,838,0,806,3474,1227,1263
328,61,507,105,1437,647,503,917,611,210,2487,798,322,981,259,918,2074,366,716,1324
832,95,344,1362,581,3681,17,1040,123,1388,62,387,151,1137,1450,5453,582,116,2664,42
626,2574,491,161,75,450,1927,343,69,189,288,961,126,0,348,337,1523,171,416,536
17,1306,512,31,568,411,1091,552,335,2232,321,279,69,223,978,2275,108,1187,196,7
1010,3360,461,2100,462,733,801,997,367,557,1864,267,2535,341,491,3352,1786,268,351,1212
