-1.0602128188377675,0.04941487350820986,0.8151024650821767,0.9039575164069198
304,1931,39,389,0,1640,194,1099,1035,920,282,2405,1192,670,746,3200,1106,406,772,50
750,755,1950,427,537,83,1606,538,539,403,609,409,249,369,87,61,391,405,104,0
1208,1178,1036,109,873,11,1210,419,265,273,155,480,801,906,224,3175,520,154,241,317
474,539,96,150,0,449,620,257,1893,1567,251,648,9,1316,413,1341,277,1200,507,1116
275,73,188,112,426,2142,580,146,116,1045,1347,706,1263,1209,414,50,1530,632,106,57
321,60,649,0,150,414,226,40,275,52,184,2070,725,862,169,186,432,503,2,451
267,1529,2770,2678,266,743,535,488,914,1597,571,1110,358,274,173,53,159,145,435,18
2610,393,3377,1525,200,460,822,1043,855,1475,806,1390,90,491,416,345,1452,589,1212,1335
2537,499,1559,2478,762,223,1899,2164,3358,1340,6986,1342,1135,187,277,0,499,891,5,67
1477,802,2097,0,128,635,152,4305,2513,4975,4752,1424,312,233,63,1510,2215,772,0,1257
1391,59,92,859,1414,374,2894,1644,3625,1281,8214,1375,6742,1052,1187,509,330,237,389,3304
694,1157,290,1152,710,465,567,351,486,8306,6544,4065,999,0,411,433,29,348,1093,582
1772,1577,551,465,802,1837,1248,886,11429,8798,747,415,2718,193,1433,292,903,468,787,0
321,392,472,148,1529,386,1011,996,1046,776,1777,1524,0,343,230,115,1507,2062,287,0
1183,210,1846,34,1299,0,400,0,376,2018,1421,764,975,58,487,483,3741,785,212,1228
1130,65,792,350,915,0,636,612,563,378,0,350,1392,9,1032,515,59,185,1693,203
126,2195,3053,258,2427,800,877,265,531,200,505,204,899,519,520,162,1489,1080,2138,833
551,119,1492,2132,368,522,1564,705,1214,915,154,676,77,456,524,727,658,285,555,84
709,59,295,731,53,152,113,472,1087,6080,2351,1884,120,1608,754,585,225,87,1165,1811
397,175,172,2058,1667,438,776,2419,52,550,244,568,1598,781,766,1372,488,872,1285,711
