-1.5440954810556122,0.001323775332509793,1.0329768286721823,0.8490698080205922
24168,125,712,2040,2,8818,785,136,386,40,826,618,124,275,1028,1182,470,0,4004,7424
215,1200,1151,145,6,81,484,120,139,1523,1838,867,4,308,108,1256,5,528,848,3261
14920,4154,28,266,646,1927,482,526,10,235,201,136,118,1236,547,3,2504,274,166,1950
79,92,4,372,409,307,872,1199,7,372,109,368,621,848,41,4099,0,771,1139,4208
977,736,113,10,16,17,1639,242,256,1165,220,408,13,0,15,1752,1755,57,575,109
1719,576,5105,549,122,116,447,101,105,252,2622,374,500,2837,2781,444,1,0,1425,2216
245,2160,565,318,165,29,13,325,861,24,419,232,3692,139,4912,11,844,182,43,397
3,251,1327,1050,1145,1588,357,1550,12,453,788,2625,86,268,611,207,400,394,0,3049
269,410,655,91,440,1237,2042,773,170,3524,637,187,0,399,195,4,660,32,1477,1097
17,1815,27,1475,232,70,116,1464,615,823,2029,1217,1937,732,102,1839,3,4882,827,11
859,72,30,1059,2060,336,79,49,295,49,362,36,1351,429,63,996,0,59,5408,53
196,94,2,1314,2919,15,960,115,398,1992,136,1191,339,2006,70,157,629,1149,83,207
0,1047,238,659,368,727,119,3165,505,116,1205,1134,255,211,328,202,0,0,60,322
218,3,349,4034,1200,830,431,0,2,5808,102,1212,3070,33,156,430,97,990,1422,3104
6,1306,214,409,267,489,9,535,0,627,1893,94,3658,226,813,373,1145,1711,706,305
1639,3917,183,0,2,47,3544,1538,342,158,455,31,0,1999,24,1998,349,1209,1447,0
124,659,1,258,182,5,0,53,5367,141,387,625,621,1335,700,2196,49,189,791,884
49,72,167,368,540,1237,146,388,2115,0,1596,109,5,179,93,643,280,4040,4,3741
6598,3601,276,229,451,2248,3582,1056,14,815,792,433,137,113,108,0,371,52,2287,4553
725,69,1321,647,156,35,99,7217,127,790,226,4964,43,2056,531,1552,20,545,113,4232
