-1.1196273787515605,-0.0014420842169864815,1.0728148655938452,0.852029545505265
43413,227,458,325,159,107,564,220,112,187,276,1941,1524,173,961,2,1191,366,389,20652
716,156,379,1377,3444,932,59,393,3,808,2470,760,583,53,53,289,69,2803,1370,1453
526,290,649,123,662,159,184,65,122,195,7,429,240,313,564,437,3005,841,2992,0
633,204,660,309,1624,234,345,216,283,641,319,469,879,727,1656,410,617,898,1189,4551
875,768,277,704,790,1963,156,260,143,1389,0,254,1756,152,129,66,170,677,117,126
165,2267,987,566,1872,916,22,893,11,2200,1940,736,918,368,444,499,121,247,45,923
0,808,14,613,871,182,852,990,1380,1358,78,2012,306,20,693,277,745,1181,1532,2778
269,448,1777,429,409,1482,324,1578,513,749,12,245,402,318,634,1456,585,874,529,347
1441,0,1505,284,2090,478,745,85,436,612,890,362,0,498,22,412,2698,504,42,904
877,0,319,1180,288,0,0,10,1027,761,82,70,1482,355,342,815,219,0,814,1434
583,956,12,339,241,155,1391,143,599,716,240,805,148,1801,279,717,1737,3452,390,800
665,933,110,292,86,410,489,665,7,326,340,2122,657,2724,14,491,390,1664,803,851
18,259,858,727,1654,0,1218,1320,221,1333,203,914,15,2195,16,410,391,1925,1488,3154
370,158,484,825,57,1026,2151,79,305,560,79,285,910,950,19,283,466,1534,1347,575
1252,460,923,319,403,1489,711,1336,3135,540,1566,1047,634,484,46,143,239,1183,328,317
377,748,516,925,1631,40,898,1372,573,530,102,1655,1572,0,406,1692,1061,623,2229,1834
1549,1643,151,711,300,353,313,310,868,793,528,944,596,1299,388,1051,1567,2473,164,1665
86,1658,489,2734,988,2218,2784,11,67,462,339,479,43,2298,525,655,229,807,270,1224
3,866,242,589,1152,863,434,450,497,789,241,948,724,57,203,4298,25,13495,576,829
1152,824,9718,185,866,353,835,876,2630,167,122,236,302,881,1177,292,562,119,337,1742
