-1.063747064239956,0.04252626357995736,0.7921719191587248,0.9015764756548232
413,560,397,863,1004,229,1234,264,105,398,416,92,597,2081,141,314,559,477,83,270
1385,1663,372,7,1893,208,251,4426,317,347,3749,626,1725,681,372,133,400,1211,488,101
1002,287,712,2034,1451,604,762,392,656,432,1095,437,1293,0,741,11,137,149,1110,455
1530,136,1088,155,160,1034,0,225,734,764,650,329,0,1195,396,309,248,726,797,632
262,295,763,118,514,754,4248,492,32,447,1018,720,770,459,860,345,2004,6824,1768,805
412,233,382,2285,0,5,413,269,159,59,1101,1335,257,921,117,1886,922,640,1078,358
268,437,580,578,1558,403,1182,1338,118,943,376,1110,0,1087,978,62,219,604,805,2068
855,316,214,2098,222,1719,107,105,686,1010,349,1207,599,911,1142,171,732,1653,1057,150
238,325,505,1413,957,31,344,1988,2563,333,6627,518,895,37,1701,299,153,0,480,580
4,1227,230,300,398,606,213,6439,2556,8941,4287,141,83,547,427,934,2673,523,10,990
475,723,2062,177,458,801,292,3616,1232,667,6415,3119,5773,840,2010,0,1572,1859,615,444
209,799,2641,75,219,27,799,340,635,13025,1710,8002,1924,950,3374,57,949,545,1327,1623
545,489,1,770,1233,2507,1404,886,1685,11179,1100,6336,3187,271,1172,426,662,192,222,316
666,455,849,1461,2,651,6819,4210,1310,2103,967,6,835,211,1137,352,369,772,321,1236
33,115,677,815,840,424,518,892,839,951,629,624,1459,695,492,605,2682,897,332,553
544,1074,624,158,3,56,620,1121,847,939,974,422,1252,513,256,312,1207,277,1618,102
1134,995,51,678,548,880,1715,123,415,136,955,287,600,825,495,309,52,605,789,434
3,94,1300,522,630,85,1748,138,55,552,630,1558,630,991,427,1718,113,1676,403,742
932,903,273,1192,300,705,1044,523,133,381,1493,555,1209,1315,25,909,513,63,1212,545
298,1290,436,836,1632,374,875,790,810,591,464,1289,496,670,347,949,642,33,604,691
