-2.01453176404536,-0.0031287180099673975,0.9945402500294851,0.8461339261333153
233,34,2601,45,77,27,405,811,432,113,2739,3,121,2592,167,1,2210,742,39,0
3688,847,346,341,4781,1933,756,76,1509,93,56,934,38,4602,1408,9,580,3254,26,2565
3967,22,7185,11,1093,438,2,153,1093,235,5,10,1781,55,3665,1052,4865,1,871,121
0,71,1080,866,90,20,812,32,773,72,235,69,4146,101,52,105,11,0,1066,4247
432,3035,77,50,145,1453,315,150,985,398,232,2,582,71,3,1478,2,101,1,2234
3188,2,1496,13,3870,511,1903,3,1,111,62,1529,3333,5,827,4,12602,86,4,3271
252,21,27,2219,1688,136,3,1894,294,52,4725,1,29,1601,2196,521,403,931,3,1
2178,4067,24,1,1,3924,5237,2,5,1,356,296,4,352,155,1419,398,196,906,520
839,14,4,204,144,144,150,2066,165,1081,35,2244,991,398,1670,771,5,7,3013,28
608,1935,418,490,266,1,230,2,19,1688,1538,184,913,347,473,150,32,5,20,304
490,3,159,77,239,2,170,150,644,503,1730,1,3013,817,102,5289,7,38,380,1933
3533,1862,308,638,1350,2337,784,1,2,874,172,435,199,1734,494,1082,283,321,127,1
19,4,94,1,596,5,1888,515,793,1,1,249,2,199,116,4826,5631,3,10738,314
1,2,22,1161,19,3,397,0,2,1943,1,2639,1732,16,953,325,10,197,279,471
186,231,40,59,375,1555,355,26,1029,136,280,2437,195,210,75,33,1600,3565,314,1788
3544,139,705,218,7,2,1123,104,5,1756,137,166,634,2581,1115,901,1,20,1097,109
0,495,1633,3369,328,673,458,990,813,3012,8444,97,393,2,483,298,493,1733,2396,3437
5438,442,229,1494,477,1899,564,1179,1,103,276,1612,82,492,2627,200,567,1,435,3
112,48,5268,26,669,76,333,757,6,1,218,1695,1138,34,2835,645,1477,6285,4102,1354
4396,69,13598,195,266,1061,13,3075,35,637,103,468,629,3396,59,2,2714,2525,7,1598
