-1.6920954594616424,0.0041708998469220104,1.0526125360594012,0.8504740350421995
26634,660,716,2508,5,278,98,825,667,1,272,154,77,212,936,356,487,2599,21,6516
989,1045,1319,37,330,351,1144,17,1026,1668,3437,126,5,1043,535,2838,27,3,320,2271
11931,2157,4,733,265,110,128,1110,1176,174,19,21,694,1699,129,1944,1922,136,74,122
45,3825,79,20,1,426,63,355,2,485,2,531,1,133,304,7248,388,1984,892,6923
340,285,795,140,28,270,32,2084,393,51,19,132,34,240,963,2560,188,871,703,1528
975,53,86,1689,1056,3,225,1462,1923,3,1008,815,4139,310,2730,388,124,238,1696,500
716,1556,2,979,633,49,1,222,552,1095,839,410,918,106,4283,508,130,423,30,16
70,277,830,255,736,109,52,2058,12,1434,883,971,1,159,5,111,46,1146,233,640
3265,1308,93,287,610,2525,2715,1433,409,54,714,1412,609,448,4,13,273,5296,634,1136
4,1213,5,1306,36,248,3,782,3,3365,0,2517,235,146,766,63,50,2216,903,54
2231,705,561,935,46,216,350,98,576,65,16,60,1411,1527,577,72,1683,676,1195,157
0,459,1647,51,0,286,638,382,915,478,247,963,145,1511,467,1,1705,147,90,276
520,389,896,104,292,2,11,921,386,1533,108,164,194,282,434,198,298,51,28,201
2268,1145,203,1,1385,581,145,1743,5,3108,63,1804,74,528,327,188,70,270,104,2000
764,69,2908,612,416,205,137,1398,584,276,1134,84,1532,77,1009,396,905,1903,126,494
5125,7503,1001,4182,1,645,264,15,346,1438,257,731,152,510,10,2480,512,1479,1462,1207
12,873,1,957,323,23,986,49,5250,397,177,7,261,907,794,3330,1189,776,3071,22
2031,2110,19,897,1,4,1,4,9,130,224,2519,15,885,4702,3040,92,3288,595,606
3701,797,144,8,19,1180,2843,204,3,517,802,1035,881,25,336,394,14,1205,2094,2916
183,244,48,3661,244,1664,1368,7985,4,646,35,8073,65,3176,156,4955,31,495,102,5664
