-0.5817833596229348,0.04517003991297936,0.9095142315416027,0.9699872408288484
1112,690,871,1651,1821,813,331,373,1124,608,583,562,905,1042,1496,2058,1229,1290,1037,1063
1147,1228,838,822,1087,869,637,492,489,721,743,677,567,702,931,1303,700,1606,440,415
789,837,557,1309,563,686,726,925,1485,1132,1198,1335,1812,2128,1192,811,2346,1916,2779,1199
594,1236,1023,252,1752,477,1317,252,743,500,0,472,2497,1469,1058,339,149,1073,1660,1899
1059,972,346,1003,1153,567,738,995,661,1263,1377,857,0,1859,3218,1465,2342,1987,1490,521
490,1409,785,773,449,597,100,1276,1177,788,1944,1099,1459,1778,567,1519,2055,1056,1453,1075
2345,147,940,310,1313,494,1037,1154,0,1208,2546,899,1750,1747,2481,2345,1666,836,1408,1741
1028,269,1413,1094,817,321,1115,986,1008,1639,792,1220,1500,1088,2479,3520,1040,309,515,411
1327,520,1341,1175,555,2129,1259,1294,1311,956,404,1525,1166,1507,177,1075,1164,511,1094,768
220,597,609,528,566,273,43,1201,725,303,1135,313,958,740,892,1408,1912,2653,1583,761
79,417,757,1011,876,896,802,973,1143,129,446,1694,1429,2074,806,2058,1091,863,586,1067
455,249,227,553,1113,784,795,806,1139,1020,1756,420,543,969,1221,752,921,1010,597,133
1015,1371,1434,1671,871,951,1465,917,623,1112,853,1184,278,1659,1373,1305,412,1773,1602,751
1304,660,981,439,581,1670,628,383,462,11,206,1232,1163,613,1243,752,520,993,298,347
482,703,621,320,575,567,245,634,1160,601,16,635,509,939,1733,390,466,1808,523,1657
905,473,675,816,469,341,0,458,1516,329,2184,1043,455,1122,2614,320,741,205,137,370
559,942,855,665,688,542,816,698,866,712,841,700,536,2004,378,1105,1328,671,587,1262
211,558,749,883,0,848,1342,187,1422,1473,811,185,720,562,1338,2108,1267,732,978,210
1330,888,510,1012,128,174,307,280,1583,448,534,817,3327,520,1577,1438,851,528,345,904
550,1058,949,2094,895,2043,624,374,868,996,564,920,2511,1400,802,1249,624,938,1353,782
