-2.0368734568392703,0.004020663120928864,0.8933724422563293,0.8497476780481874
712,1185,626,1613,15,2,1439,233,417,18,1183,1,10,743,1,774,778,206,367,1
2507,552,728,250,1227,1256,668,707,167,2276,1682,15,3037,1574,382,22,554,892,63,325
721,200,4,166,63,562,880,30,232,51,11,1004,9,51,1972,70,78,53,110,306
145,12,102,175,11,594,3254,3178,475,760,2,7082,4,240,1242,5149,345,994,227,1522
73,1427,114,10073,5583,1778,12,15,460,264,68,302,1964,1480,1,256,1624,13,7,7
3,434,1248,2494,281,951,1,1216,1658,44,7,2,61,2,4,2,660,92,3336,309
33,598,924,134,5,181,6,2682,53,2558,196,187,1440,958,1895,647,438,913,1247,352
2143,2131,0,92,249,4037,1346,343,1,1,4482,629,2,112,622,986,50,1975,413,2
2958,2557,37,637,1956,3454,1746,1234,226,4811,269,426,2717,1048,663,62,530,1270,760,973
1849,309,44,6033,927,2508,6603,2017,2,24,5543,10,1558,2,1,140,5,1350,8,19
637,96,28,1033,178,1169,2761,33,1,198,16,69,403,11,177,908,1,310,1280,115
106,12,77,1,57,1461,5,2,2,2819,3163,1,1659,1151,401,216,0,4,22,144
556,365,342,356,9,216,1789,118,709,8896,1153,3092,924,137,3,6,88,164,133,1
838,638,1171,9143,970,10,175,889,799,7,152,1608,2096,406,3464,33,888,2087,823,166
1323,2,1047,10385,1,481,22,142,702,2816,1572,717,126,973,1,60,1489,71,47,888
2,318,20,99,482,359,14,25,293,176,831,1710,222,939,284,2725,1484,68,47,20
419,8,1649,65,834,4832,1,1,2,13,409,8,1598,11,1804,106,3,368,1,5799
5683,4132,1138,176,237,1,1312,2,5267,1,58,1802,131,5,8658,1701,4391,19,10,1
1841,199,1667,852,118,2242,1668,1519,677,1947,2025,15,328,5,1729,869,3,2081,15,80
225,8614,4696,3589,3,2127,300,2050,3132,2,18,564,74,57,6,26,3812,3,16,584
