-1.4855356892693778,-6.634849509725602E-4,0.9371216706248969,0.8494631583146569
205,1519,17,305,299,84,1456,327,0,14,88,20,475,164,402,4,965,3948,2594,0
2674,366,277,433,1306,2783,932,13,309,18,118,1885,154,2232,1023,4003,95,404,146,2362
0,642,2008,54,1062,166,1,9,1515,714,194,80,29,25,766,618,130,46,137,110
0,201,146,89,21,669,271,4,1456,123,773,0,2093,186,495,769,516,4082,2204,4320
486,2163,767,380,7,949,766,289,1081,103,1605,1,4719,6,652,930,443,425,233,2001
602,85,112,129,533,204,2324,1622,10,100,441,150,1220,247,367,997,247,492,40,41
20,2905,47,828,0,114,3812,1389,803,299,381,270,21,424,159,240,860,280,301,266
1431,3682,45,360,0,4922,848,76,868,1,25,408,481,171,101,2764,67,338,1295,954
144,125,1296,218,136,263,441,1191,30,1874,1914,401,698,1328,448,978,356,59,356,943
1657,1349,874,606,378,97,1241,3,0,117,2148,252,122,363,77,1264,14,264,53,46
21,0,212,310,73,1939,0,0,9,1991,6,175,3815,1090,862,6424,106,378,2870,739
356,376,121,1146,2537,1544,2745,36,122,1454,208,106,4072,734,380,353,223,118,83,490
724,117,998,736,295,2603,179,1029,417,287,706,345,692,780,0,7913,97,917,1057,943
0,74,1525,3641,16,3,337,289,225,1520,196,1267,406,48,3,505,4502,1365,331,147
575,448,4,2455,870,3326,590,2613,243,1223,176,4233,318,1132,1313,742,733,262,553,6623
4343,1240,478,1255,4,29,846,2925,1,776,550,192,401,718,546,235,412,71,430,147
2622,907,666,239,61,18,685,38,166,2884,15262,215,1612,460,44,10599,1792,55,5938,154
2304,599,2260,4196,624,972,126,1667,1056,17,263,542,1,0,1933,4522,961,2682,518,43
989,2117,439,1022,1115,161,72,244,364,62,717,367,475,339,2063,1767,2491,253,591,133
29,5,15479,892,1196,95,312,21582,20,58,29,472,224,539,712,214,634,584,380,0
