-1.8943874983570825,0.003448951349335502,0.865268715576619,0.8493649428823465
1148,50,4096,376,3452,7,851,0,1588,2,1294,390,360,28,1389,794,836,2070,3,443
254,2096,2969,300,891,1423,835,204,163,1463,542,9,47,39,0,1263,223,11,6191,614
1107,656,1,422,590,490,2431,1100,118,261,3903,2363,560,12,1076,17,19,319,28,644
525,4,263,3366,474,67,1997,2838,83,159,16,1276,2,5,1354,2362,390,663,1270,2
1742,732,665,567,11260,965,2,8,569,163,784,704,2091,1310,4,223,575,637,3,1915
1063,194,1217,14,670,1493,492,962,286,74,3524,7,807,2,2,109,2,1,1837,248
1,1166,3467,13,9242,10202,10,5091,657,2432,1090,175,250,624,1554,1498,13,253,1731,65
2860,518,3882,338,59,1857,795,0,1,53,18,69,63,26,178,2027,24,1272,462,29
1517,2948,1333,1,2037,4,2,2366,273,892,1,855,227,9129,42,12,212,747,879,559
630,0,2453,2911,150,5106,0,3439,1568,5,2055,42,2055,76,64,429,323,592,21,5
4344,27,1,1708,16,1455,686,24,77,270,1,553,5883,47,2879,21,2,622,605,1
860,94,480,81,1,517,71,2,1,12327,15,309,723,5,10327,83,1007,184,142,280
7,353,3840,0,73,151,1477,203,2076,1663,33,487,35,451,2633,143,192,180,24,1
1484,246,103,4655,6595,3251,240,62,494,242,573,0,81,884,1826,271,3950,2532,0,702
248,175,2158,7616,165,2040,707,10,1241,316,732,3116,4848,32,3292,35,335,13,537,1725
692,1097,19,52,240,1153,92,931,337,3,247,125,289,24,1578,57,23,1407,1327,29
0,312,2641,1,309,601,69,2639,5,1,431,521,969,1,389,1,217,402,32,2
93,32,96,377,1463,2,3794,197,5037,1,187,569,7,1,217,2262,4391,11,4,1587
2657,108,411,101,286,161,112,529,417,346,1084,1379,818,149,1346,1316,165,185,263,182
9,268,1021,1697,150,1651,38,1678,1073,213,22,252,474,1834,758,68,535,22,1108,997
