-1.2100273869180462,3.001507018073559E-4,1.017451223064491,0.8502678306095824
0,48,0,0,905,90,957,444,1710,29,415,0,729,3463,957,1969,467,3,632,16609
225,2494,574,573,1214,94,576,775,45,1741,145,475,4430,2187,172,970,743,548,645,1087
1009,449,760,931,1193,17,286,237,424,303,1201,1794,512,180,482,348,27,529,1857,1012
677,137,3329,538,771,33,586,5056,180,270,701,168,1732,510,62,554,1016,0,563,1025
653,3386,264,563,426,36,1303,120,22,382,1264,3855,554,467,1372,595,2165,2012,2708,787
423,1462,707,467,1869,1089,2356,939,133,274,626,1398,479,120,84,0,771,856,151,403
673,1972,466,541,148,413,2377,0,610,1293,447,563,856,64,761,163,11,33,551,14
259,2915,673,247,0,220,257,485,171,766,202,0,570,1238,638,102,3148,605,30,675
1934,2868,81,964,424,1326,954,203,14,90,270,2915,1216,1012,417,1089,85,645,1336,48
2394,28,208,108,334,486,597,295,20,92,178,191,841,459,62,980,92,1053,145,297
1765,35,417,3,1897,318,71,1598,101,0,188,274,306,934,146,13,5030,1893,263,4338
111,1505,4136,22,732,171,68,404,139,695,92,281,1273,2043,1085,2053,108,226,1175,531
669,964,334,146,385,904,241,0,341,546,1040,72,173,10,68,895,243,2933,224,129
435,821,329,1928,418,2136,150,1448,297,2087,605,927,1501,104,153,493,502,821,1192,489
384,4256,668,477,217,539,880,0,1043,45,1523,121,176,312,1083,53,176,489,353,773
59,8,981,489,1071,1339,263,1193,1113,1153,375,816,1,483,92,254,45,1303,1808,485
0,263,2333,107,2944,402,142,430,216,707,1771,848,223,570,411,209,128,417,1125,397
490,205,804,1902,75,6547,12,439,579,282,568,123,929,97,375,253,1109,854,112,280
55,667,0,205,0,151,1750,824,4789,2809,872,0,44,155,1303,490,102,291,109,1058
375,2124,26335,486,346,1541,984,158,102,830,305,184,6850,27607,543,2854,1451,1522,679,1585
