-1.5798547874707656,0.05071933799299458,0.799764790256398,0.9026137648284877
1891,61,2252,125,114,1370,1351,9,1,463,2,759,1092,8,67,1116,528,4,168,3
477,189,596,1005,171,283,363,239,91,600,62,3,9,746,547,41,773,396,257,1215
127,488,2,237,1200,697,686,1,6,1800,1395,1038,3,2162,51,3,530,301,38,3797
1533,7,334,210,135,337,631,175,1720,2701,628,154,327,1512,214,1,1921,223,902,495
3162,151,1363,665,26,1240,1849,72,17,515,2,842,4556,138,39,818,22,556,886,6
452,2912,239,197,18,430,3,1285,381,1543,101,1151,34,93,1409,2571,503,2,1384,403
2,407,325,26,1,1320,1121,1612,1174,857,11,1405,1110,1185,1747,1621,1057,99,6,555
199,8,727,126,226,1048,406,2569,3489,706,0,1500,2,2805,116,1472,2914,131,1707,116
464,2,1112,1452,1781,894,672,3311,792,2922,1616,2008,1234,3,4118,513,2151,860,304,112
29,14,264,1809,296,742,1923,3185,1562,3655,2379,1781,902,1592,4178,1176,2075,7,1238,552
4,15,1554,288,1349,1,141,3139,3917,68,3274,3242,4279,39,1428,2618,19,1762,36,1054
1,68,1214,3058,1186,1030,1295,2134,1321,5192,4374,5420,1683,976,201,1636,590,36,43,1031
1,2,27,2052,3613,444,1184,5159,6404,2048,5173,2197,5998,553,236,688,624,1307,2070,380
674,3001,555,359,1247,679,216,1857,875,2,350,1056,1011,409,630,929,0,39,13,1594
630,1197,578,282,58,20,3909,1071,1516,221,1481,204,1925,10,65,1150,746,10,836,664
630,2003,13,614,122,458,1640,2393,2063,720,434,1171,315,61,8,1602,193,2,521,328
1080,803,1706,531,21,1712,2833,677,486,119,106,1543,935,2148,104,203,639,618,15,1742
492,571,15,1326,301,32,730,143,4,2185,2,1449,2141,10,1053,1967,142,283,242,357
2355,3,169,1574,829,27,2,538,32,270,1041,793,2826,4736,3219,331,175,1394,205,281
47,1136,1002,391,2161,2245,177,28,768,639,109,410,94,2722,867,1264,941,1234,665,339
