-1.4637350612619517,-0.004192960567116364,0.879215482406713,0.8535927592461352
64,294,607,197,1287,588,1177,183,1003,6,1803,192,891,37,4318,363,117,87,0,85
278,657,663,569,206,316,125,494,1254,22,1159,245,116,188,751,206,316,833,1694,479
289,617,485,58,1319,7748,595,15,3261,309,35,147,493,1336,1020,34,162,27,372,1684
282,60,107,477,229,0,520,1620,102,790,167,5283,255,16,4631,1147,389,1951,247,604
609,219,108,54,4390,1353,68,86,191,37,598,0,1034,125,1208,319,730,191,185,1409
67,73,673,2352,10,255,885,110,2123,16,160,33,973,71,109,343,1109,34,2934,3672
346,205,542,348,647,97,2,662,347,53,452,1865,0,0,985,3620,161,164,316,326
1343,1185,1406,384,0,1035,9397,399,789,78,5832,367,28,414,5,143,594,338,2353,564
400,1,1700,4165,384,324,253,92,409,5254,199,386,1363,1573,3851,1628,4771,1388,187,741
2106,1935,168,5050,0,134,6691,3364,173,457,1114,41,3,1803,12260,3,42,178,129,240
141,551,532,820,177,674,343,3100,101,139,64,41,138,729,17,1900,62,257,772,182
33,2087,43,550,129,3767,1199,11,9,2831,408,639,0,499,268,1136,85,3157,245,238
1191,383,319,825,319,754,955,294,3741,3,4,1283,5,8207,115,128,1301,383,264,1325
67,2256,3027,14246,2083,78,29,145,2437,176,3196,4225,0,1116,582,146,2532,1990,10,96
98,28,538,652,3302,1576,374,25,0,439,969,358,2153,232,1127,118,1008,69,487,753
37,371,38,192,236,1484,81,512,776,510,1011,2551,362,158,150,5670,213,34,105,99
42,0,671,373,84,177,58,0,134,34,139,102,1871,62,537,112,2249,125,704,84
1055,411,79,2755,1842,437,782,848,542,115,621,18,2826,58,4150,395,10081,74,31,1717
10,416,1970,91,242,740,574,269,270,4732,1395,399,44,66,72,1214,294,196,197,127
816,8138,2974,1040,752,605,928,516,2978,71,2828,39,499,904,452,522,5579,525,4,69
