-1.9749841033272886,-0.003058682483233996,0.9382350039885253,0.8505807570934825
297,3155,542,219,2873,97,3222,146,1686,7,441,437,15,0,86,1,1,231,3,3
3,3,1799,1037,1226,1,1,3,2,5323,12,1103,2142,262,7,7974,575,2105,1,2099
592,1544,2647,696,121,2,990,107,91,1,0,138,131,0,1,302,1322,718,2137,56
630,25,23,637,1,4,1530,85,2,426,1770,395,178,358,674,2190,4,1760,19,5939
392,49,697,733,331,3715,1144,523,3,189,173,329,0,186,7,743,10,136,2185,24
24,126,812,1,107,2927,92,46,34,2,1,1,1,256,1965,1323,844,287,159,241
325,4,446,2,671,55,9,3311,401,3407,61,1268,245,3401,2171,7620,330,690,4501,1753
12327,4664,63,78,2266,401,1160,256,19,37,115,66,28,890,1254,1,1222,2989,611,555
3085,360,50,1006,5701,1169,1574,870,1,5,1469,248,23,1,214,265,1925,95,86,3855
1558,156,293,5,34,58,4032,499,281,4263,4003,1533,2081,6398,498,354,1890,7,642,209
1234,546,12,521,392,71,3422,1,5,1522,15,172,434,22,489,376,155,53,43,97
34,306,11,1353,5200,3024,40,2,17,1,172,0,478,284,3815,1508,0,737,1125,279
972,18,1877,51,138,10,1905,1,273,270,2234,1057,3100,200,1806,1208,1,958,18,1389
362,96,658,1435,4812,570,10,7,494,54,279,452,438,1808,197,252,777,13,1332,4040
83,828,396,218,3099,979,228,0,1369,305,663,117,2879,9751,6578,244,341,2562,574,1203
1817,4,552,1,3013,295,26,303,205,93,57,5,5236,344,0,291,1000,5,2248,1
6648,1797,2659,5,4,1002,2678,387,2044,107,196,1,1606,17,26,7,1410,468,3,90
636,3894,141,17,85,104,700,4,155,1723,35,306,313,1095,1921,0,5250,1133,26,32
1206,12,2848,1305,442,2471,186,479,577,2522,293,42,1056,122,2845,397,45,10,757,309
78,580,293,2011,326,2306,465,954,30,4924,1,1595,1364,542,5,21,734,499,1,8085
