-2.0146599972652712,-0.0014022594896180086,0.9658813193855669,0.8533687801999492
2730,3155,599,52,2873,582,3216,148,1858,5,702,456,25,69,86,1,12,226,3,13
5,3,1949,85,1225,1730,1,4,3,952,12,1666,2098,234,891,7134,1124,2103,1,1158
147,1375,2781,898,0,5,1310,86,94,1,0,155,3,135,5,426,1329,14,1196,2288
630,19,23,450,1,4,2141,1,491,446,1656,395,386,484,804,1443,2,1354,1,7011
177,49,839,733,213,1221,1197,393,3,136,173,2036,0,1809,8,550,2,386,2185,24
4,9597,327,1,4,2575,1,75,455,135,1,1,1,634,1238,0,1222,283,200,22
120,4,1638,2,671,327,3,828,401,37,61,3853,213,1694,307,1574,1885,1,4501,1753
12144,4399,52,9,1479,374,1060,256,5,37,115,66,21,4295,558,30,136,2989,611,535
3085,1509,315,1006,1864,430,1007,767,1,415,7,2808,378,3,219,265,2170,171,90,2065
23,156,311,62,249,67,3670,499,170,2210,4160,984,8,5929,231,1395,2037,7,371,3903
1853,415,272,1690,342,255,3188,1,2,1522,64,172,434,83,619,424,197,1802,45,72
34,37,401,3565,1313,899,310,146,40,1,3149,0,487,284,1158,2450,8,335,5234,279
946,18,1781,51,134,10,2180,1,273,136,393,562,1631,173,1366,1208,1,962,19,2642
8,86,658,1435,1633,431,10,1,361,68,211,456,555,2002,19,57,12,13,0,3429
107,83,162,147,3150,1,228,4,1367,1076,1390,13,1773,9751,6303,8,700,2581,422,1437
1898,982,207,1,3213,295,92,2394,12,96,16,1,5002,2240,858,2338,1071,5,2318,1
6648,1589,2690,10,23,1322,713,374,1850,300,192,324,230,1,106,7,14,468,1867,77
636,3427,775,32,116,183,1811,92,155,2166,37,3786,313,1395,5445,1406,5692,813,1,14
1231,12,2719,2333,313,1829,97,642,2,729,186,42,929,122,350,397,77,0,1,1
2227,580,193,2007,443,2220,140,1021,128,5865,1,1829,1091,531,36,21,806,9,1,7921
