-1.2030959508238548,0.04836774771668751,0.8058834083307543,0.902021096242615
229,315,1002,518,1055,566,1294,416,63,471,63,224,129,6621,260,1942,67,1662,29,452
127,195,1269,415,996,7,1980,438,20,101,14,1,51,323,555,1018,271,337,8,40
260,353,900,224,344,184,390,75,104,123,542,1591,4405,539,232,1787,209,277,360,259
1,872,23,228,664,434,1057,296,1509,140,3,285,586,797,516,560,1208,545,1150,1794
1881,77,762,69,48,319,1381,4846,1169,297,2087,1348,406,124,200,10,805,2223,484,251
925,1630,571,703,282,417,58,1012,81,80,701,36,316,1611,224,490,687,44,252,176
435,788,237,52,416,892,1149,643,1217,326,206,1383,1094,1204,7,1322,479,347,937,963
300,286,247,828,192,931,779,808,176,1008,2733,477,21,456,515,2957,350,526,397,229
897,1904,1341,297,353,595,781,343,1296,342,510,0,2095,1728,2332,985,45,242,543,442
508,133,210,905,63,402,1224,2559,309,2031,2713,853,559,2138,1129,1902,2421,1591,323,873
545,1835,3889,136,441,638,158,2745,5586,279,7521,8935,3935,3651,222,1322,391,70,2266,131
34,646,70,766,127,220,161,158,1322,2699,374,6409,3743,4363,350,544,894,4171,1370,618
778,227,155,366,151,466,440,446,3783,576,5098,4000,3946,307,3389,1317,1413,4854,4468,257
55,1054,1747,1605,2839,1369,34,520,1389,2298,3660,1690,1655,686,42,4104,3833,0,1039,446
514,798,1121,189,690,43,1869,2345,300,166,1368,4395,1315,136,544,1622,0,499,1605,1822
2717,371,296,582,141,610,3412,540,3659,2265,517,210,349,296,0,1086,1638,368,1647,809
584,70,255,580,271,516,164,497,606,81,849,687,1330,1799,422,1468,233,2112,1396,104
583,814,961,40,2641,40,897,3,1004,3721,760,198,611,212,35,33,934,816,133,208
1363,62,377,474,1128,788,1120,369,469,146,9,614,30,3323,656,724,751,336,3131,614
121,1217,78,1342,136,275,152,4167,410,94,358,456,15,222,226,408,1287,658,459,155
