-0.8610009949457875,0.05392542248280618,0.829265532262856,0.8992163942768329
0,967,135,167,638,1092,1389,1205,226,145,984,1612,559,385,277,2123,215,472,107,465
190,849,1185,190,250,1001,845,150,587,822,142,100,493,344,417,454,584,886,879,384
833,636,446,605,510,1142,266,1307,365,455,2648,799,1622,967,2201,355,521,627,1813,643
462,93,2393,316,888,1104,1413,759,1496,305,856,162,1267,535,224,0,364,417,1531,408
254,990,341,170,381,416,286,380,545,620,425,489,862,1410,141,453,1278,461,381,710
795,446,674,377,1713,464,281,604,371,608,687,2402,422,579,661,2183,713,770,2214,545
441,810,276,259,1098,224,476,814,595,177,779,805,690,2127,544,886,394,16,578,2379
348,353,83,235,506,1214,649,124,534,844,1481,652,636,2058,2385,908,814,476,181,837
529,441,1183,806,231,148,521,902,878,735,607,360,346,860,483,5272,731,248,896,901
144,1375,281,796,126,409,367,61,699,296,259,278,1512,729,1612,12521,2076,151,4350,253
380,476,332,185,641,1025,936,881,447,634,1033,1781,232,25,6021,5650,4059,13453,1008,273
1570,703,541,1477,1634,85,477,714,790,1079,223,879,318,274,320,2627,12977,687,735,2654
117,292,152,1162,344,254,1302,1552,345,190,827,360,736,1277,647,11892,13526,1793,656,4618
239,2022,514,169,1206,579,514,1350,366,491,565,898,717,813,357,2379,1830,2732,696,399
1040,552,443,622,1653,835,708,451,1858,696,196,1401,217,1477,565,803,412,701,367,189
1081,625,558,414,656,1463,372,840,5777,0,522,614,708,191,1468,1099,689,13,560,754
789,673,622,1540,195,267,747,1289,1004,691,271,353,312,568,889,1927,9192,1718,417,423
455,981,190,894,556,190,344,244,746,199,655,725,680,1532,711,542,217,415,369,520
178,628,439,280,456,339,731,487,366,435,848,732,987,1615,294,968,286,505,1104,742
1504,592,447,451,179,885,923,79,622,331,142,1174,937,1574,1034,550,934,0,1328,190
