-0.8070850758254321,0.05421278863386287,0.8077945098713428,0.9460150011873784
705,785,52,302,172,500,1440,493,462,0,1094,1253,144,465,795,245,138,438,349,38
284,596,951,1864,1584,715,62,1,363,161,348,1016,3244,1601,900,1150,1055,660,590,411
1136,540,741,299,264,558,1022,327,930,218,1223,1023,390,335,517,514,422,232,95,1910
640,73,330,234,886,397,837,1255,2546,2158,429,941,1625,1898,981,1165,134,685,292,2388
111,0,1017,1405,725,610,2,836,327,1201,38,862,1288,534,760,805,1392,528,36,632
415,334,729,751,1266,1530,503,328,335,2245,1445,1125,2185,996,68,488,1530,1185,237,814
190,346,831,524,1760,1192,530,407,1536,474,857,1348,861,960,521,885,353,1266,1551,536
185,77,851,1255,1435,370,2068,1480,195,1099,3240,85,2755,1645,0,780,1394,256,664,1016
424,665,905,2439,1380,2254,766,3124,1135,2798,428,3152,2552,251,972,1082,2073,1077,1580,733
962,319,1212,1655,452,1620,2016,824,642,2624,2069,1803,1358,715,1277,954,213,873,427,465
823,3289,2564,0,992,3422,1494,917,1400,4480,3999,2556,1317,1133,1713,583,2214,669,2542,1015
675,1909,1333,1356,870,3941,546,2756,2152,746,2226,3706,1775,967,4906,320,201,236,699,800
970,838,1606,1087,411,451,975,2475,2545,7753,838,2242,1900,307,913,590,507,150,23,229
444,302,225,323,1377,333,702,632,2087,1096,540,1276,1028,876,895,1879,947,778,681,402
240,2303,387,1296,438,0,1050,1066,278,2516,1440,0,283,739,1336,1560,488,245,200,1151
490,183,411,632,625,329,2343,1247,438,3170,572,478,903,643,927,522,342,518,977,319
494,487,703,191,1608,1011,1961,2097,871,937,1254,563,1184,605,0,568,466,480,663,866
501,874,556,374,508,983,1019,209,840,578,1208,915,503,441,1337,792,861,575,406,271
207,325,0,304,597,1221,532,1240,1236,2169,16,203,539,1049,599,578,81,156,777,221
341,1250,297,1144,1087,481,672,271,991,904,1781,594,911,450,864,724,864,740,550,28
