-0.6706656371462292,-0.004689203924487853,0.9931899491177905,0.8527524678881637
731,628,488,455,671,1502,799,254,665,1265,1784,811,1210,1025,344,37394,895,467,466,360
898,369,403,874,378,468,323,399,644,323,352,544,489,727,307,361,260,429,732,1401
678,679,589,709,1606,501,817,738,860,133,912,1064,400,149,866,589,1012,820,522,295
389,781,896,786,629,483,882,193,647,349,496,972,210,405,449,779,609,206,506,1413
801,262,470,1254,860,173,374,400,177,1054,589,870,1093,131,842,533,2788,600,1023,796
1116,342,1019,563,1030,378,313,1317,435,604,1133,165,740,490,388,678,736,456,339,752
484,517,391,345,15394,538,1210,282,814,593,488,548,299,417,744,491,817,1430,692,693
499,442,715,592,467,592,1036,419,247,454,677,449,699,360,683,724,229,1135,396,349
539,566,631,300,696,729,394,914,1047,633,1213,144,227,483,544,653,294,585,854,1030
429,16650,526,315,772,565,1240,393,711,779,698,776,285,337,436,1181,640,615,418,869
339,574,588,468,350,1028,96,300,300,6114,410,320,427,765,1000,1053,626,251,280,422
476,420,354,251,458,343,301,505,475,7136,429,533,798,407,876,968,568,874,661,8950
474,1612,758,819,700,325,272,639,257,557,322,829,429,566,692,159,641,535,580,250
698,677,721,379,292,358,880,368,536,465,874,186,996,609,1330,1294,491,1205,945,217
415,1203,262,883,416,1330,337,987,1459,387,1031,848,588,801,800,886,293,608,1014,703
666,1177,377,1088,330,220,885,629,1404,654,692,917,277,198,1161,325,866,663,493,570
406,641,270,255,713,503,606,535,444,683,783,1419,317,568,473,244,297,845,794,583
429,687,474,791,828,386,501,430,371,318,229,889,801,582,406,557,1674,827,307,342
22224,203,450,395,731,584,516,273,1319,681,584,138,327,711,967,711,482,874,686,1139
1059,344,649,501,250,534,962,1180,239,235,1059,1522,665,21678,1001,801,599,511,595,382
