-1.4907586945402886,0.0011287679644780184,0.9872590143433994,0.9044651828979904
3382,3022,327,1411,165,1028,5295,1303,628,1615,17,29,2197,0,2120,214,1243,36,1560,2046
4125,705,4565,1620,3030,5,573,2600,138,100,1838,359,1628,915,1039,2627,5575,2193,696,761
1027,2408,1198,38,2698,647,1223,48,1183,334,1,307,373,11,1374,799,8,107,275,1593
2174,33,354,156,1485,17,4,2479,1700,365,817,943,1311,42,480,709,0,985,3260,87
1237,1,216,260,313,217,895,770,129,835,110,884,217,203,450,2560,580,1004,1805,520
802,92,851,1001,43,171,537,520,700,1332,1783,183,27,477,2765,1658,1361,1033,1086,583
50,1165,894,6,625,3,1681,583,677,859,1026,610,3567,326,893,2552,1772,1165,1016,652
1219,9,1888,867,2685,1879,1347,3787,5,534,1067,172,410,111,2692,250,121,166,2161,1014
2,983,323,15,258,12,309,2,0,2373,239,10,986,316,4492,3,1130,990,161,1691
66,410,989,53,4,1,338,32,2,327,10,276,4915,619,130,865,1106,2574,354,1822
2423,1129,1221,222,860,7,1138,4,2328,201,426,1365,684,560,40,455,2434,141,2529,2129
60,153,2481,41,351,379,102,560,1052,460,1648,173,548,1465,897,694,1814,51,17,36
527,1787,1963,102,1149,4922,210,6,2004,301,336,4,315,2681,67,115,8,565,1551,334
6,2132,2,4050,249,688,2486,321,2026,6,347,1525,3614,806,116,144,23,1110,2298,1087
207,2408,503,1833,65,8,2,1,256,196,601,412,1189,471,3842,337,120,40,0,30
756,1950,41,144,247,605,2441,1259,2126,643,314,1,1537,9,141,219,490,2132,2,1328
1011,2437,1887,221,1733,3,730,62,348,255,164,388,2247,90,48,2247,236,4260,455,595
4701,3069,244,1687,622,10,167,376,707,405,89,99,887,11,3817,167,976,12,20,1097
3002,2449,473,368,2195,1555,279,13,81,1222,1857,38,4333,95,261,468,2,1164,890,2721
2871,722,515,1282,1949,954,653,223,2220,2138,871,308,4,145,6856,2674,406,3135,400,407
