-0.4190950035606696,0.051040799886334656,0.9060430161316553,0.9842756590309842
1255,344,1265,1253,2332,2148,1025,1092,917,614,878,550,792,1226,1395,1044,1491,1011,1666,454
635,792,843,727,1230,441,497,1453,1021,1340,827,747,1859,1941,1211,1518,741,1346,780,830
749,869,637,641,685,441,768,1092,870,748,782,1167,1484,1063,755,300,1393,1455,1644,1314
436,946,633,881,760,695,1294,543,1435,975,987,233,1257,879,1147,1069,1361,1660,979,1663
1006,1037,893,1360,623,1498,910,1083,821,1010,1119,821,1195,1275,1132,1207,2447,2176,1168,521
830,796,974,733,1480,430,560,1963,1877,1429,2080,1833,1353,1849,1465,1589,311,1685,1361,1190
760,1124,1385,703,530,616,714,699,692,1664,1072,1952,873,2020,1491,1088,1046,1149,1298,795
880,350,1368,666,1018,734,1023,983,1059,1327,692,1667,1389,1080,1154,1827,763,625,1519,794
864,656,1221,1050,1144,1001,729,784,1254,1427,1425,1272,2027,1139,963,1227,1180,1921,868,671
947,1107,961,752,287,684,563,1485,1084,1586,585,0,835,1124,1407,759,958,802,1827,1527
465,1208,1134,432,374,1086,434,999,998,1308,852,1582,938,890,971,830,1786,785,852,688
395,431,472,1214,912,53,903,1128,1045,1255,1382,798,3,658,864,1264,764,1097,949,495
910,493,808,924,1464,935,727,1090,1231,1008,695,1763,1178,686,1230,1747,800,772,503,879
969,1224,792,278,691,1047,1195,813,1293,1269,618,1331,789,641,1954,746,707,261,1131,1279
633,710,748,703,540,1100,892,770,966,1103,430,834,428,902,1116,34,615,887,1088,1303
868,888,717,1713,886,339,605,694,1296,569,726,235,718,783,561,638,1215,1004,1277,273
880,1027,1016,1131,566,747,425,1018,689,747,494,1173,1172,1500,839,468,827,671,903,1013
685,823,672,559,404,230,1058,1162,786,757,542,1168,460,939,757,247,580,867,1102,1978
387,663,901,1171,416,643,408,406,906,1376,385,789,2183,1180,494,868,806,653,448,410
898,1144,1103,805,1408,528,1332,481,1322,492,1047,888,538,1347,1568,738,745,778,825,428
