-1.3109477513198753,0.037008217660271056,0.7989888894223143,0.9044005790126065
736,1253,137,92,120,1143,1907,618,416,48,167,1580,719,70,53,627,172,234,902,3
73,184,300,772,191,295,117,298,1823,394,31,62,33,300,741,45,696,450,465,142
122,182,545,684,836,1889,1185,229,568,1945,829,593,37,1134,773,16,808,1336,273,143
1292,10,104,113,4,1931,1784,405,451,2675,1044,326,609,1497,41,315,4859,504,1418,203
366,237,16,102,537,807,53,1383,10,768,127,2436,3260,212,270,608,481,679,794,122
311,53,0,35,555,1744,810,686,409,1345,11,288,35,118,196,2447,2920,304,2339,773
1,142,352,161,1,759,228,649,4163,600,393,69,1459,1023,2058,6,442,179,4,1414
217,385,306,117,254,901,320,2698,1053,804,9,2882,1,1760,1011,1109,2263,210,719,289
105,162,1028,477,630,133,2216,1431,1611,0,1319,1724,2209,347,4374,160,1344,2096,276,46
325,35,163,959,816,6004,1955,1753,287,5436,4898,862,438,1580,3210,3634,978,1156,872,49
972,227,1319,628,1092,32,0,3294,3908,1466,1174,4042,4307,76,1437,830,0,2758,282,1250
2120,1352,267,1400,2575,865,1529,1535,742,5461,0,5963,33,594,94,1420,181,40,25,3495
1503,952,17,1765,2516,483,912,5045,5860,2452,2643,3034,5734,1417,507,56,135,158,402,1052
299,647,617,663,1298,656,443,2348,917,647,8,1302,235,608,720,136,576,1288,138,868
236,26,2468,126,38,1391,1909,1338,458,1799,328,259,2206,205,1406,2421,850,214,1178,14
511,161,13,249,572,4295,366,2386,833,2696,2070,956,176,558,97,4691,169,769,410,303
2091,546,222,317,12,1294,2761,223,501,316,1,933,1710,267,954,92,4253,492,3,560
643,1346,412,1356,250,148,5189,41,141,1815,876,232,567,53,1878,1377,163,223,958,750
722,326,146,367,335,381,465,118,6,224,1143,1815,3811,2071,1588,1003,74,618,968,720
1,1634,396,246,1522,2321,90,217,1155,469,677,806,2,755,429,2725,33,692,497,1739
