-1.8841625875648007,4.478944379071403E-4,0.9962885114098267,0.8489944643142614
112,34,2601,954,90,1352,250,748,422,480,2780,3,121,2465,17,216,1498,742,40,1510
3688,577,382,1702,503,1925,756,76,140,484,56,934,40,4602,1588,8,142,3218,3,2565
4077,8,7185,11,1631,538,2,153,1075,180,5,10,84,55,1015,182,2904,1,956,121
122,47,1080,513,90,47,812,32,771,72,1014,69,4146,545,117,400,194,6108,1945,3707
385,2985,414,50,206,75,315,150,985,398,232,2,498,71,3,1478,2,162,1,2272
3370,20,889,177,4043,511,215,5,10,111,62,1368,3233,5,26,24,678,0,4,3270
279,0,1,702,1688,602,40,1894,294,4,3840,1,566,1610,2196,558,1356,748,200,111
2419,4067,24,1,1,5441,5433,55,1023,165,0,458,4,368,207,395,639,196,906,540
821,14,4,821,144,216,133,2066,137,1081,38,552,991,416,2641,771,1,7,2787,16
716,3924,418,425,250,31,255,49,15,1688,1533,159,110,25,385,117,29,5,20,304
490,3,218,30,239,8,2240,120,389,503,361,1,3013,817,96,5289,19,60,1743,1745
3526,2007,361,586,663,2337,786,2582,137,874,1316,435,92,1893,381,1420,352,360,712,1
24,6,257,1,596,4,282,1385,685,1,1,93,565,233,116,6466,5631,3,10738,319
1,2,3360,1161,19,3,222,0,2,1326,1,1969,2039,18,976,337,1,0,282,540
98,231,81,59,330,352,355,242,1029,134,120,1993,126,210,56,58,2620,3300,154,1788
3508,139,215,273,8,672,1123,104,2,1825,206,387,586,2581,95,903,124,26,706,123
1703,12119,1638,4704,138,673,458,718,913,2932,8444,20,352,2,101,175,681,1784,200,166
8208,404,229,1492,477,2756,544,1179,1,103,1304,1612,302,492,2627,1538,1309,1,3804,3
51,18,5374,10,283,25,333,755,4,1,218,785,1000,32,0,645,1777,88,4086,1354
1132,73,13559,1507,401,1061,27,2476,43,504,80,1135,787,4838,7,5,2198,1129,7,1334
