-0.7892759715524654,0.042392397090135515,0.9039521317438716,0.9478029852040724
595,1003,675,64,2318,853,285,977,1652,791,375,384,473,1529,312,1405,275,271,441,1617
503,0,294,118,405,570,898,2592,454,488,2096,352,59,296,657,297,287,1347,836,401
512,219,1310,1407,721,1293,663,1139,682,1274,981,22,905,104,860,808,283,1998,4485,397
7,510,236,0,1063,308,294,386,731,469,853,0,2079,1074,154,1373,1206,3342,1243,935
166,2936,1046,838,714,215,376,307,356,1793,859,711,698,410,1188,553,1965,540,2120,931
1393,1288,1913,221,888,869,442,843,302,424,445,950,1137,1278,2539,1267,0,1966,4144,1246
652,671,180,1455,1347,311,660,613,672,723,560,1717,732,2215,362,2016,984,1743,2442,1968
240,448,568,474,695,1065,1048,21,1760,1190,859,1234,1830,0,1364,1686,2581,2518,4242,451
197,413,550,112,159,115,230,547,1072,1210,978,378,1552,2228,1657,827,421,6172,1716,873
1996,442,1194,598,1505,1715,1040,2792,1399,1500,1521,2791,250,5726,1544,3616,167,270,1712,2520
579,1122,47,409,147,68,482,397,619,730,1476,896,1723,1636,1934,1227,1027,2448,811,809
543,210,573,429,745,229,222,1614,479,55,902,2109,1738,508,411,2677,336,940,2290,764
92,369,528,93,469,636,1003,228,154,829,842,240,473,348,1643,0,709,229,2211,920
653,207,1661,1570,2076,1001,586,1113,1094,984,362,478,183,1012,512,2119,1006,608,1663,1018
1569,77,1131,2416,233,795,2113,236,92,618,575,947,671,812,1675,1339,0,401,1701,1853
421,162,1140,576,632,464,1025,0,71,100,478,959,1173,371,287,554,430,499,1809,2486
2529,1377,1186,637,2770,1779,359,1068,1054,1737,596,2298,374,226,535,3114,611,897,203,1619
432,470,983,1439,757,1320,885,570,650,2253,253,1059,753,295,702,1182,1568,883,851,364
1798,1505,869,699,824,595,567,1352,625,2464,1023,1954,811,853,974,140,460,310,801,1126
1740,337,900,282,710,559,497,466,23,1391,740,522,140,1019,1825,498,990,1176,172,768
