-0.6462007430940833,-0.002634805747569298,0.9607227448745032,0.9008870844245949
440,764,729,486,307,755,29,1109,281,585,30,213,1540,589,556,1629,134,294,694,252
921,648,351,733,1065,659,908,85,859,1039,597,1248,262,540,641,938,285,164,718,790
1127,1159,1629,493,1152,493,555,766,1906,654,122,513,890,321,105,378,1733,1110,1540,42726
1079,681,0,291,1124,581,1257,884,1180,1361,1005,0,357,1018,851,989,928,1382,576,691
742,900,0,712,729,586,840,785,605,1201,973,1242,166,1055,51,194,1577,927,273,986
1444,222,1195,918,1191,968,825,1875,676,158,983,887,674,551,694,1206,1899,1900,498,528
761,179,1663,1035,256,1120,1524,851,1466,673,536,586,5,1155,881,1275,1180,229,0,939
1215,528,1395,720,1950,917,1457,838,844,125,1069,1952,225,861,241,1639,1467,375,379,853
1589,684,85,599,1918,524,51,897,689,914,927,1524,511,1035,516,867,1200,1080,485,251
795,852,903,587,165,1178,962,349,1654,511,861,1137,1710,1108,1293,865,1663,623,1069,1748
152,1293,1120,0,845,740,972,314,1023,584,585,305,537,699,540,1631,1080,1015,1009,428
1106,949,891,806,1383,791,896,356,798,1156,512,730,287,704,1061,117,93,75,553,715
1243,1269,557,987,459,1315,1883,102,774,1115,461,468,1641,413,788,0,842,888,1181,1026
913,413,888,734,1035,2163,1123,615,101,820,452,1124,372,1324,861,1113,345,99,628,309
116,727,1044,896,857,614,941,606,705,375,1651,1257,100,534,962,96,182,813,209,181
456,1290,1275,1130,1438,773,113,815,597,866,415,1039,925,260,1264,488,0,1064,1254,0
225,556,900,1121,295,704,1023,744,1122,936,305,632,544,648,799,429,732,700,578,484
1280,0,1222,728,1133,1233,745,1275,566,1367,535,253,758,827,772,873,494,1162,436,1230
873,1118,297,474,552,477,372,953,240,19157,254,1010,1160,556,163,1353,800,278,1024,726
569,925,816,1117,225,499,759,575,584,578,1910,210,848,865,495,1018,1365,767,248,1204
