-0.8362019023232109,0.051698098158698455,0.7936526474017243,0.9455630316957522
288,351,714,570,1911,142,736,1156,1962,1118,631,221,604,595,289,800,40,73,26,365
689,806,865,692,319,596,239,494,904,445,1024,429,811,540,271,1388,1199,434,378,1081
665,1013,666,544,495,734,893,340,608,1156,198,767,372,1704,778,513,685,1313,358,593
760,0,101,0,82,1908,2136,924,1178,2852,98,901,570,802,1663,1060,983,613,11,194
273,491,40,880,180,480,770,231,1196,1358,940,449,1217,1156,1034,588,998,2194,566,6
741,580,35,300,1485,3417,100,818,672,2836,682,1528,1382,0,2945,630,566,792,369,274
89,606,1266,332,1020,530,820,1740,2995,1432,3362,553,203,1323,450,494,180,798,308,733
162,468,998,35,459,1320,2010,2400,884,388,1033,780,944,2695,376,890,2555,445,946,1398
586,512,2123,654,432,1481,1726,566,2560,1472,709,3730,2695,2047,1781,763,1563,673,1029,497
3418,1599,1663,1011,2503,526,2268,945,586,841,2094,1815,1644,822,779,1396,3179,1020,1719,888
366,946,1016,474,240,3409,2126,1253,550,4954,3131,3816,2917,911,1763,716,854,1563,684,324
558,653,569,967,3018,3,60,1899,1692,2720,1345,891,1031,1620,7040,835,2263,376,479,278
468,925,713,1544,1677,355,1452,1047,4333,2225,3475,1072,503,1285,876,478,759,742,671,901
245,349,1039,441,697,636,778,644,851,967,1655,1052,1450,1558,558,650,658,855,348,1
468,1086,347,624,992,2007,1789,1415,253,4517,3586,602,734,933,1555,625,873,350,944,558
278,544,547,819,275,651,1199,1260,1780,1627,2068,1024,645,684,1526,505,1365,159,1931,943
164,696,94,739,362,231,830,1428,1019,251,183,626,288,518,577,356,1017,1128,390,1425
55,1103,411,535,791,1432,677,323,2271,1308,1924,1314,258,1587,111,93,867,330,424,63
286,201,625,364,628,642,259,863,122,381,160,1348,969,572,1109,888,185,400,379,274
118,956,57,300,269,221,339,981,1364,675,1049,167,326,232,116,896,634,396,364,115
