-0.6634051435338931,0.009598445457985567,0.8000528361240844,0.8664226557136181
427,495,1439,22,540,699,650,134,133,653,713,421,1117,939,293,526,418,963,338,415
299,510,517,1042,962,978,1423,813,476,143,648,607,725,439,1781,236,528,618,1522,14
1302,699,504,579,704,608,585,714,594,658,581,695,677,3430,957,1023,569,1215,342,254
0,284,760,1006,298,408,823,1421,1572,685,596,631,14974,1229,1016,605,1303,704,626,545
1580,1512,939,554,1511,102,419,848,765,682,298,33,754,1094,970,399,311,350,495,1219
937,957,797,558,627,241,1171,431,764,716,893,472,728,732,786,1705,1185,675,943,431
500,1141,129,1208,215,675,824,759,503,538,619,380,130,0,219,1129,503,1351,410,379
1007,321,325,424,897,1933,548,614,505,672,247,559,257,819,2178,891,1004,394,1228,816
962,79,634,0,409,808,1305,481,214,555,28,42975,34975,382,544,1016,1080,62,1863,1435
668,776,308,293,540,598,21,642,478,1035,1567,662,699,272,227,809,989,915,550,116
354,548,1362,884,805,594,334,859,352,664,521,1598,1341,233,1985,512,313,727,419,228
844,488,207,306,996,316,686,1047,702,351,631,716,650,1212,991,1110,1356,936,606,1219
823,1304,844,415,686,284,846,1498,594,824,606,396,796,204,75,1420,355,1142,900,268
348,941,1899,617,583,512,487,1369,433,554,798,1055,301,1050,599,406,318,818,793,831
321,1194,925,1040,660,2421,1224,641,728,731,824,512,424,360,1398,618,542,459,603,444
824,329,869,969,426,903,367,437,740,635,1584,397,444,1495,1318,399,839,709,0,925
561,574,946,1811,393,1136,551,552,794,702,270,1437,848,1594,390,397,500,682,532,108
572,718,730,1398,1003,1584,735,1239,492,333,909,1208,369,1118,603,1565,884,460,688,715
690,1134,0,563,426,1113,826,418,345,1407,960,476,601,458,438,328,446,295,663,300
1064,518,388,645,651,730,1133,525,1047,991,961,111,361,608,188,285,363,412,784,772
