-1.0499571780761354,0.052669823162975714,0.8995804361399173,0.9010598916713142
975,737,1277,586,2465,1364,621,62,3698,622,696,185,1191,1328,385,213,106,741,1693,547
535,39,40,120,99,270,0,834,1175,790,313,126,0,806,240,357,785,524,895,613
30,1152,982,787,639,352,362,288,303,882,923,349,281,1126,2,504,36,91,872,313
486,112,499,1882,830,660,213,253,667,430,0,138,124,263,505,859,998,322,375,482
493,324,53,23,1036,2028,1583,637,320,633,1713,661,1509,676,76,1093,127,569,1065,1003
1913,786,488,1906,306,134,2294,352,439,172,658,101,360,570,67,12,746,778,1142,412
3278,733,1082,239,301,691,105,395,155,361,284,549,821,804,1671,715,395,202,311,92
993,454,354,1521,1531,543,0,99,738,171,161,1304,147,540,750,185,438,403,982,280
190,484,481,717,244,1413,144,1435,142,1053,217,638,1001,404,239,8358,241,1284,624,310
3700,939,353,1078,479,1180,1693,577,403,784,764,846,2786,434,2858,10134,8284,1114,301,236
3033,11,988,790,1893,2007,69,107,544,867,1138,131,196,2183,5622,7156,10314,6011,261,2877
575,267,364,424,2767,1957,58,756,2151,83,863,99,1136,214,1101,2261,7303,1762,214,368
969,2513,668,911,113,79,1129,801,377,612,682,1720,551,467,1320,5867,6708,2168,1789,6405
1900,2464,1114,746,196,487,199,1120,122,577,317,412,491,126,212,309,727,526,796,5019
1589,1364,2455,3738,308,434,405,99,1133,772,22,901,291,476,400,99,1834,0,341,447
536,374,368,1196,16,90,353,1797,96,1020,963,575,730,868,809,993,727,242,364,976
155,758,676,220,1351,1335,853,1200,484,2197,768,195,684,562,692,611,2126,98,754,331
342,433,700,143,1219,241,94,1,730,209,46,1856,621,610,86,1328,507,286,333,374
2421,461,327,178,2395,869,1052,1403,554,411,1438,2715,1018,1072,940,700,663,2181,3020,89
7400,200,813,1284,1362,27,660,1024,972,246,691,47,462,0,248,518,279,1491,921,2985
