-0.8239971142271795,0.04779042448605555,0.9074059769208946,0.9458184032859496
727,156,1259,435,1790,139,323,335,1760,652,794,985,658,1194,1120,968,112,1428,122,1939
163,931,1115,674,769,1335,984,2271,1627,426,2558,494,489,170,751,1026,1103,1806,731,912
603,1130,1282,1184,362,1170,631,1018,1213,534,1763,832,3371,739,969,260,454,987,2324,1191
652,785,926,351,298,429,332,204,719,859,233,1239,374,3375,562,2794,285,3769,1546,2158
672,3077,672,0,300,732,342,509,391,1627,2271,472,988,618,1308,579,1374,678,1388,2449
291,678,696,2173,1607,1073,400,1094,655,796,511,1104,0,333,2169,3150,1554,1064,4266,772
1909,335,431,1140,2274,327,1429,201,1130,186,341,1181,1153,618,851,1076,2055,2115,2573,2332
1933,150,423,432,0,349,1505,572,190,1707,799,645,2358,605,1287,1123,2873,3399,1971,315
285,142,731,265,170,39,140,253,350,719,435,45,701,3411,1187,574,3070,6261,2409,586
1719,305,751,166,115,511,1058,1556,1940,31,857,842,5,3021,940,2859,1093,739,1934,297
750,2615,200,478,241,535,227,1575,549,360,612,476,124,1687,2115,2196,0,3176,1111,1465
318,270,1347,246,278,110,755,1732,388,20,1108,1801,436,435,1220,2312,623,1357,2139,1588
755,2962,459,338,795,94,329,1048,999,724,496,1724,575,112,1566,1426,389,642,2047,812
1271,0,2215,846,1287,508,248,226,539,152,650,358,537,1305,766,927,1877,2635,112,386
679,180,492,929,150,716,1876,1295,58,333,1320,1787,429,368,755,408,2229,1191,653,1014
1666,170,89,49,541,401,1581,632,794,330,883,2044,1729,246,2493,680,338,318,1688,677
818,501,0,166,2621,1929,1220,2069,893,2241,1365,1102,679,434,72,0,1585,2068,466,120
1655,1104,1074,1419,765,1091,0,2089,1564,1345,343,694,485,1196,1609,772,687,1180,287,142
161,634,568,1180,911,633,824,115,459,1167,1515,1152,621,1212,25,672,657,0,928,136
830,771,1726,110,555,104,424,1212,155,1146,698,256,684,13,479,543,301,1202,65,737
