-0.5980728520821889,0.051989603195861836,0.9173006082604657,0.9696907466447754
1508,647,790,1231,633,2356,800,578,1153,561,521,423,3464,1929,803,2353,1883,981,1552,986
792,1047,300,716,1513,435,1097,1345,998,1270,270,1421,78,567,255,1667,517,1352,2264,2080
542,1798,1101,1167,960,356,775,1045,843,1026,1733,1447,558,1526,952,1929,1916,1596,3090,1981
1123,1446,854,282,1192,1013,1201,1275,703,333,889,691,4592,0,882,503,460,997,2535,1329
1239,917,494,745,1285,818,749,1209,532,1029,1261,592,1619,1668,1837,1886,1968,1671,1011,716
507,1291,684,13,462,1106,332,818,133,1699,1724,1169,2086,4170,775,1587,2314,1830,800,333
1245,342,566,601,1280,888,943,814,475,2776,1968,1230,1138,1878,2348,1139,2244,153,1030,1445
441,200,1278,523,1538,1029,1187,623,874,725,971,1060,2022,1271,1697,842,991,438,2165,1794
1051,322,877,752,414,707,637,980,1516,923,143,760,1389,1489,599,1240,556,828,1032,764
628,1332,1,987,463,272,111,1868,1186,347,1050,352,1063,550,583,933,2781,1309,1109,650
801,358,1069,650,595,869,641,778,444,705,1182,1743,1288,1620,1238,1114,679,750,1012,1722
929,1011,636,551,1058,318,77,1122,807,823,1546,472,359,927,1419,828,439,914,309,329
1765,1073,152,1233,724,511,820,1311,575,720,970,517,1117,1037,490,552,349,1248,1609,992
526,472,406,534,1011,231,284,390,178,625,348,581,478,722,850,708,786,1040,165,354
698,640,668,1284,1054,939,1284,609,686,598,790,540,712,994,1779,508,996,1037,987,1751
1389,525,941,105,469,763,928,911,1471,496,1223,975,941,1282,1292,292,452,399,731,654
177,249,913,1531,553,317,631,1004,1765,705,975,765,1581,1259,663,275,1808,892,1983,1547
119,332,835,1993,1201,396,423,436,1103,1111,869,159,691,634,3356,748,1964,1270,1229,772
920,853,1058,600,58,429,1084,1103,1541,511,521,356,1072,475,1212,1050,831,439,402,795
100,863,1105,753,269,518,409,843,949,378,1276,1186,414,898,418,2310,781,792,1196,0
