-0.6190324966729962,0.05103919682998732,0.7993152803064212,0.956852875416958
160,506,1202,488,352,163,1351,381,739,706,284,689,795,485,1016,873,222,720,473,474
686,1114,665,482,397,1040,582,1221,953,1862,626,836,615,133,1018,944,323,616,312,382
352,642,345,728,605,1110,503,1255,727,654,1682,1110,141,263,462,437,363,721,601,163
346,354,328,741,411,875,747,1467,1489,1069,1535,873,1094,661,1660,622,919,384,269,636
1370,1106,622,394,355,975,756,670,954,681,1603,2056,1386,17,518,543,777,980,663,1145
120,718,975,1105,1455,1162,1533,1083,1589,1763,1085,626,943,836,1794,264,1016,721,853,419
817,724,775,1556,1527,1307,1442,293,1408,3939,1097,3269,2129,1190,1283,775,763,727,758,786
666,447,656,680,662,1342,2282,846,283,890,6816,1454,1399,1207,1479,1107,1681,517,392,414
444,110,691,518,1120,808,1508,1280,1466,1212,912,1932,1209,1694,438,1089,2366,285,1226,692
1149,275,439,795,628,973,847,949,1070,9771,1460,2140,1715,634,2056,520,498,715,847,989
208,851,667,846,1340,2274,2088,2900,1304,2223,885,1563,0,1151,826,1212,1440,509,813,399
291,1074,499,882,836,1553,831,1601,4036,1450,1800,1257,1301,1119,9608,461,855,202,1032,295
832,601,701,875,1503,777,1438,1579,3101,550,1811,2265,1833,1684,3847,1013,1354,590,790,285
215,1687,295,538,742,733,1863,1129,935,2891,1690,658,2190,812,860,791,1025,763,591,973
693,762,422,651,952,593,638,369,747,978,2337,665,678,628,1194,1446,675,1597,893,443
941,588,1141,794,675,950,609,1399,734,880,1152,904,1086,1112,224,335,913,985,399,1059
307,240,317,798,1030,700,843,892,304,1231,381,1198,822,1553,1261,739,1275,756,613,1060
758,583,801,420,780,1232,446,72,676,763,218,153,776,1266,744,551,416,252,690,477
405,267,720,581,439,333,1170,285,664,670,1191,819,940,366,1147,581,565,898,590,1124
509,812,583,371,272,284,495,335,361,252,1273,766,720,722,548,867,388,336,505,709
