-1.03887082293823,-4.274326133712558E-4,1.0703160479260239,0.8499989685451627
40435,34,660,1189,295,40,837,188,330,357,1353,1979,1478,37,860,37,1389,71,162,21308
783,423,489,1377,1660,1424,486,833,126,877,691,1300,503,870,589,270,429,1160,2313,1389
0,114,403,535,340,194,1768,352,1034,202,73,174,334,1261,1919,850,548,428,831,1513
630,478,680,77,0,2313,176,1363,494,580,179,464,1327,955,980,640,574,714,565,6097
302,302,606,440,546,2429,51,540,1608,782,38,2151,1605,1211,465,72,111,824,693,193
60,2417,1199,1570,816,1254,57,1198,16,2156,1158,610,1994,392,566,567,94,797,46,3243
164,689,24,1138,1020,880,504,922,1217,1059,231,473,1357,37,386,249,890,1791,1629,1627
658,435,1117,75,56,641,302,940,456,309,104,447,108,68,340,490,299,1220,604,226
514,200,500,1057,584,861,818,94,363,442,390,356,28,479,320,368,1790,797,244,726
926,1172,166,1577,273,825,139,226,1246,795,134,1340,4801,1304,401,1944,628,8,404,113
1590,326,788,390,590,323,1643,47,529,242,1213,900,34,468,279,214,1696,1165,366,530
678,550,235,294,170,417,743,129,25,342,434,781,1835,159,487,443,203,239,1001,1332
193,32,120,324,432,480,801,2178,208,930,121,95,218,574,949,270,405,392,209,2444
46,586,1889,403,176,396,1586,87,162,840,257,379,734,486,11,441,189,369,146,413
1112,450,1345,361,403,1491,0,312,784,522,641,447,667,316,82,409,1802,1656,2133,1243
480,696,218,2589,992,8,490,1205,330,1452,284,1622,571,746,245,1118,741,590,1268,2603
0,253,45,32,359,1671,555,297,1078,563,596,3468,579,706,388,3165,3209,242,224,730
1046,3783,814,1481,904,1639,85,139,18,1453,330,1675,38,1857,481,686,33,2032,721,1692
2786,0,851,516,2946,302,93,614,78,637,336,1098,564,17,177,292,967,25625,723,1635
1002,69,204,389,787,978,455,1464,1369,535,513,96,573,796,342,477,1256,310,346,750
