-0.5222096649335233,0.05379443187257629,0.8492597217301626,0.9751583575736259
165,353,587,301,959,366,496,1474,1206,1204,577,1801,1168,465,390,384,769,1415,1201,984
188,983,922,250,667,935,1394,369,278,347,1131,1073,748,530,1428,574,1247,507,535,478
745,429,812,1332,849,1825,227,433,1600,1148,1378,1408,1134,291,1300,1676,93,949,226,833
1359,1052,674,773,1850,1232,923,64,1628,2472,441,741,1580,1065,873,366,1670,0,649,781
1175,1075,821,264,929,482,828,1270,2063,1058,776,1243,1466,2548,682,744,739,2202,324,689
80,713,701,598,776,1259,381,1267,502,1187,1885,1498,2822,1183,996,2541,471,494,488,811
1029,1257,449,821,874,1281,1156,1781,1590,1062,1391,1864,0,1742,1133,1761,1151,1579,912,584
635,655,877,261,503,1262,1146,205,1154,703,1226,2353,1724,760,2073,1099,915,843,908,451
601,590,1068,1103,776,267,1656,931,1237,1344,1979,2291,1276,908,906,1316,1353,1523,832,429
1130,623,653,973,1387,1343,637,1877,984,1916,1109,976,911,1691,805,1525,993,2054,1506,492
1003,781,929,1016,1101,652,1168,1834,916,2313,2757,1393,846,1325,893,658,1284,898,944,648
711,820,381,904,2372,676,34,680,1336,1298,2071,1042,1406,1522,2559,195,696,467,1205,298
1172,517,384,1039,1315,2787,760,1348,477,1849,2144,1981,2263,1267,997,1241,2966,313,858,979
1038,849,717,1404,1030,809,1193,765,373,1400,585,1455,1170,669,1090,1067,1517,1187,429,821
936,1162,1091,655,920,588,1339,585,1597,1660,999,1149,1726,2012,846,1034,1251,1201,317,310
515,614,750,594,1249,498,813,318,1243,1692,920,1169,886,993,444,602,464,942,626,736
534,541,325,612,1164,1133,1052,299,961,815,1220,485,1321,1682,849,0,1166,593,129,578
567,387,435,481,518,613,785,685,1534,1005,1171,947,1374,798,1287,514,806,326,307,868
688,1319,409,1142,520,1019,770,1043,717,869,667,1203,340,976,1634,533,159,855,412,1050
936,955,542,308,716,694,248,652,412,722,259,1263,924,579,437,573,1233,397,175,617
