-0.9539084153001095,0.04934260404563843,0.8511554992006936,0.9026505377000075
0,823,235,500,1010,1578,1339,771,169,535,1469,896,524,970,241,1094,192,4739,219,343
145,802,2274,198,205,429,770,130,851,772,833,437,475,354,443,143,306,1004,414,359
1102,625,257,591,64,1264,2281,4813,1179,942,2168,764,727,1877,1077,895,719,383,1477,638
107,190,535,282,2079,1197,925,217,9,205,2822,346,1393,1092,379,0,1028,417,1062,463
298,344,222,170,711,805,1388,795,700,1236,1060,704,675,899,199,568,1470,408,945,519
2710,536,615,1032,439,615,314,752,90,623,483,912,500,149,661,234,1110,530,755,481
702,1086,174,318,992,545,38,945,189,196,854,1,851,1584,442,928,745,2,851,1727
198,597,963,298,87,1237,67,78,352,611,3773,661,665,1267,2226,1586,719,575,298,782
882,498,1398,1056,126,80,298,917,1146,954,1063,460,450,607,555,6149,680,297,5420,1854
240,1579,313,861,87,419,401,1775,290,372,498,83,1797,715,1588,12989,2281,228,3148,790
604,488,248,30,1065,385,605,904,284,227,1147,1820,194,6,6027,4715,3833,13743,1136,248
675,850,790,1680,1736,77,7,912,1018,766,344,120,297,455,290,1511,12978,875,1989,2957
320,443,45,421,627,242,1712,1137,423,188,343,480,438,1081,752,8002,10563,1018,636,4457
227,1794,689,87,896,305,501,1805,682,468,567,737,724,272,811,977,2280,1877,730,223
1273,366,303,549,1166,431,1198,1523,1642,663,540,605,189,607,660,925,393,0,896,12
419,1229,398,602,1082,575,641,1125,5777,172,719,614,854,159,347,1956,401,55,561,675
160,779,234,649,198,159,774,1591,203,1111,278,212,58,256,1191,2682,3853,1188,1342,485
497,904,285,1171,321,311,660,523,699,291,271,439,959,631,601,314,231,274,158,766
236,957,307,316,671,292,496,408,431,590,1148,1050,987,2175,313,854,494,570,1057,1295
1074,656,555,1175,96,1002,600,305,727,507,364,1796,859,1520,567,354,977,0,1315,30
