-0.6658061339202757,0.05215546719642936,0.9031192547739257,0.9652803925900814
1003,971,565,1300,3027,1156,841,1745,370,1646,505,2003,1161,2425,1630,1786,2828,217,1955,454
823,860,850,70,585,1323,1471,1433,1053,1035,2020,980,954,959,1117,889,2438,1993,200,435
1460,821,948,592,760,1032,1711,1684,1767,1480,841,1181,1406,908,920,446,3220,1536,219,1487
542,526,796,944,346,752,353,1368,2240,359,1405,1886,2198,2844,2018,1532,2310,470,770,605
2267,163,2,285,325,492,1198,1190,1005,1503,487,995,2915,2241,985,560,1426,1457,1713,3232
251,792,359,744,1468,84,671,564,1129,1147,624,1953,1765,1751,2042,1134,1088,1637,1041,1228
1266,412,1268,1067,1422,216,766,950,876,252,796,443,249,1382,2789,1178,757,53,717,1108
1257,561,488,1141,111,1055,696,2062,755,802,847,1699,1036,1007,2259,1474,1214,1251,3691,709
378,695,786,861,357,1137,1015,442,2674,1624,583,551,1877,310,2155,1785,775,1231,785,1065
177,820,847,522,1209,1298,270,921,117,1185,10,469,194,689,2635,1115,1846,1763,1760,1086
2170,651,634,526,523,1447,2449,633,265,672,773,314,444,664,2226,249,404,1463,1589,3310
1907,499,843,342,511,1274,544,977,676,1192,453,629,1357,1167,1661,1391,341,556,1184,307
369,414,1059,588,600,842,155,1059,1006,86,160,998,745,983,1680,1172,573,1761,342,1124
212,398,382,163,618,842,268,260,920,1004,1323,2013,284,1948,481,186,1174,428,519,1198
158,618,999,1221,752,693,509,973,1463,1767,294,353,789,738,439,1509,1948,1268,378,44
803,200,1167,1763,442,486,513,1331,918,693,554,708,1010,588,850,1734,877,721,1088,258
499,1293,112,1366,931,180,1152,646,930,505,1076,1024,2297,81,831,549,843,1376,1792,182
1107,132,1264,407,353,425,1348,355,1674,1201,566,768,1019,357,452,1239,157,554,822,350
697,771,842,925,753,503,1736,726,1283,218,399,647,508,501,745,511,662,636,755,660
226,549,388,783,1219,1318,486,352,212,630,521,1213,1611,550,247,424,210,753,826,1639
