-1.4817856193901997,0.0622479347000125,0.7875272133766759,0.8929011845266993
717,388,1235,58,61,708,59,87,272,175,11,2623,1298,1554,321,167,506,416,100,0
1788,91,63,187,489,211,100,710,6,21,0,12,143,1037,410,1010,356,489,800,10
43,2,664,15,39,68,64,1081,369,468,763,204,1005,1767,262,21,418,54,823,670
76,1520,122,90,320,664,747,418,21,43,644,445,500,239,53,494,858,157,0,852
1373,406,4,0,623,342,22,4,0,375,218,1082,978,124,4,579,1058,58,1991,34
1154,3,607,208,626,275,129,2764,257,135,829,4,10,556,0,1134,1520,27,94,2
1023,2162,27,840,1,2884,435,814,1955,322,1018,935,1332,1429,6705,784,257,1925,275,7
798,40,504,1552,9,1116,8,5,184,981,1944,119,287,14,997,2979,100,75,1070,870
688,1106,23,416,231,422,144,0,1778,690,685,3579,3395,87,3197,2,957,668,707,1114
2,286,360,409,511,2680,3008,2587,1787,1500,436,491,0,831,3471,937,718,1639,1308,241
11,90,826,132,235,93,16,2336,2787,355,3308,7321,4598,391,1899,34,499,52,240,545
30,904,16,720,1405,1,97,1116,3831,2152,2378,6715,2992,1993,3988,1060,3572,1239,250,200
1716,2,383,448,375,364,720,2056,2361,2217,5362,4335,2098,112,2835,4281,2905,789,4508,423
164,53,624,967,2123,48,77,225,1178,321,2188,992,594,247,2074,4772,2313,317,1282,48
1630,2,118,247,861,0,1187,1243,2436,3048,3364,6559,3608,478,1381,2597,6,13,590,905
1149,254,507,1595,1311,778,120,2014,875,311,399,5177,556,4075,2,750,328,400,541,695
3034,2043,22,688,421,851,577,1057,258,9,112,334,345,2067,517,510,3,190,764,1086
51,400,532,24,3959,677,2880,1232,1403,2173,2361,290,342,646,1605,104,2470,163,0,31
1506,1,129,2580,410,757,57,1464,1,185,458,1051,57,2654,1027,0,1477,825,3713,349
219,1138,187,1588,611,603,3094,5417,1414,685,362,1892,1859,3,510,39,228,98,2620,351
