-1.2036576076388823,0.0014330826546361593,0.9680297308437448,0.9078776665323666
2606,1159,5,392,1426,1128,455,375,475,233,74,162,1626,4499,923,193,993,1560,887,2707
966,1365,4347,1071,637,397,22,714,444,3,1726,628,214,1265,2686,976,4293,2678,1447,270
671,1874,1802,714,3560,34,489,4248,1127,202,1066,0,1461,1521,844,245,997,30,334,2110
480,918,384,142,1349,43,108,419,3719,494,420,242,448,422,4299,791,456,1790,3721,81
953,125,0,878,0,1634,832,1191,110,1394,116,555,68,295,2588,1244,263,429,360,115
132,403,299,2545,3137,401,419,526,1871,523,671,16,906,806,1816,137,2315,374,311,1507
190,251,1948,518,820,1684,853,2374,75,532,502,802,1370,1665,1665,2314,2137,0,2661,17
3313,4,991,219,178,287,1149,402,0,1238,2804,161,51,1661,847,3260,52,0,1252,147
173,363,96,458,71,583,716,11,301,3815,121,33,982,491,350,2503,1736,1350,713,1010
1080,258,82,811,556,360,159,1098,112,18,69,0,2709,47,1811,359,1871,1072,1110,799
68,1248,0,21,1642,478,2757,35,105,160,1220,0,6,149,135,0,326,286,2346,3349
952,276,1721,341,455,116,86,565,75,1703,141,62,516,988,2165,0,395,91,66,78
1429,130,3690,3144,23,2689,2539,0,247,1282,207,189,211,4566,52,6,989,3491,714,89
164,1256,527,3493,541,610,151,1614,155,894,62,179,2116,540,22,202,57,4272,4781,442
12,2637,756,0,282,0,454,576,395,617,290,916,11,37,1061,2156,111,2857,2964,40
300,1211,536,133,233,584,130,1309,0,231,0,511,1914,432,422,2327,1119,1827,138,2156
1414,374,6704,1731,1221,532,160,215,3280,470,416,1307,1487,1559,895,1433,859,3555,294,97
2372,2258,1672,643,466,14,156,4,3125,3174,370,99,0,361,1369,1480,456,19,1741,220
3183,683,2953,357,730,2089,737,3879,219,1663,1123,309,2209,611,33,206,32,649,693,2952
805,393,116,708,1826,1038,312,635,273,190,1091,218,390,99,5499,1842,356,804,547,615
