-1.335819062895907,0.028883456445485647,1.05025748958715,0.9065569037243552
5112,485,2100,373,39,30,497,56,1754,191,98,592,0,2859,598,128,143,92,3307,6527
532,882,4760,3562,378,1322,339,188,66,422,108,1199,3002,129,3,2208,1429,1992,96,2856
1747,2115,2096,864,105,376,18,128,175,1914,1751,481,899,1027,2138,324,1441,6709,255,2889
0,288,35,1095,1272,5261,74,51,1085,1314,67,58,1525,281,7,840,49,2809,46,1983
620,878,1044,510,27,834,748,668,1670,2190,620,623,288,131,3,1222,234,1766,2914,611
641,1460,2,724,388,627,2426,872,2003,665,986,2202,86,543,105,402,6,34,1457,442
76,857,1645,316,958,234,534,110,224,2217,237,999,188,211,14,56,34,631,3669,831
2621,1400,337,674,313,44,68,198,568,330,623,264,2271,1185,1,271,3290,548,82,1779
387,613,676,58,297,433,881,2,578,387,356,101,932,291,1198,1207,1261,864,884,570
872,4449,518,2251,1285,16,62,1631,579,217,100,101,2,1496,1355,1121,246,497,346,1691
844,4050,1132,193,1026,108,2093,22,348,449,288,1472,200,324,724,526,31,574,2360,161
2,1268,166,1557,582,547,31,549,94,54,2124,529,409,657,0,57,241,2272,286,150
1918,1146,1099,17,1885,238,678,474,149,408,599,429,362,691,110,93,34,48,1532,1478
548,1962,179,1,987,1090,1390,50,1384,0,3,726,710,125,40,372,1539,859,909,314
2460,1944,353,107,103,1770,1516,210,426,290,903,263,1019,2,167,220,269,2,687,864
625,245,313,2081,36,448,306,379,66,27,5,27,673,687,86,2,107,1051,520,2769
1588,334,973,1,679,1102,61,964,117,2394,418,469,2099,1262,1900,1339,916,606,399,2056
1780,920,788,1020,1958,1170,187,149,646,22,63,634,3037,1530,236,874,1695,1600,530,120
4949,1185,2497,2264,14,2009,2391,513,186,19,791,491,577,110,602,1672,2756,2450,3984,1478
5246,2398,6197,4636,3729,3058,640,672,865,51,477,3045,16,1518,3334,4583,2819,3049,915,390
