-1.214434745145755,0.041598918420685985,0.7859152021592329,0.8964918371800487
522,439,1337,480,534,161,5,0,576,195,268,8,467,2247,692,1320,248,3905,134,147
1188,1126,130,1501,740,122,63,178,124,557,290,18,195,205,435,1494,238,1217,101,103
0,362,552,21,234,89,873,263,317,307,190,196,4316,222,133,105,28,147,549,444
485,62,92,350,882,147,1137,4405,1855,96,974,150,669,937,513,650,352,645,603,224
1374,17,1,119,7,561,921,1013,1671,53,872,1145,1805,165,3172,367,266,641,720,280
272,456,910,2551,1981,672,690,364,73,67,1087,376,378,1681,183,266,1373,1356,103,152
168,1198,251,86,520,471,139,1,36,78,11826,187,1935,110,306,1166,502,50,1350,466
7,914,221,683,490,2664,447,529,49,1709,1136,29,20,429,5895,1143,292,592,618,157
346,430,2277,1153,660,2686,923,1704,496,1182,485,6,1551,3460,930,393,9,1044,17,420
1097,0,294,471,116,285,2090,2413,456,2612,3574,81,3895,3178,415,2435,1242,55,1585,278
572,323,1079,494,24,156,167,813,1524,105,8495,0,2766,1868,904,929,1178,359,1435,1126
111,384,187,171,18,0,118,227,2319,3631,110,7670,2751,3656,1968,819,0,3027,765,833
73,503,148,464,237,329,666,775,5044,173,6035,5049,2812,3536,1429,2022,3913,2816,1924,331
85,425,403,74,3460,91,265,2054,868,2104,3910,1577,1854,619,1926,1807,89,66,321,1165
522,536,1448,476,786,3363,398,879,501,342,1015,3341,6486,455,98,1653,167,2727,509,1038
576,1643,0,1082,1326,166,1999,629,3799,1252,870,0,207,1723,2160,1729,1201,325,1319,1053
39,232,0,86,526,319,342,1461,1396,271,832,3332,962,461,258,483,678,458,792,148
242,59,615,415,3166,1743,242,11,277,4409,938,633,523,0,628,387,1142,785,276,43
802,595,1310,1218,2174,1590,1056,177,342,1514,395,294,589,780,248,1490,1610,1814,3296,651
16,1256,130,1487,183,317,277,717,0,463,480,219,20,151,158,407,552,1391,918,60
