-0.9631807151324483,0.00833836109782079,1.0536092176994325,0.913057492489313
25614,2734,2155,1027,531,789,209,1953,923,1236,1084,605,178,603,2453,676,2053,282,1495,9292
1555,1608,1368,36,661,606,1301,2407,260,753,616,231,854,67,817,655,1539,988,1202,1565
25,3753,2217,121,970,528,796,1270,559,140,491,1988,1780,405,138,386,792,873,1382,969
773,2954,643,1764,682,964,802,647,94,1231,44,905,1348,831,796,2022,605,721,1791,717
2603,194,349,441,540,4,1222,0,208,459,453,283,3179,447,741,478,1760,1691,443,193
517,630,41,1244,10,1277,187,1028,820,118,316,843,313,236,72,389,160,717,968,1387
1440,714,766,311,1357,408,1986,871,1094,799,104,62,2473,979,308,32,2016,10,755,374
451,445,963,795,944,170,602,828,471,409,80,345,621,340,561,1143,783,2397,1511,436
450,534,1075,743,0,1879,955,900,36,436,1443,342,1564,263,704,544,358,111,857,357
665,490,1200,493,1078,234,98,490,329,899,224,131,192,1555,7,245,646,741,626,248
1516,549,1209,134,0,597,2391,210,370,49,1221,325,627,966,656,447,1045,228,1653,2282
769,1821,1073,719,772,67,1919,834,75,778,928,775,48,386,1271,145,960,911,366,918
477,222,438,1029,1432,1147,20,5,366,255,809,2184,344,686,736,620,254,181,1579,477
1238,817,2539,850,555,560,0,447,324,1185,1012,109,453,554,978,222,1803,1279,388,89
3058,220,21,1601,579,291,544,1024,749,360,90,331,699,2375,1091,974,421,3616,744,357
1052,1910,1151,0,12,810,916,368,1019,84,939,1300,37,1335,808,294,791,1225,316,612
297,732,834,427,92,760,930,1934,795,1065,719,683,1240,535,2352,1162,78,705,1786,884
232,2746,522,235,684,1144,2110,1657,633,1088,1330,276,94,394,692,1504,3370,2749,708,1944
810,1626,3025,55,3443,665,994,165,751,527,233,281,487,1458,1340,673,0,708,3925,1140
4894,2923,1759,36,2451,345,1230,565,1428,0,1104,82,932,348,172,692,7284,1351,2,3323
