-0.7788869452011001,-0.004335896162248782,0.9088010611834063,0.8392149533124434
436,203,148,323,1137,310,213,367,107,63,857,844,1557,567,339,867,355,342,744,377
553,785,913,875,1828,5,290,434,719,2017,667,123,1075,727,1140,1993,222,1410,216,76
1137,932,735,286,556,630,879,403,876,720,260,198,607,765,519,1138,274,151,3329,1733
768,95,615,845,797,941,327,609,242,1923,694,939,0,845,899,325,494,580,159,53
260,1531,0,19523,734,981,730,77,718,2172,539,0,505,322,1732,260,106,515,711,916
242,831,339,478,1241,708,350,252,466,118,410,1156,527,117,797,1274,432,578,1331,1027
1036,836,430,1080,24,558,149,252,697,495,675,844,296,351,55,816,146,848,464,588
3107,114,923,1596,292,783,534,895,789,431,769,1420,616,848,1276,209,945,646,1470,240
0,631,835,198,388,1281,511,733,14,599,401,1688,657,309,773,847,350,768,256,1875
617,1231,428,102,368,1312,627,934,752,451,429,1690,175,790,426,363,573,748,1133,1086
537,198,931,672,144,529,438,593,432,529,891,341,436,485,506,819,396,1342,602,139
204,514,659,1660,293,1121,1125,1048,657,831,22,1560,883,117,923,53305,53,523,1110,536
450,682,576,1023,457,620,431,519,1791,265,345,344,908,545,1290,940,196,263,1080,544
763,2701,853,583,526,738,945,1117,1976,170,667,342,424,244,1106,348,382,411,617,981
2243,647,433,177,163,145,553,73,780,504,403,28,236,156,571,1194,355,722,1244,603
680,989,998,1548,326,109,900,640,412,661,0,891,196,132,513,697,929,642,1313,263
628,380,914,1604,811,212,177,649,36,544,433,909,797,918,227,842,678,523,1215,332
817,589,800,575,300,891,481,826,295,414,690,183,875,1303,390,545,219,737,559,691
856,640,1279,315,214,242,439,631,1650,1516,1302,989,345,532,1120,761,869,1328,560,1148
2007,569,704,614,1291,392,1394,1763,843,953,748,707,32540,783,871,828,740,1012,626,419
