-1.2121391813660796,0.05194350710529024,0.8898863763464213,0.893584944407723
1032,582,567,2296,1251,5080,8,0,1151,956,299,517,116,595,515,746,344,1084,841,548
1292,130,2420,1034,1511,900,4198,1433,222,964,1235,409,2463,534,968,1503,380,293,203,0
1186,963,695,1136,771,220,1086,28,0,24,912,299,1,2131,1105,596,2070,407,0,1634
1464,174,1669,99,1056,1566,274,729,226,1685,353,5508,77,2554,1113,21,512,1756,30,1318
511,119,288,573,452,1470,55,412,2308,3011,605,814,429,1675,516,1085,129,662,43,277
1780,972,278,1277,35,135,3060,1847,425,67,839,1740,206,211,139,646,1432,275,238,626
760,177,831,307,373,24,1076,1961,357,23,475,1129,665,0,224,32,352,2057,1378,842
330,33,480,170,135,301,504,1643,489,0,92,1080,19,55,280,59,2547,1752,953,485
121,547,875,3674,184,867,381,661,50,940,1403,989,782,759,590,2589,469,1705,1969,5
225,124,896,413,194,1292,0,530,177,821,825,2393,1275,1614,1656,4606,240,952,1552,793
71,74,68,830,837,102,5,791,165,69,2439,1104,1850,3993,8187,5496,10030,6065,848,3049
109,556,338,6,178,489,146,1111,183,654,555,1569,104,441,1291,436,10618,4359,2753,1292
1887,394,378,87,354,466,97,95,598,261,886,289,25,609,176,558,2090,6424,2231,8990
31,495,880,257,228,654,195,1070,776,534,188,1668,75,10,887,2143,399,61,2809,8998
146,978,166,20,141,601,2473,439,1000,617,115,367,1782,1817,261,312,713,312,1051,529
208,258,253,260,432,1114,0,329,224,403,3732,15,18,89,217,918,417,1623,1210,1397
39,123,990,1273,756,87,1021,483,143,124,1149,829,766,610,28,325,991,110,192,1667
0,683,1088,1089,238,269,1083,158,1414,188,1964,182,980,129,416,83,2,11,530,384
945,1846,2927,1392,713,969,617,2495,18,764,1087,0,1012,0,305,32,1639,0,7,84
0,1066,1651,381,625,450,882,691,365,2390,1632,8,3788,694,234,114,531,1514,4065,392
