-1.4602617237888074,0.053817421215465254,0.8026502576972977,0.8967153084295629
741,276,1032,48,30,447,83,53,129,162,11,2531,2888,1506,339,504,1512,77,986,291
194,91,851,174,543,180,3,1227,34,20,0,62,56,1150,775,577,249,71,953,396
96,2,556,2,40,69,4,1,369,325,350,381,736,1596,140,45,518,29,325,397
76,40,114,158,172,518,1036,358,102,42,957,431,705,307,12,385,753,175,2509,1166
1708,277,202,198,285,614,682,154,1964,27,1188,913,767,130,7,1195,251,316,3076,0
1269,3,1362,4,1021,534,1,1467,129,12,4435,7,2467,893,316,1117,42,27,121,2
1023,1659,407,281,19,415,440,878,2217,120,1042,236,1373,842,5552,413,248,1925,239,43
476,978,828,919,11,1342,11,10,184,989,3257,233,292,13,542,3062,136,118,681,1034
1165,1106,205,249,261,592,70,4297,1662,402,558,3553,1569,113,2983,2,1121,1301,554,2644
68,448,177,409,383,121,1063,1731,2249,976,2981,414,10,1702,3979,614,477,2434,1123,27
234,534,1052,122,273,219,1364,2514,2448,1074,3398,7660,3769,1546,1469,36,405,52,63,950
138,1101,836,890,85,1,36,915,3912,2391,2940,6933,3309,3337,2762,364,1187,2006,232,4
1444,446,387,4,456,483,665,2193,3526,1927,6311,3261,1854,75,4679,4284,2125,1056,4692,235
127,103,504,1339,1819,624,31,195,1257,291,1133,1530,551,261,840,3287,5515,873,904,1073
650,1,85,4,1202,0,2127,12,2380,5,2622,2265,3406,544,757,3679,79,157,264,1192
1394,994,842,1260,1176,593,430,2022,769,1318,396,1663,66,2,18,2015,362,486,2749,910
3261,2126,17,854,422,887,516,475,292,83,437,334,713,3920,11,595,176,162,907,1142
51,292,761,24,3385,172,422,22,1136,1744,2031,654,6,740,541,241,715,204,826,207
920,60,266,3821,437,1318,83,1519,1,192,322,1028,49,1617,1027,273,1300,895,2082,349
137,871,479,1756,607,1107,3837,5417,2348,824,283,2278,2010,62,53,7,360,99,2058,358
