-1.4407018914178205,0.0035356348800697,1.0514619575176858,0.8516381215645097
25810,300,516,549,57,21,2510,28,10,120,150,608,268,268,615,133,1322,3640,1318,6858
321,931,1299,80,0,747,1684,2103,1311,1709,1785,259,2183,970,1209,2043,57,243,25,469
13465,1783,34,1484,310,2650,473,529,65,1557,43,20,342,888,16,1779,1844,809,893,304
279,0,222,275,215,308,550,580,1490,876,683,827,19,509,43,5113,92,85,170,732
499,1110,2814,535,73,1934,127,996,48,3,791,269,0,0,423,2234,477,569,2873,1348
589,241,53,757,238,946,2051,1132,22,881,960,506,290,275,0,440,1385,358,588,2209
794,340,2,4,18,127,152,643,22,679,753,865,248,250,1272,1097,179,1252,252,179
8,138,63,1001,1503,0,0,2002,0,412,866,1247,77,771,50,904,0,121,950,28
5044,1693,229,341,1869,2303,3462,747,569,36,28,21,2814,10,206,584,28,193,662,1063
178,819,1554,1792,51,1220,128,299,92,552,2362,2126,496,0,1130,1260,1702,3478,149,76
467,357,55,1370,34,982,40,389,18,295,352,140,325,251,195,207,1663,355,1354,245
19,1410,1129,19,1150,23,138,1029,212,2449,29,45,185,934,808,402,1988,573,128,154
1059,103,36,66,1636,6,152,707,202,51,309,445,228,161,203,397,0,203,1,0
2179,788,114,1,244,630,312,270,667,4608,34,0,543,1540,66,515,75,7,115,1408
395,56,4977,589,0,282,4,2480,147,611,848,493,123,624,413,777,1870,2333,528,228
4521,5019,603,5305,559,426,63,7,17,910,154,142,128,64,815,1841,15,192,335,17
9489,1391,111,408,4664,175,619,38,6283,790,0,32,937,83,8459,460,635,73,2407,501
1069,4569,9,2784,175,137,25,480,51,125,282,1390,740,167,584,476,6,2255,526,821
1740,492,553,189,769,199,3088,934,607,1609,3584,1429,912,18,0,299,300,700,7037,1116
1041,884,269,3132,410,1513,1807,7059,132,69,868,702,175,2836,638,1918,43,49,115,8699
