-0.7670793143834965,0.0302955843805391,0.8289106321967884,0.9519175972220495
501,367,383,447,999,461,512,422,278,1620,824,1498,500,317,1816,595,237,174,276,217
663,659,551,1186,803,483,51,1014,539,482,402,752,399,698,563,713,841,987,276,305
1322,489,252,1102,318,342,994,92,980,349,779,525,268,907,634,445,227,711,56,169
674,857,7,251,2481,432,268,924,2573,2088,1073,243,833,1846,1067,724,164,445,550,864
2326,49,707,1106,609,76,114,784,365,453,92,2228,985,373,146,723,1147,1376,145,368
305,1234,610,1038,1503,1105,1345,461,633,1525,988,1495,1144,571,1702,871,538,1657,1350,633
1761,49,243,787,1951,331,1445,811,1117,418,582,1661,1056,445,565,2813,355,1077,775,364
128,236,1825,1298,633,2643,1368,971,501,1796,3100,219,2776,1293,394,307,2295,784,819,415
493,459,1021,1658,2151,2651,1210,3600,3291,1338,720,2717,3463,1503,1317,1768,716,579,881,344
701,2301,1319,1077,981,1408,1227,215,509,1140,1646,112,2558,822,722,549,636,422,1225,264
731,3477,996,2066,1273,2365,490,212,1654,3582,4073,2174,1524,1264,976,976,969,858,817,1727
83,2246,739,973,1002,344,1173,2473,904,1208,1938,1525,1361,1567,4691,801,111,1447,668,880
809,1721,995,959,697,518,2133,2573,1593,3613,672,1884,1466,441,41,610,683,482,579,635
86,1100,406,435,56,575,840,569,1513,1215,1985,963,596,573,715,913,979,500,856,925
460,1384,1443,569,606,1074,601,657,551,2101,1415,296,880,801,1201,1644,7078,512,490,1038
817,1207,68,1066,432,275,967,869,375,3649,1262,689,631,794,1055,718,157,411,1195,528
444,770,1197,388,625,638,1672,1475,245,1268,299,996,1464,797,1394,603,704,972,632,1174
95,128,640,593,499,1221,242,638,289,666,985,1385,318,371,1618,2430,1059,467,858,455
408,449,256,514,466,1262,706,1264,2038,2564,435,607,337,414,295,1238,294,107,114,229
165,573,164,915,822,124,3320,805,767,1336,1031,2187,36,266,644,1179,550,647,403,165
