-0.8901054419912267,-0.003641094494634977,0.9061014565290839,0.8386458585560362
513,2349,218,648,1037,1552,639,1025,1147,1469,2664,702,1108,623,656,190,6672,809,204,573
422,412,655,1156,818,8,832,450,897,836,468,698,488,829,1269,1727,225,2485,407,532
895,1107,541,239,1351,484,864,138,534,0,40,611,867,3568,588,806,287,790,1585,550
115,285,622,370,474,107,335,133,40,1509,784,1139,0,657,904,674,228,634,1001,163
64,184,611,18739,2524,324,1260,530,737,702,779,481,896,567,1842,361,804,1047,891,444
323,1574,315,1325,1370,403,1193,279,531,52,1780,804,402,103,541,815,73,630,0,681
1452,558,467,1258,709,581,1035,1163,249,15,454,362,920,1878,227,586,420,623,664,144
1611,455,504,0,345,364,102,1137,1400,664,0,1214,713,2401,0,197,665,544,0,384
121,825,294,658,1047,477,737,997,864,522,299,354,467,576,405,68,490,157,341,562
123,741,155,98,241,1961,1181,370,1623,476,373,37,5,357,374,96,350,727,1134,121
439,621,2376,981,1531,463,438,213,7,1098,308,454,8,651,542,642,370,2305,379,759
37,0,509,1046,583,712,1347,1011,234,706,552,1172,1644,733,1804,53399,408,901,244,595
981,583,986,1121,259,1195,443,279,462,424,639,551,923,832,2462,914,328,466,1269,199
605,808,303,412,109,145,941,591,1044,110,1026,397,506,261,1028,380,935,727,381,302
115,3309,14,353,883,136,588,201,367,430,1204,1403,315,321,878,302,151,554,957,548
577,638,8,1220,489,103,1290,200,483,1109,1123,1472,1045,1456,2183,663,385,669,168,242
451,254,448,576,1031,354,687,242,432,720,427,70,382,928,218,0,999,856,2598,159
629,392,1328,559,318,1126,1014,958,591,598,1190,509,356,1297,1390,402,0,607,609,902
976,793,295,99,607,972,509,435,1321,472,208,941,1152,863,1070,210,339,1076,931,477
3381,329,971,576,587,114,42,1764,471,1434,610,255,26014,1052,465,75,27,181,1004,304
