-1.2014160510381804,0.05221584853872894,0.9143619475248487,0.9004198798653226
855,718,171,1501,1003,793,76,813,152,1027,3360,732,796,268,943,30,2554,642,5200,1390
457,353,1278,695,560,94,47,235,639,396,568,1373,456,382,9,207,1318,1317,188,6885
187,1322,321,398,473,295,259,127,776,343,1672,826,1341,74,858,1897,708,2575,2232,2836
220,961,1232,47,239,235,383,15,334,1844,51,10,234,1497,204,123,804,157,876,265
886,236,336,201,17,233,930,1140,271,573,908,836,812,1093,755,947,251,2683,1670,899
1599,1925,77,1994,257,909,641,293,260,1269,337,658,1011,501,912,1755,354,317,790,868
1625,577,2535,214,15,142,45,77,672,186,708,932,1546,156,0,443,1090,1843,370,1766
456,117,403,7,1256,368,396,1486,86,62,1549,448,526,1223,49,167,951,7063,301,1525
1177,345,801,875,301,486,360,30,3646,1195,514,247,634,15,157,2524,249,67,392,1474
3347,388,494,76,483,1248,359,3,786,220,207,670,408,27,3254,3977,129,368,378,602
217,352,445,276,1689,360,14,868,640,225,323,338,538,284,5624,4328,8237,852,4112,947
799,346,564,41,641,240,2078,385,90,575,444,74,574,4461,3831,8059,4190,677,341,230
345,771,4013,2436,46,123,344,42,247,18,686,536,250,156,2110,7834,4127,190,2964,2030
2482,358,1363,2083,65,227,857,759,274,237,2411,499,12,1227,1520,4736,3146,1889,1565,2177
2448,51,2335,1007,98,786,1252,51,35,391,294,208,102,35,858,179,2816,6119,1490,994
529,891,20,306,1753,592,752,0,465,244,3795,798,84,1196,219,371,1642,158,267,1507
1463,85,273,1270,839,976,17,1024,244,1340,491,442,276,1408,1123,5453,539,128,2665,1943
463,1737,1877,78,72,840,2184,644,0,163,116,1598,167,499,96,318,1709,175,380,498
22,1731,8,30,243,195,1083,138,380,2216,138,496,4,341,55,1974,133,1236,366,6
441,3274,392,1092,318,647,462,1036,361,431,1563,405,2402,250,491,3352,1560,20,351,1071
