-0.7526147962300714,-0.004208725081923249,0.9145968975226699,0.8650600193014538
880,1481,951,993,1078,661,866,418,561,891,781,956,493,392,430,510,946,1375,21,463
543,1483,519,1320,564,875,895,418,676,1370,1399,880,1434,803,953,2918,582,1373,674,1399
335,850,667,174,325,1038,364,611,379,314,720,313,1198,2439,534,571,202,1394,295,795
779,483,1059,1430,851,23600,229,767,452,1057,227,1338,8921,403,443,140,297,785,493,868
265,586,879,88,644,674,480,729,731,478,792,1388,275,231,1213,229,288,0,568,2389
730,1063,880,713,1140,0,2053,210,1049,246,793,1593,279,435,753,1032,322,2164,540,638
703,76,243,282,904,421,1183,479,159,356,153,533,1100,820,1292,715,126,958,1211,949
1021,101,796,1106,739,498,56,481,1055,1199,710,541,459,562,579,205,394,203,55,871
1431,1074,714,891,798,707,684,1148,1572,1109,473,449,59,696,1034,546,604,1217,407,182
268,578,774,105,230,371,565,345,795,642,0,954,778,883,605,395,1221,1150,1919,809
83,733,839,1055,351,199,298,513,425,1154,369,924,223,439,946,561,618,603,466,483
55,710,1228,1250,350,353,130,570,245,397,393,777,1159,551,0,29314,2674,772,626,443
160,665,827,1248,510,167,234,1165,1068,892,77,528,673,1319,1533,678,51,164,330,646
506,582,135,703,10389,1659,1078,1456,916,444,449,245,919,511,680,497,740,358,868,1335
690,379,989,885,257,741,472,600,675,594,511,714,330,155,611,259,438,860,966,817
663,817,102,628,555,386,1154,46,787,1171,576,1704,583,955,424,813,326,1049,46,360
1067,956,786,45,498,354,205,86,1066,0,195,624,461,690,903,360,149,577,996,380
599,349,701,392,450,1078,1769,1372,889,1233,798,1217,539,873,348,333,1130,529,889,776
675,533,677,555,854,850,727,694,376,425,1110,1395,1105,728,938,171,611,1054,450,405
156,439,392,138,432,1114,627,883,1638,24,845,916,32680,210,712,810,965,761,322,104
