-1.1025171643877922,0.05417487241693297,0.8985191605915209,0.9019409602986512
1402,116,76,1698,312,3093,258,32,438,1362,164,673,470,278,527,385,4412,276,1679,1522
856,42,514,687,430,587,1254,18,612,1326,2,462,824,1178,266,302,202,1026,1005,748
231,1729,546,439,888,1048,162,1004,39,1003,229,311,429,334,2105,54,468,1865,607,496
246,568,541,1878,1217,129,358,213,133,612,210,702,267,122,280,2039,1540,1006,449,341
543,665,1218,886,586,978,878,1034,644,441,81,2242,132,426,528,997,347,138,478,0
859,694,1214,1631,285,134,58,674,47,134,670,649,483,308,228,322,1818,21,1809,259
2808,1970,527,543,871,276,144,11,381,601,196,499,921,556,622,537,963,240,423,659
1024,1043,593,30,577,1275,343,312,230,698,182,1492,747,75,771,0,1653,503,352,577
206,167,835,1045,251,255,120,701,119,534,1203,1096,1285,2174,4173,8526,516,641,971,420
304,672,1197,382,61,756,2073,213,1272,113,114,878,2491,188,1488,8667,287,127,77,820
133,442,323,225,653,944,46,301,930,769,1253,38,157,2717,5574,4328,10611,2350,459,806
292,1601,475,324,1902,993,546,47,2534,198,593,598,1880,1482,2699,2243,7961,4443,60,1423
1595,1646,324,1991,255,439,29,578,853,595,1508,414,175,1441,984,5397,5052,553,2986,5419
390,241,1063,428,39,257,373,2169,214,129,983,447,207,264,353,246,2908,1127,4031,6108
767,1340,545,3948,93,485,29,940,434,232,173,119,555,454,271,115,2492,894,133,677
638,1441,1858,1665,33,32,444,1333,325,162,311,585,739,266,624,1128,576,652,600,1065
5,1211,256,53,1097,704,3328,2652,285,401,98,1495,3611,1871,92,2813,1629,346,633,1834
307,154,528,24,421,3191,412,50,840,94,252,88,120,404,504,877,2601,992,377,356
289,1489,23,1699,129,403,549,64,305,883,142,3412,228,666,1054,1174,819,1126,6352,149
5054,33,721,165,480,253,51,819,672,1103,1733,257,1598,871,644,418,147,2131,4972,818
