-0.45777236477923816,6.941309074547424E-4,0.8516955161172488,0.9498472292655522
1154,737,480,1569,1045,556,657,1021,1221,464,713,922,591,997,739,902,487,557,204,521
1013,694,831,813,935,1605,735,347,310,1551,1109,1102,247,1272,433,1019,855,135,921,930
874,350,517,257,861,911,442,1332,782,1209,808,407,521,668,1499,378,722,638,464,468
729,785,678,449,686,578,1117,1877,1306,1505,1175,616,910,738,903,818,607,600,547,755
1288,565,830,584,956,445,834,1439,306,1989,1532,814,885,362,1520,426,1236,886,814,639
1070,508,1084,718,535,366,632,1103,1308,1524,455,1149,1046,2189,1030,317,748,853,1053,842
501,1166,808,587,164,934,532,731,1649,705,1055,828,917,1038,470,405,401,681,1200,1005
1089,635,1463,1073,545,851,1430,1214,1852,1141,937,1127,496,931,808,804,338,620,995,528
1305,1843,729,1147,1862,961,250,1866,735,1318,810,31385,800,863,772,371,1003,948,468,940
935,1159,1105,1301,1267,740,831,866,1022,827,1147,1159,943,1010,1353,1100,1419,582,658,761
1145,749,1549,566,659,975,954,842,1224,401,765,2348,1917,1309,1056,862,908,1020,1365,898
721,534,605,1927,1166,1001,1310,936,797,906,876,2331,1528,1163,1546,580,361,397,1239,741
337,616,441,1095,533,788,514,451,979,598,1123,1514,750,250,574,1077,283,659,587,1298
1020,956,1084,1169,1782,1293,537,1537,984,184,600,1475,487,530,548,1224,885,328,572,960
683,373,890,885,1117,318,1226,504,1057,1819,511,1149,522,1153,1462,695,1021,1255,951,1431
1173,449,840,237,1283,823,987,361,350,1394,660,866,905,609,1010,768,945,690,898,449
266,535,1745,953,1048,1429,449,1335,733,1269,1459,1545,855,1370,938,1207,1192,1011,631,418
661,344,836,662,972,553,1072,1174,564,709,1499,690,377,955,971,549,541,668,459,403
471,318,1014,945,672,1266,930,282,765,260,552,327,959,603,760,539,1105,609,1247,1255
939,863,622,1162,1021,1055,1006,549,669,661,776,661,863,875,854,919,308,382,485,652
