-1.256433670969389,0.0517471037630759,0.8895634751127639,0.8969523041360652
855,718,286,1018,1003,729,76,813,121,721,3360,732,648,268,1241,30,2469,642,5200,1000
91,516,327,0,542,94,6,235,933,396,619,996,472,176,9,296,23,445,136,6885
186,1354,321,71,216,295,259,116,776,343,1672,806,1224,76,868,1814,708,2655,2232,2826
111,961,1133,47,239,253,438,2160,211,1793,33,5,263,1475,190,120,998,391,642,213
938,196,177,951,16,219,930,1140,234,617,908,836,812,907,755,947,251,2684,1235,1178
1992,1756,196,2034,387,934,641,424,305,1253,522,583,1004,1079,887,1869,354,167,591,868
576,590,2107,185,12,127,97,80,593,223,638,922,1572,463,831,433,1068,1843,405,1220
95,118,403,7,741,387,396,669,86,62,1111,598,143,1223,49,322,1768,7231,543,1525
1168,103,1045,607,65,470,253,69,3646,1120,514,247,1139,1,768,2524,282,97,392,1940
2970,388,316,76,438,1248,518,3,479,17,27,823,408,31,3250,3977,129,883,556,472
217,342,344,276,1689,0,16,1455,0,225,323,874,538,165,6170,3399,8237,676,4292,921
844,346,48,37,800,168,4785,404,66,575,377,74,905,5013,4221,8172,4190,964,341,2251
345,974,4013,3048,46,3,344,15,247,18,670,536,250,156,2110,7993,4151,137,2964,1934
2482,358,1377,2010,34,168,936,826,117,180,485,939,441,1400,554,4736,3058,2415,1565,189
2448,52,2426,960,961,811,1182,53,35,426,294,110,923,45,1078,105,2903,6119,1444,994
84,28,119,306,1740,647,817,1431,465,244,3795,798,1679,561,219,459,1642,239,704,1494
854,85,273,1225,523,135,17,2364,1447,1340,16,442,220,1399,1123,5487,539,360,2650,780
463,2345,1918,78,62,256,2148,400,833,137,153,2253,167,418,98,294,2459,175,380,548
19,1723,7,30,513,310,1083,137,335,2051,59,492,4,510,54,1299,133,1257,366,7
424,582,392,836,301,647,343,1191,370,1089,1042,501,2366,259,366,3360,1379,20,465,1050
