-1.224964652762033,0.05260354326902628,0.912613572757472,0.8995708142498254
855,718,188,1018,1003,793,76,813,152,736,3360,732,796,268,1234,30,2542,642,5200,1390
457,516,1360,826,560,94,50,235,737,396,568,1607,456,382,9,207,1318,1358,188,6885
186,1322,321,398,473,295,259,127,776,343,1672,826,1210,74,858,1897,708,2575,2232,2826
220,961,1232,47,239,235,383,28,211,1844,52,10,263,1366,204,123,804,157,876,265
886,236,336,201,17,232,930,1140,271,573,908,836,812,1093,755,947,251,2683,1670,899
1599,1756,77,1981,257,909,641,293,260,1470,620,658,1011,501,912,1755,354,317,790,868
1625,577,2461,214,15,142,45,77,672,197,703,932,1546,156,0,443,1090,1843,370,1220
66,117,403,7,1256,368,396,1486,86,62,1549,644,526,1223,49,167,951,7063,301,1525
1177,103,801,875,301,486,235,30,3646,1158,514,247,708,1,157,2524,249,67,392,1474
3347,388,494,76,483,1248,359,3,786,220,207,670,408,27,3250,3977,129,368,496,602
217,352,445,276,1689,526,14,868,640,225,323,338,538,284,6170,4328,8237,656,4112,947
799,346,233,41,641,240,2078,385,90,575,444,74,905,4227,4221,8059,4190,677,341,230
345,771,4013,2436,46,5,344,42,247,18,686,536,250,156,2110,7834,4127,190,2964,2030
2482,358,1363,2083,69,227,857,759,274,237,2411,499,12,1227,1491,4736,3146,1889,1565,2177
2448,51,2335,1007,98,786,1100,51,35,391,294,110,102,45,858,16,2816,6119,1444,994
529,891,20,306,1753,592,752,0,465,244,3795,798,84,1196,219,371,1642,158,267,1507
1463,85,273,1270,839,976,17,1024,244,1340,491,442,276,1408,1123,5453,539,140,2665,1943
463,2220,1877,78,72,840,2148,644,0,163,153,1598,167,499,96,323,1709,175,380,498
22,1731,7,30,243,318,1083,138,380,2050,138,496,4,510,55,1974,133,1236,366,7
441,3274,392,1092,301,647,462,1036,361,557,1563,405,2402,250,491,3352,1560,20,351,1071
