-0.6291269118347036,-0.004334310657873545,0.9424478869390928,0.9107331796736131
860,361,1505,533,1061,1122,235,1099,1240,624,47,116,0,589,988,1330,253,179,727,412
791,561,457,630,523,592,1021,357,1033,651,628,1219,126,471,615,854,3,854,848,276
1127,1530,933,451,305,393,439,1201,1329,414,568,26,1333,578,770,1288,734,581,550,40837
629,681,571,627,1102,734,874,916,1225,672,934,651,740,1018,592,1223,924,418,577,348
504,867,844,921,721,0,1731,697,605,1334,1146,1034,118,381,496,266,834,425,980,274
429,803,911,1067,1102,1596,1827,1637,716,148,1431,735,866,798,328,930,976,1441,660,778
726,306,763,1253,619,751,1452,345,1198,634,900,591,772,755,729,283,917,220,448,1027
1198,528,543,1152,1105,481,813,706,642,286,270,851,629,1127,312,10209,356,508,463,418
877,962,662,468,1074,628,1801,944,1165,867,927,1584,1110,551,745,530,1028,1282,660,763
767,414,591,1428,536,535,1454,523,1939,507,831,788,499,2302,958,727,1108,749,620,961
1220,1255,1821,625,1188,690,961,417,1110,584,1457,322,501,495,349,391,379,611,994,547
2209,1100,917,837,849,1107,896,339,1367,578,890,446,204,930,765,219,907,688,817,725
1285,901,589,1244,683,664,1214,2487,701,113,1027,479,1132,219,1047,1380,1105,419,1238,702
547,337,840,1176,152,2163,399,615,10870,836,313,0,506,1324,758,732,285,435,449,142
156,648,641,842,1192,198,1022,528,982,525,549,742,127,795,1020,187,416,813,414,441
761,1463,1413,390,779,773,359,785,1257,866,1137,1601,887,247,748,706,690,891,434,274
171,194,965,739,449,1317,1397,460,691,1405,862,946,289,2550,718,669,793,832,1032,494
1213,1335,629,762,1338,1453,667,1829,602,1079,419,749,640,572,397,1249,63,1235,440,2320
705,1423,612,1101,377,797,227,74,776,1675,309,1697,1519,504,588,724,800,0,791,601
1087,32,303,1317,1384,423,28,583,87,706,1113,722,1358,1338,503,836,1505,474,780,786
