-0.837944862029727,0.04933384875984547,0.7990731901637288,0.9455522556973073
187,351,225,570,1285,142,736,1156,1962,1490,631,1765,604,315,289,658,43,24,26,365
689,806,1994,668,319,369,239,656,0,445,244,359,106,378,271,850,1199,375,268,982
495,473,666,849,199,734,0,23,608,1156,198,426,686,2283,778,477,685,1313,468,1170
695,1005,85,763,82,1355,1621,924,1178,2847,426,1538,712,802,602,1349,983,442,581,194
520,491,980,880,180,484,415,103,1196,1354,940,1905,947,1156,1233,588,1043,2096,566,115
741,275,190,1445,1547,3558,100,818,996,2836,697,1528,983,1765,3393,801,566,792,933,274
602,282,685,475,1020,827,820,1740,1523,1419,1597,691,274,1841,821,894,629,798,202,465
1634,465,954,35,417,1320,2010,1250,884,1438,661,780,586,878,729,890,2109,445,946,1398
770,356,2112,654,51,1201,1860,756,2560,0,709,3875,2695,2047,1781,1158,1563,673,1029,347
942,1599,1218,1011,1163,498,2268,945,400,748,2101,1815,1412,813,379,1399,3179,1020,827,1251
359,946,515,708,240,3409,2271,1253,479,4954,5498,3862,2266,1165,1763,517,625,1563,684,244
558,653,471,967,3018,3,4,258,839,2720,1345,1103,983,1443,7232,380,2465,950,479,0
711,925,713,1544,1677,313,1089,1047,4333,3058,3600,2038,1286,1285,832,286,802,333,724,1540
832,667,1039,1211,697,636,778,644,851,967,1655,1174,1376,1187,957,1074,658,1898,348,1
468,1086,498,476,1085,2134,1396,1573,253,4517,3586,602,537,933,1264,423,873,598,701,558
299,475,802,947,518,651,1199,1260,1780,1627,2068,122,661,253,2516,822,1564,159,988,943
461,820,94,739,362,231,848,1428,1019,251,243,626,288,518,1412,356,609,1068,821,1425
55,638,231,170,1095,1432,478,181,2271,1308,1924,1314,258,1592,111,370,867,391,424,109
141,201,625,237,470,642,259,863,122,775,160,771,1414,572,859,888,185,301,379,181
118,322,106,334,1,221,678,981,1364,1819,1049,167,225,232,494,1447,603,396,213,314
