-1.1831930284747083,-5.863522454757582E-4,0.9722952367593988,0.9178005897413356
2498,2754,44,773,216,495,649,1009,1684,644,1475,13,1549,2856,1775,1029,1131,22,570,3010
1462,1590,4180,1316,1954,19,402,2426,206,345,2045,825,111,150,1203,4049,4276,3427,2640,297
1460,77,62,201,1753,410,1608,2453,863,437,69,2,235,467,202,896,685,304,410,2909
4241,889,538,1070,1090,189,189,1062,3672,499,784,955,1665,407,1480,325,346,2952,3335,201
1227,4,71,366,1276,28,677,1105,207,1192,1195,347,106,650,1415,1513,12,727,0,99
14,117,121,1059,0,156,83,388,1380,649,1118,3019,381,6,1714,2432,2129,1627,284,621
161,1106,996,437,42,305,1381,562,548,66,1133,1113,2814,1179,419,2813,1701,684,1,98
1113,644,2213,984,1215,331,837,529,1286,581,496,244,86,124,694,504,88,179,3438,729
2328,478,0,704,363,3266,363,316,151,3970,312,65,938,180,999,1009,965,943,1997,3364
206,683,225,91,19,425,189,28,47,307,18,121,234,5592,68,613,1347,1719,311,1767
1360,1258,4375,447,1915,681,154,805,700,122,47,543,93,144,418,2082,83,13,2220,1827
224,336,2627,537,509,379,372,818,1468,799,252,270,1235,946,2110,331,1292,311,1075,534
624,249,4649,1412,259,2685,1453,4,208,2299,1322,21,122,4116,88,147,21,30,1445,353
886,933,40,3192,279,1417,1558,939,1378,583,1104,229,1007,170,34,125,75,1901,2185,1219
29,2211,578,336,49,0,849,527,79,1114,1641,278,0,1280,3844,778,0,697,5306,868
993,1273,580,601,1940,778,0,2091,1181,752,276,1693,1077,808,1052,428,672,2100,22,2063
626,2312,298,176,2019,257,489,238,2404,170,81,50,277,29,320,1861,826,1182,0,651
4011,1265,42,470,188,10,64,222,527,1373,331,228,568,8,2179,1281,438,86,55,2140
2743,1295,2425,286,1657,3072,596,391,566,1790,1714,533,3402,1024,136,305,21,1264,1335,1700
23,882,202,90,1277,947,1072,18,2380,1011,123,294,2024,732,4868,1712,1403,979,320,382
