-2.025969717130069,-6.635654085135252E-4,0.9478713611791261,0.8492814391901606
2826,3414,422,48,2880,52,3103,146,1857,6,684,475,2,576,101,1,1,220,3,3
5,3,1939,85,1205,1,1119,4,3,1568,8,1665,2147,224,1091,6691,1124,2779,1,1158
178,1579,312,953,0,39,977,96,86,1,14,89,343,139,20,426,1368,0,562,2115
864,2520,23,455,1,4,178,4,2,230,1359,408,99,494,2644,2190,4,1760,1781,5792
648,53,706,410,363,0,1206,641,147,221,45,448,0,1865,12,398,14,381,72,24
120,9785,770,1,42,721,1,73,33,134,1,1,1,47,2070,1483,1686,348,7,22
280,4,1696,3,671,428,7,3305,665,40,34,596,154,3999,1386,277,2133,2,4501,530
4,5416,48,19,1536,222,1019,612,5,51,36,88,356,4113,267,2,1222,38,415,428
2630,152,50,3395,1738,430,157,803,1,6,3,248,0,1,283,215,2394,427,92,2108
29,160,311,7,2,97,704,499,167,4650,3270,984,411,6393,334,1301,1170,6,288,410
2470,463,8,276,386,1509,3112,1,2,1522,21,73,508,710,29,240,421,1790,41,72
27,306,289,2817,2287,882,333,3,62,3,3225,0,182,735,1517,5700,12,344,1865,365
266,18,1755,95,169,10,4719,240,323,5080,106,547,2896,183,1910,733,1,717,13,2903
7,182,546,2421,2189,592,24,7,228,68,1197,384,1137,4322,71,80,10,10,3150,3429
9721,95,163,286,3413,1,215,1,1367,675,0,85,2881,8743,6578,51,1005,2570,579,661
2100,904,469,1,1945,215,7,2712,360,273,84,2,4477,605,913,568,1193,1067,2583,1
7333,924,2542,306,119,997,440,355,2554,438,3055,1,1620,1,26,7,14,631,3,212
1076,5102,567,12,286,177,1811,92,65,2733,29,2917,143,24,5692,1551,5533,39,683,1
1231,12,2725,1449,448,1943,96,922,2,515,324,42,968,185,310,395,72,184,37,1
247,591,187,1982,488,2274,129,875,157,5865,1,1679,1288,207,1,30,657,2,1,8078
