-1.3715188256950595,-0.005280215869356013,0.9183019600260904,0.8503267426760102
3941,30,1206,2564,3449,117,3378,57,266,1442,1070,894,876,70,1088,1400,563,373,690,0
2262,193,2,1252,85,509,2738,491,19,214,664,1210,484,1003,962,629,80,45,31,476
165,389,109,474,530,164,101,52,694,698,137,466,89,1298,514,3499,179,325,3070,91
1171,312,815,3,3525,534,239,1399,234,2862,805,996,78,1547,4411,136,2033,2296,552,9405
217,132,2020,0,1556,4030,67,62,1568,174,1183,4,1398,1215,33,908,2344,602,736,577
2563,864,351,1,747,2126,579,25,11,121,1365,428,193,647,1483,1011,49,87,964,426
101,403,238,609,2118,216,58,11,577,357,25,0,35,540,648,245,329,1224,96,3
1372,1264,74,2102,603,5266,1775,7,94,2680,552,129,286,411,698,324,2,116,7,1188
3697,185,1655,556,34,996,1765,1387,229,335,0,746,144,2278,20,5083,3,561,93,137
705,5508,2126,721,30,134,1829,1304,91,131,1057,2,351,493,745,147,3340,105,568,2653
0,0,656,204,657,2690,275,528,992,126,265,1518,3189,574,131,678,302,538,515,1702
956,2,1023,183,253,1177,230,148,547,302,326,108,2126,558,1168,477,331,55,2091,1639
373,572,0,245,96,0,1274,107,777,332,271,135,417,448,0,643,249,2441,10,993
938,759,593,430,1745,1263,490,308,258,204,9,10,351,50,1811,180,615,2,2211,176
2048,187,249,4064,376,708,255,1108,601,43319,1277,1503,63,147,1054,4604,4637,6,4090,93
116,1289,612,162,218,1033,657,472,406,1459,194,1005,1537,784,2400,66,3242,458,1376,605
319,1401,143,1734,217,806,301,456,338,685,1468,351,4,509,37,462,181,1263,2020,933
2880,6001,1446,1376,1436,3423,1804,325,1017,319,868,344,170,606,487,53,954,2,235,3726
240,11,3908,487,744,660,974,1012,218,0,41,28,0,246,38,195,803,70,132,1054
0,114,79,0,622,0,1402,6636,8,587,303,1251,567,133,503,129,133,362,164,70
