-0.46543463878568386,-0.0020261982746913186,0.9698031708182256,0.8999093173274406
388,764,1505,486,946,1154,430,1099,1240,786,621,352,598,589,511,1311,907,182,712,628
844,809,629,559,523,620,958,657,1384,651,557,1020,487,499,1122,853,583,1091,718,663
1350,1550,1308,459,764,366,555,766,2056,411,581,476,727,308,722,418,527,420,1127,59680
859,617,361,788,1102,826,779,1105,1225,672,934,742,412,1126,570,817,924,468,468,609
677,867,1028,463,725,235,1225,720,790,1301,1041,1034,377,357,545,292,834,915,860,571
340,942,854,994,1088,1164,614,1637,716,322,983,757,410,537,728,918,1006,997,455,875
664,252,435,558,521,1196,1210,472,1198,698,559,621,761,635,729,615,1186,281,528,1057
1192,526,960,982,794,637,854,1067,1059,324,270,841,463,861,312,1604,187,503,734,596
1197,962,685,819,1092,587,1230,840,1239,1110,844,1584,963,1035,877,867,1028,1119,668,735
767,297,606,1383,532,990,1155,637,1623,467,829,856,1973,634,1101,762,1831,642,1054,1052
1432,1255,1134,591,928,981,926,347,1098,553,1457,322,635,558,295,444,578,720,992,358
1106,637,917,1076,836,337,896,349,759,1442,864,621,520,656,868,152,1201,676,849,725
1232,832,589,736,799,634,1279,1411,657,904,729,583,1132,413,1047,1444,1110,858,1214,778
550,407,835,726,635,2488,445,940,321,1246,333,1902,455,1324,758,1009,35,446,326,293
156,1189,641,1015,873,614,748,522,843,502,689,1353,433,795,563,187,328,813,554,476
741,1313,1413,1144,733,749,601,785,1257,611,403,1514,849,231,765,669,271,1339,647,267
172,363,966,739,363,704,1010,744,487,1061,294,514,540,652,832,341,479,843,714,508
1280,1335,784,793,989,1363,1083,830,648,993,906,497,608,572,592,653,442,874,458,791
667,1118,713,1101,644,739,372,953,444,1094,225,1010,1334,494,619,724,704,375,764,584
949,1012,581,1666,1049,536,739,963,584,537,1116,923,638,874,431,935,926,794,325,1022
