-0.6773965611096613,0.006577666167259907,0.9861659822356499,0.9571238725720773
2170,1343,2338,1021,878,315,710,1776,1423,1185,719,1272,1297,873,735,541,1849,1456,1923,12301
1265,1012,854,308,1320,0,1276,1835,939,401,11,742,1327,991,919,1581,1145,1206,178,1413
1085,2162,488,1570,220,902,1425,945,261,663,1148,565,1108,2501,1227,588,1293,1478,394,681
740,1299,609,639,1046,316,2110,1157,219,1528,363,531,930,691,309,656,1135,1419,0,1486
1301,983,1318,483,1221,1429,1831,1078,123,1050,474,794,994,413,996,431,27,418,2057,562
1020,806,737,1388,721,540,410,478,201,639,235,321,29,209,797,830,1849,213,1361,562
825,1048,733,648,264,742,519,761,1677,454,836,310,476,387,368,211,1008,393,1220,242
502,1117,542,260,686,593,350,2262,1525,405,1162,522,1271,757,686,381,1273,2180,1048,2217
3475,955,1265,694,348,1446,455,945,1273,893,803,838,1437,344,393,20,580,1189,369,713
1380,1903,131,854,699,411,1014,734,1186,643,752,687,0,1047,901,979,843,354,339,354
1474,2286,2042,541,609,1097,405,472,843,670,447,1058,1379,1300,890,820,777,507,834,161
588,219,474,16,497,0,766,1499,627,1117,577,695,961,793,4167,1092,1318,253,1019,422
813,1127,1493,89,676,760,1351,421,493,704,257,303,607,921,598,2428,1751,518,1199,504
986,1307,1440,858,1119,1099,511,1631,494,326,536,352,582,2159,1472,433,304,1318,1274,853
1070,856,662,1011,440,7,480,377,746,754,132,471,118,92,1077,1259,1385,2921,1145,2139
813,675,1685,1024,697,2239,1407,551,948,433,1829,340,962,254,760,242,1399,274,613,504
2327,1644,796,697,412,569,1025,400,927,1860,1341,1595,481,611,599,669,1970,899,2470,1398
419,1373,2005,311,586,2854,322,744,43,1942,437,1437,775,303,1457,884,863,1084,1096,1703
1072,462,637,942,1406,101,346,1554,1350,665,2197,1190,873,267,2755,547,184,1658,744,2637
30,1389,989,888,1907,971,1269,1529,908,1771,483,0,920,703,2039,2361,682,187,1479,1941
