-0.8596757308620493,-0.002308594204456571,1.0585283132958019,0.8470160501534306
46946,281,468,510,309,318,206,432,350,463,609,1019,971,874,326,77,1954,368,943,14846
1062,288,1049,1631,249,882,18,1722,1253,1079,351,562,1193,496,842,482,301,1116,311,364
850,430,1101,498,203,329,1011,156,217,649,1295,563,369,1883,2137,995,618,815,927,1549
1414,67,457,506,776,642,1057,1409,949,317,245,2245,700,299,315,1436,0,81,224,348
241,1099,528,235,1048,980,967,215,2880,702,811,852,389,1273,423,1170,501,1905,1121,593
2320,1616,1273,581,482,1580,1049,468,0,838,1219,1157,395,571,1407,235,171,852,302,345
350,947,991,740,237,423,621,575,1071,217,236,1541,896,372,92,844,611,838,1226,1161
429,316,428,302,445,407,421,1501,1748,285,304,1679,844,935,409,784,251,2006,202,246
93,59,16,903,896,681,668,760,114,98,1633,462,514,856,823,0,81,1069,163,518
2686,3388,788,287,220,864,767,1093,630,419,189,104,429,443,301,825,275,446,114,1098
114,720,569,1285,593,343,162,564,791,1076,0,914,370,1248,1839,881,233,338,402,348
581,394,2993,1525,82,572,810,357,546,511,86,862,1052,943,1202,166,1691,573,63,299
242,779,640,411,374,520,2877,932,579,218,180,481,113,511,543,117,971,393,572,816
425,457,1702,334,395,317,957,793,363,347,1456,22,1432,92,436,377,320,305,808,45
895,1097,877,797,1251,919,350,354,822,478,94,387,926,1035,794,328,1098,763,959,658
752,282,831,559,266,9629,439,1258,361,32,521,255,563,618,164,573,1434,692,133,1736
862,578,159,5378,128,832,455,413,285,119,563,150,2361,117,550,1081,470,121,256,2037
0,932,1076,999,2803,300,1319,261,15,399,511,735,717,1522,1024,476,611,955,522,616
788,1332,259,1055,1309,1278,750,699,217,106,711,780,316,756,610,1066,702,31598,183,1663
1209,244,478,171,1129,0,444,852,925,846,161,228,256,897,331,1527,1310,189,631,221
