-1.2411218796815255,0.0027606108108420065,0.8178882306401047,0.8465153318279809
1055,58,1805,81,46,1487,2047,1023,750,401,9,33,234,0,4037,135,1313,112,1,1098
394,2960,26,86,160,476,1005,1639,1551,566,857,217,996,150,2253,411,1478,456,303,4497
75,839,0,505,150,1418,1203,658,594,158,1770,7,175,168,428,690,276,200,334,2717
110,103,3401,78,124,805,687,311,2803,895,1053,1220,5470,0,162,483,0,75,552,1226
581,137,978,1299,1607,79,1254,2029,610,2332,740,153,2079,3439,983,351,629,850,159,703
746,886,454,652,176,470,258,71,510,69,211,29,746,883,197,90,22,1864,56,948
228,1920,2304,313,478,1481,750,365,683,1214,488,1072,296,2,1175,401,1320,3449,954,1121
1029,98,902,1091,1098,2870,441,125,29079,35,1230,1314,178,1530,0,288,50,1404,66,959
137,428,938,206,78,190,1445,132,769,685,0,1097,23578,253,10,358,1466,93,530,67
345,35,80,413,451,2894,847,79,23274,1230,791,750,4078,6575,110,428,373,1980,762,499
123,1193,785,537,213,611,51,79,920,351,571,86,76,262,214,5,383,19,393,115
11,40,813,189,3031,431,1224,1250,71,73,1100,586,44,216,1052,1295,107,1774,146,521
2599,892,340,3088,57,337,2380,266,615,1422,649,1271,382,1132,0,61,968,1,206,2250
135,848,577,1592,833,354,550,1898,3059,1721,123,38,1117,268,1080,308,755,349,194,610
876,88,210,373,148,488,1878,1087,431,282,118,280,2165,108,171,153,435,39,194,1968
120,390,1999,208,11,274,2246,1522,154,12,1864,438,228,302,726,456,204,88,638,185
661,90,576,410,243,707,294,615,1140,889,58,52,1941,411,406,93,1991,3555,778,432
92,54,670,87,90,912,196,393,138,152,118,185,432,441,186,385,1766,1522,276,1151
510,993,38,465,244,1118,1000,517,371,1580,3536,605,290,3364,362,34,1274,472,8,95
1700,721,98,853,12,1383,355,381,286,200,503,56,719,1134,515,3272,400,467,215,1463
