-0.5761891047892087,-0.0018400179439506245,0.8230748722068848,0.8487599330904256
407,887,440,489,148,566,559,905,245,918,1393,731,904,712,818,699,1108,768,522,404
301,780,956,439,819,448,345,526,270,600,236,695,863,362,1036,645,938,488,661,474
417,888,664,502,390,374,545,686,249,636,753,555,839,2315,604,671,460,544,471,1239
1123,114,560,398,1063,625,591,373,467,630,1055,850,23254,647,564,145,538,454,684,827
240,1164,637,648,122,468,811,651,643,307,362,503,245,621,1381,670,616,392,1107,854
537,259,1636,758,865,628,867,328,506,495,840,823,463,453,685,505,503,673,817,920
1103,936,694,1256,743,394,1363,105,877,442,795,993,723,471,546,712,504,444,1074,812
1029,367,383,972,723,1129,704,803,663,560,423,166,899,247,216,466,475,653,1097,469
728,260,494,560,1128,418,353,604,1367,1065,465,712,31978,231,600,865,466,479,741,781
415,619,1082,390,255,756,1834,223,616,594,662,875,1150,289,694,436,705,836,903,661
269,855,577,553,1720,522,119,328,646,781,910,1105,375,690,905,1072,767,1188,341,455
621,680,563,391,322,419,600,745,1656,557,107,947,1177,885,988,53059,814,383,760,1258
518,904,1213,396,235,481,231,675,669,909,565,759,807,1372,1887,1016,362,494,833,530
816,680,1325,368,664,803,1049,1163,321,566,550,1135,690,1353,729,311,429,330,177,813
922,155,426,114,774,325,1047,569,464,592,501,538,428,605,355,1169,196,984,269,432
484,1438,1040,778,377,143,598,579,145,1089,587,732,566,294,516,823,612,814,814,718
802,693,704,850,970,477,446,542,541,1018,509,418,382,844,577,896,567,851,782,949
1119,533,675,644,167,1092,743,850,1230,332,627,489,315,1347,199,330,1703,502,730,718
549,734,765,91,1041,135,611,286,565,404,1422,875,1583,823,797,502,918,832,435,572
1651,782,761,912,846,364,1071,1038,860,730,1296,261,632,396,918,216,553,1234,739,901
