-2.1009131267937433,-0.0030962575343198577,0.9468383274412105,0.8496915133729863
2458,3219,422,48,2880,52,3097,146,1857,6,684,430,2,29,101,1,1,226,3,3
5,3,1934,85,1205,1,1,4,3,1568,14,1665,2147,224,1091,6691,1124,2779,1,1158
178,1579,2788,845,0,39,977,96,86,1,14,167,3,139,20,426,1368,0,1219,2115
807,32,23,455,1,4,2148,4,2,230,1126,408,496,494,674,2190,4,1760,1,5792
847,53,706,410,363,3723,1206,641,147,221,45,448,0,1865,12,398,2,381,72,24
120,9785,770,1,42,2501,1,73,33,2,1,1,1,42,2070,1488,1671,348,7,22
280,4,1696,3,671,428,7,3305,401,40,34,596,393,3999,1386,277,2133,2,4501,796
9,5416,48,10,1536,365,1019,612,5,82,72,77,356,4113,267,2,1222,2904,415,428
2949,813,50,3395,1738,430,1468,803,1,6,3,248,195,1,283,215,2394,161,86,2108
29,160,311,7,2,97,704,499,167,4650,3270,984,10,6393,523,1223,1170,6,375,410
2470,463,8,276,386,1509,3112,1,2,1522,21,73,472,710,77,240,153,1790,56,72
27,306,289,2999,4775,882,333,3,62,3,3225,0,487,735,1517,1977,12,344,1865,365
266,18,1755,95,169,10,4719,1,323,5080,354,547,2896,228,1721,733,1,954,19,2903
7,182,546,2421,2189,592,12,7,228,68,328,384,1137,2149,77,80,10,10,3150,3429
9721,95,163,286,3413,1,215,1,1367,1076,632,85,2881,8743,6578,51,700,2570,579,1208
2100,904,469,1,2974,215,1,2393,360,273,84,2,4477,605,913,1009,1193,1067,2583,1
7333,924,2542,8,119,997,440,355,2554,438,189,1,1620,1,26,7,14,631,3,212
1076,5102,567,12,286,48,1811,92,65,2733,29,2669,232,24,5692,1551,5533,39,26,1
1231,12,2719,1449,448,1943,96,835,2,515,324,42,899,185,439,503,72,2,1,1
43,591,187,1982,488,2274,129,875,169,5865,1,1679,1288,207,10,30,726,2,1,8078
