-2.163612326336672,-7.227655192172785E-4,0.9497305286848363,0.8618332350599245
2248,6449,3330,7,22,3,5328,357,568,8,4,1,66,108,467,3,1,2333,2,232
173,15,1122,844,1511,5,740,1,7,30,4002,54,743,7,1079,3783,6995,3100,72,60
263,3390,2234,785,3,298,1315,388,160,1,1,46,3,11,4,72,1420,3,48,518
433,5,1,277,1,60,34,373,3776,756,14,1,3062,29,2007,2329,1801,1809,1,1287
20,5,4863,40,1761,2079,46,990,4,314,259,444,746,1390,6,1911,19,602,422,1007
206,6302,1080,14,0,2081,1,3,218,4,1,3,672,6,0,1,237,2572,1,1075
307,636,2961,4,637,2724,83,3456,248,6,449,239,3731,1903,3342,1299,946,114,5681,810
2423,5289,3,665,307,1,1,35,831,3832,2405,1524,2132,2191,492,5413,2784,4,847,1504
2350,4301,9,876,1157,323,580,1,817,684,1,2678,792,802,18,582,2502,24,82,1246
1,840,3059,203,1,364,928,30,711,259,1059,91,2189,1049,165,409,1141,313,17,357
1536,1330,314,49,2,42,1584,42,3,2402,301,1849,1393,2818,2292,1121,349,1014,12,2
1013,240,159,955,241,948,28,6,596,1,1,8,103,569,1711,3918,17,383,628,8646
6,425,223,1502,1,3,3612,1,141,2968,2049,281,14,380,472,19,1,257,69,1
3262,65,638,862,1643,6,321,899,22,809,1024,294,0,3712,392,111,4,1238,4707,2900
1,94,1727,3216,22,1,1439,495,1070,8,844,826,4993,267,1210,1,1401,3813,1335,649
1361,52,4918,1,800,40,1,1254,749,250,6,161,1,156,91,376,2170,28,4478,5
6217,316,235,3,828,221,1615,2396,1,1,8,1,4087,38,2466,2,2934,1916,6,283
1065,2808,1254,813,670,172,2801,593,227,61,70,2298,13,3,3919,1548,5153,190,1,1
1525,73,5920,2047,6,48,489,904,3237,28,157,998,1351,3223,1032,85,281,53,3,1
224,213,3,1181,234,1668,558,531,768,909,2,31,1676,5,3,576,145,1,4,473
