-0.94753768365483,0.04800443859497312,0.8473976658454003,0.9001187047674472
235,310,130,929,594,935,861,0,662,566,289,1219,378,1981,43,144,617,363,112,169
842,756,2594,361,443,163,183,0,228,316,1414,836,596,451,593,206,605,787,120,673
667,393,325,864,303,522,26,296,747,1803,476,101,570,779,2329,60,396,652,2129,605
583,1451,1437,230,1976,910,276,478,371,473,429,430,539,334,230,254,546,744,549,504
924,1326,268,330,1004,246,140,200,892,111,143,951,450,165,829,799,1170,714,285,672
459,757,466,387,628,231,78,0,405,596,835,188,851,428,575,628,2234,592,1236,416
141,632,829,402,262,1345,1906,1018,387,1995,1298,1876,564,522,1321,2344,749,604,347,893
592,237,269,536,1406,308,1543,281,384,166,1884,163,1475,1503,876,26,581,1144,202,3390
646,423,86,1507,1102,1258,580,413,1628,392,320,955,140,153,435,8744,612,643,163,774
19,1073,347,38,219,670,445,310,1970,873,445,948,1176,713,1315,4851,1274,1536,5666,481
1048,314,608,380,570,1326,80,470,1508,1144,142,610,818,588,10159,4601,4474,9982,1161,733
1279,406,174,1218,971,782,643,2070,1294,961,92,362,293,1488,164,2356,11549,886,427,0
4977,328,505,134,67,2135,571,1018,67,414,1998,413,1264,1269,0,11123,10420,130,2385,4437
14,502,918,482,0,552,1150,2476,1723,409,544,462,698,754,362,4307,1349,703,1229,85
1370,343,586,646,1877,603,155,442,343,123,563,631,1363,399,624,473,1038,966,377,284
1071,454,1174,937,878,198,57,51,0,1153,665,123,1338,344,176,731,3713,878,1084,734
1119,249,155,857,328,635,2310,1797,1457,515,1296,554,1155,2764,292,212,791,773,187,724
1236,796,65,235,813,562,231,0,914,188,1170,945,1290,144,302,855,839,865,803,614
182,1758,0,852,274,286,316,386,303,1658,1280,260,2583,1885,489,9905,285,773,853,301
283,138,1327,765,911,170,271,308,1035,57,1730,1411,1859,2140,576,489,118,2302,2015,249
