-0.7210584026154437,0.048729176933245646,0.7998684935113807,0.9517453086791346
501,367,383,447,999,461,683,422,278,1620,773,1498,500,317,854,317,237,174,276,224
291,453,644,1347,803,483,51,1014,539,424,402,752,832,707,563,713,841,987,163,305
1322,422,606,726,318,342,994,360,1309,327,622,525,268,890,634,445,227,711,56,414
674,269,7,520,913,432,275,924,2573,2088,1073,243,833,1846,1067,756,132,560,550,830
833,49,707,1106,609,1243,114,803,365,453,92,2039,985,490,146,723,1147,1376,145,368
428,276,610,1038,1483,1105,1345,368,633,1525,988,1467,1144,571,1702,871,700,1657,433,633
594,664,838,993,2368,331,1533,811,1117,418,582,1661,722,445,565,2813,355,777,1498,364
231,236,1485,1298,1088,2184,1368,971,417,1764,3100,242,2189,1293,394,420,2295,784,887,415
493,459,1021,1601,2151,2651,1210,3600,3291,1338,720,2717,3431,705,1317,709,1357,579,881,344
701,2301,1319,1077,981,1408,1227,215,212,2911,1646,2588,2558,822,722,634,636,600,1225,552
731,3477,996,2066,1273,2365,729,558,1654,5035,4073,2174,1387,1264,2366,976,944,858,817,1712
1040,1523,739,973,1002,267,1282,2204,984,1208,1226,1525,1361,1567,4691,716,1073,1632,668,880
809,1496,995,959,697,518,2133,2573,2271,10725,672,1947,2288,441,61,667,683,482,579,635
211,895,406,425,2310,400,840,569,1513,1215,1985,963,596,573,715,763,987,333,856,470
282,1384,621,569,695,1074,973,741,551,2101,1415,296,880,801,1201,2102,721,231,490,1038
488,1241,293,1066,432,275,967,1058,375,3649,1262,689,1304,794,1055,504,157,411,1195,528
444,763,881,388,625,638,1672,1475,245,1159,299,751,1464,807,1394,603,704,972,632,268
95,128,640,1108,499,1221,242,638,257,678,985,1385,318,371,1618,1079,1059,455,858,455
408,526,572,246,466,1262,706,1264,2038,2564,435,607,337,414,295,1025,294,146,114,229
165,573,164,915,822,124,1226,805,767,1019,1031,674,146,266,644,1179,550,647,403,315
