-0.7489526628015036,0.049599084184491035,0.8955403392356699,0.9546580582801079
1083,1536,1459,218,3235,1497,307,809,739,835,942,2072,674,140,627,951,354,1387,1060,2455
134,299,2000,1002,1895,679,1008,2317,1256,1459,1845,999,1044,1191,695,148,1115,1397,2690,1005
979,788,790,644,897,1178,282,270,844,459,897,422,572,582,1032,2019,476,1063,2775,1215
206,584,746,64,2387,431,206,432,706,865,920,1703,1360,2531,402,2504,465,3236,333,1386
445,78,607,1024,509,140,527,455,1230,2235,1197,734,555,1584,1010,649,1476,571,651,2556
246,1031,565,269,1466,942,204,1110,529,949,720,534,1963,896,2507,1304,1055,676,2361,1033
418,382,734,1484,1449,1245,812,306,576,1522,232,3059,715,1169,448,457,4416,1078,1313,923
776,112,702,465,1093,633,859,1466,236,746,1158,564,1425,3092,1448,1674,4231,2211,3238,284
624,252,628,209,700,152,50,398,654,834,765,310,2793,886,1578,353,1613,3043,3115,881
645,147,174,647,286,823,573,930,1388,3083,1279,350,141,4067,580,1588,755,851,3958,210
920,1362,213,420,335,1301,529,2073,788,318,892,907,252,1768,2666,1992,1320,2398,884,734
419,442,421,319,627,1764,470,1653,720,568,1013,2671,1373,1043,1843,2946,555,1624,958,881
856,570,659,360,174,184,165,0,642,1461,644,364,1137,124,861,650,909,306,1518,288
531,32,858,1552,886,440,331,830,1169,1169,373,1170,236,2327,126,1622,418,900,385,2716
589,100,649,541,143,1172,1929,725,531,414,2413,737,375,528,639,966,1820,988,2454,879
379,150,55,679,558,1336,1228,726,373,161,971,401,584,568,1768,780,355,521,1199,672
1198,112,567,730,1224,880,1181,1290,2006,129,776,889,543,868,1000,655,1044,1007,0,1038
1371,700,300,627,949,1510,1301,746,885,2086,39,1650,715,531,1231,693,1561,1075,1133,311
376,243,287,1489,832,33,666,84,853,737,1668,950,429,242,1251,418,95,579,67,2370
1614,415,1586,269,1126,206,752,1077,14,993,299,820,361,181,812,1351,208,2184,884,397
