-1.1933799627280892,0.049816657104233726,0.8990491678780799,0.8950994415264661
2400,680,95,906,82,2814,302,24,561,662,210,210,133,225,504,442,5836,255,1828,1516
856,48,442,330,504,416,0,11,586,1795,13,435,594,1230,271,303,131,1335,1051,817
494,2381,2683,265,592,1358,147,40,27,1162,71,246,71,449,965,71,682,1679,1649,662
24,256,638,1387,1217,122,392,228,152,539,177,3230,663,465,921,2045,1074,644,53,302
260,688,1374,886,326,1118,878,489,862,295,18,478,90,480,502,279,1000,247,485,532
1128,770,1214,2051,2,188,100,575,636,136,670,810,233,384,228,633,1591,21,2012,257
2431,1970,479,555,489,863,135,660,155,276,6,184,913,620,1743,537,963,159,1283,352
1364,348,284,258,361,652,614,1037,436,915,221,1526,385,10,771,1,321,1032,345,601
210,127,799,889,251,145,36,680,119,648,638,1160,2488,880,2541,8421,530,654,1171,420
387,285,1662,382,5,756,71,291,1273,202,32,697,3030,182,1229,8352,237,115,31,819
164,749,278,143,1005,182,57,723,727,1535,0,111,678,0,5787,5500,10806,1390,698,2480
229,2603,475,350,2285,969,26,283,2573,665,1488,422,2194,232,2699,2187,7641,4572,147,875
1184,1375,302,2364,312,439,18,584,832,510,1508,644,758,1435,1811,6480,5052,444,2926,6415
407,405,1063,829,75,238,373,3080,440,728,920,12,143,565,58,409,25,2331,4031,6213
767,1475,558,2733,99,133,192,1167,352,515,303,187,769,479,271,0,1950,1607,219,564
803,1416,1023,0,34,28,444,2126,330,162,177,774,1560,928,209,988,832,451,600,969
5,864,256,55,1353,941,3780,2532,132,591,49,1541,3182,1022,912,2438,1629,1152,526,1665
398,109,539,66,214,2396,412,69,548,59,494,0,1483,459,317,853,2692,1176,85,207
291,1614,22,1699,165,970,234,64,17,883,775,3412,232,0,417,748,244,119,6383,171
3689,33,682,41,863,298,1091,799,1005,794,1723,253,1491,836,27,490,188,2173,4972,325
