-1.3423184587966475,0.03770179554904267,0.7987987822181356,0.9124282599472364
935,552,925,92,47,1424,810,0,334,876,5,448,1981,699,206,374,778,74,5,3
208,56,4,504,181,478,40,2582,1,385,10,611,1201,732,701,326,805,484,2,337
127,74,59,186,1317,1156,950,58,4,1313,340,1499,38,1150,694,362,31,1377,90,1600
280,2791,518,63,1118,570,2018,110,809,2383,2589,473,724,1754,2023,6,1020,688,1346,127
1507,10,2143,3758,134,728,83,463,879,743,16,753,4333,676,3,461,70,1351,521,46
1304,3146,109,53,152,291,1,2158,1748,1344,516,1928,1,669,2387,2633,461,1117,3353,2676
26,668,102,115,23,999,2836,400,1703,106,425,1985,849,3147,3149,1553,868,230,122,706
183,161,927,1642,225,211,574,142,694,607,2312,1573,31,3737,2052,1240,1813,164,727,43
1299,90,257,1299,597,3368,97,3698,1052,1644,2129,22,1927,36,3718,1432,612,4059,0,1207
70,1,462,2243,2476,214,1646,2880,1693,1194,2533,2142,1486,51,1378,681,1935,1255,64,215
1132,1126,832,241,1156,55,174,1549,3896,615,3554,2030,2123,117,1068,914,639,988,121,42
247,310,2884,1982,1003,1577,505,1083,1931,2691,4179,4718,3024,573,1027,243,357,1888,1338,651
173,1529,1194,1632,1920,136,2037,1946,6350,814,6213,3413,2780,2123,1384,11,2656,319,1584,93
293,2266,526,386,30,488,1450,811,1035,488,138,345,430,209,1614,1641,0,3560,8,1123
479,114,394,280,614,317,3417,1494,2631,1448,2229,25,2337,37,2183,243,1861,4,175,1041
1053,735,31,13,37,552,345,508,2016,826,1544,309,1029,292,73,148,597,73,644,50
696,0,695,663,188,52,2113,555,615,415,42,2027,36,2111,1303,2497,1874,452,229,1411
25,1,11,1471,46,421,433,1670,505,40,9,2628,2936,398,1180,807,77,98,2269,300
1452,97,177,2135,86,522,696,52,29,146,324,1975,2124,2312,1244,347,0,223,777,99
338,1216,803,275,125,201,470,301,78,127,39,191,2,1717,992,759,139,515,174,231
