-1.1342363574491463,0.052284627770919516,0.8026206420901906,0.9023740732617693
1421,2303,363,480,660,120,373,1097,1498,290,653,403,504,0,785,1715,1777,417,864,80
1402,415,675,72,437,100,1967,698,397,924,0,248,229,99,128,978,2,468,1343,104
534,918,6,98,909,68,984,1991,342,207,78,637,721,671,23,217,585,82,602,1350
259,273,850,218,200,395,378,352,3898,1115,392,279,9,1556,262,1586,0,1540,324,114
36,54,177,900,829,2306,105,4,514,1065,196,1211,0,509,747,153,1485,973,742,99
343,1207,1641,149,64,952,99,119,354,527,1423,1595,471,595,212,239,196,331,22,413
573,204,4065,606,110,718,1269,823,535,1009,823,1401,547,125,560,3991,174,2,926,63
518,171,1924,684,1,981,723,874,336,125,580,2280,573,586,140,204,269,132,1570,1445
68,303,1975,543,1588,365,2540,1376,2644,2115,2176,1034,957,184,326,404,387,643,1001,150
1272,1055,1116,485,64,2875,242,5184,2488,4066,4010,2561,1064,165,152,1520,1486,851,702,1144
1267,94,0,761,712,865,1782,2568,1972,3469,8082,1896,6310,1193,1366,231,953,355,1001,1295
665,1183,94,29,809,693,6145,262,302,12017,6914,4306,1222,2512,683,130,132,164,929,462
1819,1186,395,5,135,2018,1856,394,6945,11403,1128,639,4717,1158,1049,159,97,29,1134,394
464,891,5542,546,865,771,1132,1310,272,575,543,643,181,572,117,240,241,14,22,787
711,1568,275,10,483,229,660,96,932,1127,1081,628,600,41,517,0,1591,335,50,1554
1075,397,1358,348,864,193,636,159,585,297,1871,785,1296,127,379,1066,469,83,1821,1867
516,2732,471,18,1333,664,3221,1523,395,230,331,488,900,1566,244,432,151,1172,2647,775
94,595,1621,1536,431,515,1349,692,762,2302,447,773,69,971,715,1948,1315,273,1332,277
1024,3178,285,1263,90,214,170,364,506,281,1697,1077,504,1123,661,625,396,502,2524,72
54,1356,129,934,2100,37,410,276,77,492,12,2657,818,774,1064,1332,739,92,340,317
