-0.7191943613892834,-7.117864681561698E-4,1.0143442969158267,0.8950513310178811
0,601,363,948,1641,473,502,271,751,1323,641,0,284,1272,725,1685,2526,852,371,11541
418,2082,57,2052,860,1070,363,1375,532,874,1112,1497,726,889,600,1336,981,1217,1165,633
733,2593,694,1454,245,705,428,722,674,1388,176,380,846,815,353,456,754,766,802,1230
1280,604,410,695,300,1191,719,997,700,438,930,333,1024,0,506,0,632,1187,536,894
447,29061,617,656,494,426,440,1003,1096,371,1640,493,276,629,1151,272,282,679,1256,839
487,47,848,987,113,903,430,498,1275,945,393,709,540,227,332,346,872,511,315,257
847,209,316,0,1642,837,532,439,14,1078,866,1472,428,388,781,618,214,1869,609,540
2212,621,668,348,1221,832,721,996,1135,447,1183,245,853,1040,627,1159,723,611,897,326
298,1032,1094,3206,3,399,791,228,680,576,514,393,322,853,1091,501,408,500,707,645
503,1365,1175,713,1426,564,423,730,989,888,1039,1118,122,467,379,456,1310,1184,775,611
1338,361,550,418,751,437,389,1506,793,504,1412,1091,682,899,372,318,908,605,1137,541
628,1797,547,453,1216,544,734,1241,833,756,681,338,494,2962,451,261,648,1092,988,382
547,445,448,620,620,839,776,645,1010,188,204,586,908,2081,532,661,1255,1231,961,569
901,850,491,911,1429,1178,683,465,848,717,230,317,901,686,0,347,175,0,1646,778
1375,138,1786,386,86,1451,760,799,605,556,102,858,1192,0,212,727,557,1759,575,1614
819,494,838,264,471,2333,382,1522,1085,1017,1052,494,0,725,397,421,5851,612,138,606
1949,122,1238,5341,417,467,585,809,618,698,989,749,395,361,562,509,2175,531,1280,955
404,237,164,1155,835,565,1035,234,382,1145,0,615,269,1066,1780,646,559,424,1238,125
964,240,1322,762,987,121,1249,566,923,889,541,852,959,566,1203,563,1398,20486,731,677
45,382,906,453,1091,1152,789,527,1100,471,258,100,361,381,819,959,1261,36,889,15951
