-0.6548920031289438,0.011275582597813933,1.0023653850993997,0.9589708081561494
2411,1343,2871,4028,878,315,770,1776,1423,1185,1305,751,1297,873,953,770,1845,1456,1008,12301
1262,1012,854,1099,1320,0,1343,1835,911,355,11,742,1327,1234,919,1581,1145,787,1225,1413
1085,2162,488,1195,318,173,2286,945,261,663,563,565,1108,2501,1227,457,931,1478,390,681
887,1561,609,639,1046,907,2017,718,53,731,140,531,930,691,309,656,1120,1419,1971,2007
1301,1051,1318,483,1221,1429,1757,1078,449,1050,289,794,994,413,996,431,181,1168,1495,562
1020,806,512,1388,952,540,410,557,201,639,235,321,1419,209,797,830,1237,619,1361,294
825,1048,733,648,264,742,0,420,907,518,836,310,476,387,532,211,1008,393,1220,766
502,1117,542,260,686,593,350,2262,1525,405,1162,522,1271,757,686,913,1389,1974,1048,2217
3475,955,1265,694,422,1446,455,447,967,893,872,838,1437,344,794,181,580,1193,30,713
1380,1903,131,854,699,411,1014,734,1296,1101,752,687,459,1047,891,979,843,400,339,354
1511,2055,2042,541,848,1097,405,472,843,670,447,1068,335,1300,210,820,559,1066,834,209
537,219,474,16,497,346,766,1499,627,584,1677,1144,961,793,527,1092,1318,253,1019,422
813,1127,39,89,676,1530,1351,178,768,656,257,303,607,921,134,2137,1751,518,1199,504
986,1307,1440,1125,528,1099,511,455,494,326,536,111,582,1902,1472,433,304,1326,1237,853
851,856,662,1811,168,251,480,687,840,528,132,597,46,704,1077,1259,1385,1043,1145,2365
813,675,824,1024,697,1192,1407,636,948,433,1829,186,962,254,760,384,689,1745,418,504
2327,1644,1047,849,412,500,1025,51,927,1860,1262,942,481,611,599,669,2068,899,2618,1398
419,1373,2005,217,586,2854,322,744,904,1192,437,1437,775,193,1457,706,914,1290,1096,1975
2451,462,1014,942,2059,561,346,693,1350,665,2197,1190,873,410,2296,547,144,1658,286,3144
1206,1389,648,888,1907,971,1269,552,840,1771,357,0,920,1229,2039,1820,682,187,1698,1941
