-1.5632647176755512,-0.0012358259881504465,1.0379156197614412,0.8510792406502875
26615,299,0,1928,5,68,32,398,0,1,1783,874,184,361,333,1269,2230,3344,154,6429
482,1683,4730,855,642,378,1315,13,0,525,14,1022,729,0,74,4012,56,14,533,288
66,2608,4,470,266,908,211,1972,52,74,1,19,304,2087,2024,29,947,0,214,0
431,186,113,1,2,725,83,671,0,625,13,791,482,496,14,2760,2,1599,1614,8058
357,757,1061,1334,117,1602,441,1005,452,440,1663,374,28,414,14,4554,328,875,0,1103
1006,42,89,1630,1112,142,116,471,32,165,3988,989,4796,73,446,0,281,210,1956,104
0,1355,2,459,345,1708,73,34,580,1116,458,1551,947,32,2676,281,74,326,45,228
86,0,5,180,494,883,522,884,532,317,150,796,36,120,0,17,103,1011,1134,178
9217,681,1018,260,831,896,2439,1265,239,3138,1672,1527,1525,680,4,45,394,4023,2075,261
364,1779,82,3472,1,1,39,404,3,2973,889,1056,251,93,879,2741,706,999,2110,25
320,170,599,151,21,645,79,232,224,254,1,315,1104,320,617,7,1849,686,331,186
267,0,1604,590,688,88,64,58,1143,937,170,778,415,2640,0,72,415,145,144,184
124,427,1278,858,164,278,77,911,1297,232,2,90,6,179,434,405,319,733,931,430
1154,974,199,39,1027,305,581,936,87,3143,762,2187,16,759,175,524,733,22,845,1420
874,1275,842,764,1531,221,45,1338,173,0,714,820,1685,0,461,107,1135,1751,2267,123
4030,6414,1229,621,6,269,2,18,1020,3111,192,623,408,145,81,2480,11,1411,570,658
381,897,4,1264,388,156,2398,3507,6478,105,58,617,770,413,2659,4813,1670,86,1138,1069
2273,1333,235,405,2061,382,123,4,1413,40,122,2831,2524,99,4466,119,132,0,320,602
214,806,282,8,0,4,1381,119,1056,545,75,599,575,45,1198,508,38,1206,1500,2148
75,11143,148,3922,1256,489,1755,5451,90,1103,1,7688,74,1251,416,4900,96,1,57,8494
