-0.9702020020257458,0.056484980868707485,0.8945687275254928,0.8992433952247828
1403,244,1030,255,2232,537,452,222,6201,661,139,815,696,711,542,44,143,724,1384,404
555,86,248,113,98,528,290,1691,478,2006,205,150,743,813,230,1184,305,526,1313,398
395,985,572,567,325,213,266,1049,230,1278,589,689,212,683,150,349,25,70,519,261
227,1816,272,2006,517,662,491,217,213,690,280,1031,72,533,323,667,552,330,358,426
950,295,881,1417,471,2098,1897,23,574,310,2613,547,866,457,36,833,137,606,1662,1204
1431,2280,757,544,306,134,480,364,285,92,1784,674,255,586,51,477,1160,535,2905,801
3380,934,1010,207,495,460,196,766,725,124,596,594,596,455,1104,763,238,96,217,80
1452,449,302,548,1138,997,52,0,544,104,123,1120,201,571,609,306,1066,403,717,633
427,399,614,100,125,273,956,723,157,608,178,1443,704,1588,601,8226,505,444,1625,2119
2114,781,156,863,1368,1692,529,458,435,771,351,1276,3630,1751,1851,10717,8284,465,370,295
87,229,971,741,475,1909,150,81,586,398,897,497,41,1896,10144,6619,10183,6830,350,1756
154,280,1160,379,2241,1659,332,548,771,90,861,271,944,84,821,2310,8143,1866,35,413
452,1096,286,706,73,157,862,615,731,583,300,743,0,365,1197,5720,6334,1379,2440,6390
505,1167,1400,929,150,822,260,1081,338,443,459,482,356,917,387,392,258,336,700,5603
595,1541,875,2979,348,647,564,232,652,1056,35,929,405,388,324,1258,299,1303,507,728
306,573,816,1298,3,96,640,1595,136,559,1593,663,510,743,564,624,1054,892,497,1609
554,151,389,1069,1500,615,351,1214,450,358,307,429,850,782,1597,302,1767,69,754,853
483,592,806,410,753,119,580,76,589,787,304,1959,371,304,224,1261,2154,354,272,932
1188,396,324,505,870,799,1058,647,548,0,379,3775,272,709,693,676,903,2131,2450,893
8203,261,770,3341,1265,363,261,242,843,253,218,261,1560,356,258,291,1109,985,2524,1318
