-0.5186487761928926,0.04553436693729566,0.8495341920000967,0.9765340444998594
594,282,357,382,800,306,474,1500,1331,845,601,883,1474,1349,740,648,798,313,841,595
79,316,780,613,703,1063,1593,420,288,509,921,815,740,427,503,1314,1503,216,577,391
745,620,759,1324,821,1870,294,438,1446,1285,735,1423,1141,1600,1494,1475,652,957,358,1157
1139,1526,797,744,1157,1635,789,1562,1390,2283,348,549,1432,909,915,614,1992,1203,413,537
906,1155,569,577,1064,223,756,1233,1500,654,785,1200,1534,1008,910,742,1002,2036,1074,624
468,888,438,810,852,1259,492,1241,314,1437,1401,1496,2584,1302,1024,631,532,733,218,1150
804,1304,674,526,601,1054,1392,2220,1281,862,1749,1509,431,2549,1111,1958,810,1579,776,423
615,501,940,1586,1036,1054,1394,386,1748,995,1234,2307,2203,667,2387,826,1018,478,434,450
573,592,883,917,1232,368,1854,1068,735,493,1979,2214,1434,847,1400,974,1155,1226,832,434
1016,594,799,1167,1339,1056,959,2042,980,1957,1336,1032,2367,1193,1331,1641,1090,1377,1305,763
828,466,793,549,862,464,1033,1798,1051,700,2269,1384,1282,1045,963,1083,589,961,717,684
1264,671,596,717,2665,718,1422,966,1510,1352,2259,1243,2172,1364,3259,505,553,978,1039,218
1867,784,769,1053,1642,1575,1744,1373,532,2004,1174,1945,2185,1291,1514,1266,2657,496,447,1180
713,660,706,1159,1015,75,1704,653,385,1114,168,1331,753,443,835,708,1177,919,456,715
936,1177,725,592,426,434,318,546,543,1729,980,527,1910,2015,685,853,1017,1096,1282,412
131,819,751,1538,960,418,927,370,1272,1632,1931,889,817,1057,932,602,1076,1038,1195,1099
728,309,633,865,626,845,1154,987,810,1890,773,515,255,1878,856,1382,1742,762,106,578
434,835,676,617,498,763,647,841,1188,1014,1157,974,731,635,320,692,1263,420,1079,823
475,391,720,959,1915,957,736,827,481,1713,559,1161,65,1099,1086,1138,960,723,120,607
708,955,294,264,280,767,226,652,728,812,306,1649,818,111,520,573,473,402,183,505
