-1.1792966016243038,0.051169930567882424,0.9038517331776912,0.9002968808541753
777,832,214,978,1061,630,191,714,146,696,3370,235,870,113,944,8,2542,1403,5200,1171
367,427,1109,430,110,97,457,235,1151,363,933,1551,444,308,11,328,615,415,1093,6885
186,1181,340,317,473,855,71,86,781,414,1684,1202,829,71,868,1711,499,2829,1808,2547
956,176,1269,57,254,225,467,32,206,1303,52,60,68,1475,222,290,804,157,531,275
1322,188,537,865,27,221,1077,725,319,794,908,880,812,1168,744,317,84,2694,1507,1289
1636,1753,79,2093,254,906,965,290,332,1143,612,803,972,1151,933,1139,274,471,173,901
916,674,2503,111,15,154,45,73,559,226,703,886,1885,425,176,496,439,1398,405,1220
44,478,294,8,1179,629,396,1490,86,62,1952,491,522,1409,648,112,845,5930,543,1525
599,103,1167,836,281,425,215,28,3646,1226,903,283,1094,1,109,2625,177,67,71,1481
3619,560,383,76,137,1087,261,95,552,126,375,999,408,31,3280,3476,126,1798,685,602
520,158,404,129,1826,501,58,825,1003,468,323,838,866,0,7996,4321,8240,738,4940,925
313,631,208,62,608,242,2598,420,32,575,81,487,905,4801,4221,8229,3888,499,318,264
258,771,3007,2427,85,5,395,159,288,420,483,533,242,295,925,7842,3999,96,2849,2494
397,388,1300,1944,74,227,1013,795,208,222,2949,204,14,1488,1491,4736,3058,1895,1530,2000
2162,209,2430,538,0,786,1431,26,38,391,294,106,66,113,838,3,806,6097,1227,1158
818,234,20,130,1706,647,740,359,611,233,3981,798,0,981,185,468,2074,285,716,1246
1368,63,65,1871,584,976,17,1024,286,1339,54,387,151,1423,1097,5453,582,209,2664,622
769,2120,879,161,61,450,1927,219,60,171,288,1415,168,418,339,323,1951,166,416,518
261,1306,267,31,517,425,1402,552,335,2505,183,279,52,258,792,2257,108,1149,392,7
784,3360,377,2339,311,733,518,1208,367,557,1627,462,2725,263,491,3352,961,33,351,1059
