-0.9723649217378094,0.03864804277204139,0.7965595935805294,0.905664720427444
650,694,422,476,145,210,505,483,922,292,1128,303,2032,214,3132,347,1018,552,134,117
1026,1601,535,73,661,18,247,2208,1628,481,1173,723,757,1469,168,187,108,313,801,228
136,340,771,743,3016,104,512,155,782,698,576,972,1512,315,548,352,94,294,1091,451
119,10625,384,376,340,595,610,857,1129,3128,1700,168,294,569,0,1897,139,579,179,183
408,951,348,389,196,1469,1597,399,138,3334,331,1318,652,289,639,328,1580,1004,1165,1188
617,821,919,2126,1479,185,430,312,268,742,1181,175,297,459,527,336,1075,605,859,621
676,776,365,1062,426,871,564,0,1493,1258,481,971,367,812,410,738,915,684,229,428
105,238,250,442,104,771,470,783,997,428,2723,1040,1738,615,328,104,0,270,735,183
278,492,1083,2000,589,463,792,1198,2463,151,6817,1102,1127,282,2504,689,325,52,353,723
165,1122,287,1693,592,1040,221,3812,3274,5587,6956,913,747,277,834,30,3017,1043,444,1676
897,1167,1322,457,1828,482,3454,4481,1027,505,3475,1969,6430,270,174,227,2369,1699,291,1255
819,84,99,327,346,565,764,564,2660,3688,1029,8777,1067,1990,1534,802,2128,624,1639,715
701,518,362,932,262,2192,1040,297,9499,13596,453,5556,3201,282,640,441,781,537,649,53
343,380,2186,1283,66,126,4863,4581,896,1685,630,20,660,426,1175,592,132,940,3,457
375,102,199,1691,749,416,397,2073,204,697,919,557,711,214,187,252,129,596,745,52
137,961,70,792,125,544,1306,339,761,764,874,319,897,904,326,324,37,234,415,133
493,262,2266,302,195,92,1088,1046,696,650,1034,103,823,747,0,1200,620,250,820,775
521,2444,888,626,140,729,1223,306,373,970,849,872,14,1331,317,741,298,1100,64,648
891,211,772,1550,154,546,650,135,343,2299,1302,839,714,82,269,759,870,722,805,1575
363,1054,242,795,1014,498,1065,610,1449,120,123,1729,596,88,296,235,1909,719,114,971
