-1.1126338953589199,0.05342956018942601,0.7987905315824975,0.9048233517655498
1421,2303,376,219,526,460,196,1363,1242,1191,642,403,504,909,785,1715,1723,417,864,64
1034,759,613,74,355,100,1967,698,385,924,602,248,159,340,116,39,2,583,119,77
534,858,713,263,872,52,1313,972,342,255,29,780,721,678,23,328,424,75,1097,1554
155,438,850,323,200,395,417,365,3898,1115,392,360,0,1050,250,1466,0,1411,324,163
36,54,238,900,829,2306,105,4,514,1065,196,339,0,691,747,153,1485,707,702,24
343,1378,1536,163,146,1010,247,56,354,4,1438,1595,475,595,45,289,207,578,5,413
354,204,4306,589,137,474,2549,1105,535,1032,159,1401,547,107,560,3991,144,207,1069,89
518,170,1891,684,1,405,584,191,336,125,580,2206,576,586,140,213,349,230,1570,722
68,303,2002,351,1813,365,1199,1198,2644,2115,2176,1034,957,306,326,883,214,643,1001,150
1272,1067,1116,586,625,2875,231,5266,2488,5806,3528,2735,1526,200,160,993,1478,775,871,1144
1267,441,631,1626,712,816,1693,3724,1972,2887,8082,1896,6310,1199,1366,231,958,306,2741,1295
293,986,94,158,809,599,5135,262,302,7465,6914,4211,1173,2365,683,130,132,155,929,199
1895,1186,138,5,41,2293,6408,615,6945,11705,1128,939,4715,1417,813,148,97,29,1134,498
467,891,5542,546,865,771,1142,1348,291,655,429,407,125,467,224,240,234,50,11,613
711,1568,275,9,483,856,605,96,1110,1126,833,628,843,285,788,0,301,326,54,1459
1075,108,1042,165,288,193,636,161,585,342,1871,785,1296,73,379,1066,380,14,1995,1530
481,2732,471,749,1333,516,3221,1523,280,230,332,488,1476,1515,306,375,170,1172,2027,775
94,596,1621,1372,431,504,1349,691,732,1473,373,1876,120,869,715,970,1290,273,1441,277
1275,2846,285,1062,117,188,170,364,506,333,2977,1077,504,957,1180,625,94,502,1276,85
18,1356,118,945,2100,37,410,240,506,492,511,2731,818,909,455,1332,739,92,476,288
