-1.0282177492404825,0.048863272641366536,0.8976909419011945,0.8998152192754031
1583,710,1074,464,1225,632,1387,104,3496,448,475,606,1785,33,495,194,1619,860,540,100
286,1874,344,40,35,165,310,1276,702,1518,236,631,440,460,33,0,794,478,1181,982
936,403,300,280,296,885,143,741,276,1053,654,755,533,1412,150,173,174,224,143,457
1490,444,444,2607,277,1069,775,151,137,401,315,1752,190,370,540,1271,154,586,150,133
997,300,126,773,916,2858,2192,568,556,352,1172,152,716,458,67,644,137,1188,759,1346
1400,0,1147,1114,106,796,1175,65,632,371,317,659,516,882,439,260,1236,773,1100,801
2118,513,558,298,363,511,196,1005,1391,538,309,805,515,220,1169,37,330,17,217,118
807,408,264,413,1106,744,57,325,163,472,588,870,729,613,632,1000,1029,482,705,561
228,399,181,577,329,0,989,0,153,608,491,1273,757,514,683,8235,0,378,1160,157
2591,1318,926,439,1278,1733,1667,719,255,1700,1982,1383,3276,0,1854,10825,8226,465,6,351
296,543,1384,845,630,1892,109,237,284,22,1031,686,215,1594,10306,4869,10985,3398,350,1895
409,215,224,388,1349,2204,332,487,808,221,795,78,944,70,678,1334,8732,2160,37,213
1100,1116,180,804,60,257,513,1051,0,107,336,833,61,2493,1112,4860,6502,758,3347,5333
455,2439,1021,1002,13,857,204,2318,371,257,847,527,383,665,333,450,285,450,770,4725
471,1591,1206,2742,357,245,875,218,312,759,27,907,405,348,168,98,3061,1160,582,777
337,493,325,1248,614,32,350,768,221,428,647,893,510,1048,33,534,1062,2013,325,1087
41,198,448,1138,2021,127,2323,2183,468,344,356,66,1090,377,1216,2720,1767,38,540,444
483,631,3106,406,869,273,378,71,1216,799,123,1645,791,412,52,971,2279,953,426,549
631,322,210,803,1631,1169,1185,762,548,228,562,3775,218,595,2369,872,721,1827,2874,1242
7585,279,2434,3324,1982,291,573,437,771,102,61,119,2735,351,88,275,1290,1185,257,846
