-0.6611871878142741,0.05205022609970637,0.7966379092653905,0.9497858250076829
364,785,335,331,515,958,1061,547,353,318,1312,451,735,955,775,793,594,231,1131,980
391,855,476,1010,570,616,828,531,1475,378,423,1161,466,821,1434,49,389,90,663,768
213,147,1965,970,390,293,276,132,409,27,816,1523,551,661,973,1349,115,310,61,150
180,657,700,782,274,1010,569,105,637,1002,682,1577,1152,657,351,1087,870,1471,493,464
675,366,667,949,637,384,686,555,1562,806,681,1841,628,375,663,853,483,1127,1879,664
619,622,526,760,189,1115,1172,957,896,1743,1286,900,1068,676,1982,1032,1102,1192,1083,511
878,611,711,1312,1988,1202,636,841,1124,7056,770,1018,1195,966,664,782,1109,789,549,840
514,504,1228,969,672,1062,1582,2897,897,2032,5999,974,1543,2181,779,684,375,668,712,281
615,440,286,342,1890,1655,310,845,1541,2484,1027,1955,1544,3799,528,1423,1143,1630,440,911
585,111,371,805,1203,611,970,1731,1339,7909,6266,3046,2752,1702,661,360,691,561,887,602
1632,1056,1483,912,814,732,1731,736,401,3654,2010,975,2391,869,1452,1388,568,277,225,653
621,1181,978,447,871,730,649,2402,3246,3661,2746,1364,555,1707,11318,1337,1229,1192,1273,1070
1093,856,554,1057,334,990,436,996,656,828,255,799,3356,718,783,280,1920,581,1013,288
244,446,348,427,576,1132,1739,384,1490,1248,1074,376,915,699,1366,700,608,686,892,734
312,310,742,630,1033,905,1415,2465,598,1123,1989,655,1109,559,1121,587,1198,362,390,614
984,561,757,165,709,999,780,648,849,1987,2167,991,742,1094,738,1152,645,561,745,445
1373,549,557,294,801,549,772,1078,921,1006,676,620,2221,1425,323,635,2115,288,828,297
869,387,484,1150,279,145,589,961,1092,594,319,609,642,1184,470,945,561,491,382,351
571,771,243,318,710,976,531,1024,847,715,275,1184,1190,859,717,686,312,682,811,1354
272,341,567,1289,758,352,766,1294,503,629,359,309,0,442,796,547,642,777,588,321
