-1.45914320996392,0.036437773028160425,0.8924775583428404,0.900881867918196
13,343,3557,2001,1033,503,1611,96,87,655,590,1529,2992,156,557,1305,260,8,2263,3571
117,1671,1054,1187,1858,207,642,146,2352,694,694,222,505,6,5,506,1448,5307,3,2750
10,762,2281,1218,587,190,997,1337,1771,37,784,874,729,216,1649,478,2087,477,1836,1345
427,346,144,1,2282,136,277,1756,98,32,681,1286,1925,319,3971,25,26,148,12,326
891,265,67,682,1,307,1037,43,878,776,1564,1,1164,3346,2,1245,597,4,697,423
673,246,331,664,580,10,1775,1956,47,113,926,977,2847,2020,556,102,15,3,3477,487
1048,1281,599,490,464,1442,559,1193,486,1127,271,283,2457,2509,10,3735,268,1987,1300,2759
85,1040,1565,4,414,185,25,268,1363,885,1528,1486,337,341,1,18,2644,1963,593,502
390,275,905,330,1737,48,33,149,523,778,75,5,20,626,1656,4400,4,5213,1762,2244
37,1608,542,3127,173,1044,233,70,343,124,49,210,1987,513,6398,776,719,247,391,348
166,727,73,3087,476,38,15,853,9,26,1689,124,141,505,6485,6145,2047,2063,206,241
550,147,1644,96,15,989,1818,38,129,869,611,1726,47,203,4637,5178,5561,55,2192,6245
198,1786,45,1623,21,689,385,835,430,385,1209,1,1310,2536,147,1055,4405,0,63,0
409,591,428,0,1226,1738,171,1631,81,762,1,219,1228,895,1,620,1295,3038,67,780
507,201,334,9,370,141,229,885,428,24,4664,43,2194,166,479,2057,2661,1424,422,715
464,1,6,392,2974,488,1360,922,94,538,3,932,21,5545,307,148,448,486,2456,32
63,747,586,299,1465,555,737,1059,371,2344,422,229,577,2563,13,2273,2126,2231,256,1206
513,456,1006,1157,972,169,424,455,1242,833,147,413,1322,1079,795,1480,2734,2534,392,1207
876,95,1,1202,18,187,11,1683,241,1658,1356,2367,598,259,660,3153,1528,925,434,29
541,24,489,23,315,129,267,1629,773,918,29,5,1180,1137,487,2788,1930,4193,335,18
