-1.120780877545541,-3.8244441123922997E-4,1.0650293901572603,0.8471361317703154
43413,214,458,325,302,115,1034,1,325,187,271,1845,1535,692,486,2,1191,166,216,21308
716,771,441,1377,1601,932,143,601,3,918,395,760,497,115,5,587,293,2803,1516,1440
911,54,638,1371,662,159,184,173,718,244,11,195,293,336,2395,770,689,1046,2992,1484
633,184,660,309,1347,301,105,40,387,671,319,486,854,727,1660,410,649,898,379,6011
272,789,152,745,679,1963,70,169,192,1389,44,254,1796,297,304,56,60,677,152,213
964,2261,1191,1182,1628,1029,185,893,11,2164,2028,691,832,370,468,466,340,247,45,1297
0,808,14,613,402,384,709,984,1415,1368,40,1627,347,23,166,277,696,1791,1400,2693
308,155,1749,424,181,1388,273,1578,1415,755,45,270,402,318,700,1026,416,651,529,347
1394,214,1024,276,970,259,667,119,436,612,519,397,0,469,53,1106,2310,788,111,870
1047,1242,319,1559,352,0,0,213,1027,693,87,1219,3781,1557,428,815,825,8,413,297
620,956,0,314,209,325,77,107,571,533,240,805,115,1762,279,713,1884,1714,390,693
729,1066,110,292,86,416,489,411,7,283,340,1354,2584,2476,14,423,208,1683,803,1332
46,259,918,5,2301,463,1218,1600,221,817,203,1002,15,1989,16,666,425,2310,17,2662
439,448,477,14,57,737,2151,92,318,251,255,261,910,904,23,43,683,1534,1816,967
1252,460,923,351,431,1558,711,1272,3104,553,570,1132,634,484,46,73,278,1360,339,253
380,713,164,1421,1027,38,833,1423,427,530,313,1620,1501,0,431,1504,1404,590,1536,1708
1500,1244,63,678,300,245,601,329,868,1060,431,953,713,1299,388,2329,1567,1139,23,724
86,1658,834,2714,942,2197,2609,139,20,76,210,283,43,2058,516,756,98,1976,570,1433
11,265,242,296,1163,185,481,450,232,793,239,417,724,57,497,4339,556,22708,576,1222
1139,781,438,451,866,363,765,1124,2630,178,466,118,302,1189,1050,140,1293,137,327,573
