-0.716180925176025,0.010326121293728624,1.0505088002489082,0.9339075648059151
23439,2315,1381,1199,470,673,2455,1279,964,1562,743,1327,3368,1382,412,1748,1479,2145,2573,8107
1100,398,152,1230,779,900,0,809,2150,237,648,439,574,1941,999,624,619,1032,1235,1485
696,1734,1902,1702,748,348,390,768,1849,245,207,555,1769,0,1223,572,1387,1260,957,1266
625,933,1748,942,412,557,433,338,370,603,410,686,800,1322,1394,1385,249,774,1448,4565
390,1647,729,1152,337,968,319,658,271,583,331,597,784,799,1485,604,266,454,872,443
1656,961,273,710,751,66,214,1612,578,298,1309,787,1130,74,48,637,1218,422,908,834
924,27,992,426,537,1330,432,743,1613,1084,427,763,1778,483,653,812,1457,328,1639,1244
1083,1903,745,1580,1073,1874,580,1200,490,1123,653,145,1353,767,581,948,593,1518,522,0
1324,238,965,472,1164,526,772,703,752,348,819,1705,706,379,517,364,373,1495,615,616
1791,98,968,283,1211,700,128,512,9,293,0,376,429,770,1074,1335,481,447,1451,217
1267,1262,1359,645,462,894,475,224,134,269,499,1192,1489,715,0,133,0,903,1641,659
1896,545,314,551,132,1163,379,709,90,275,1164,683,150,660,967,1094,144,207,586,1237
826,869,1516,298,0,695,508,167,241,0,680,1238,324,700,1519,1434,297,826,663,347
1262,1327,616,1352,1526,341,605,188,616,1160,361,362,811,69,493,804,1789,854,493,925
1128,617,252,622,475,216,1120,1688,414,467,1688,987,897,587,579,609,759,309,290,959
1271,465,929,1184,1314,1154,339,463,970,581,578,717,645,699,954,944,1374,487,1007,1671
1820,446,1042,362,57,769,743,878,625,668,123,481,330,1181,1142,890,210,974,1224,1569
890,543,116,1533,961,574,330,974,163,344,1478,542,684,2492,798,410,666,767,1690,5321
1123,820,739,460,890,847,976,409,1481,2011,86,559,358,1460,1873,884,1387,942,3098,1032
2731,1862,1139,1244,87,842,1402,439,1491,1096,741,1772,602,794,1126,1000,6037,3698,1470,2952
