-0.6848922214250186,-2.4095949113352839E-4,1.0441848059947223,0.8957721878989708
30296,259,236,948,1398,473,342,380,921,1323,0,617,294,958,646,465,997,198,391,11367
725,1983,57,1411,1181,1191,369,1623,493,705,1590,1497,726,1322,833,1073,941,493,1165,570
554,1551,695,1222,245,705,444,722,686,1545,594,453,846,815,1025,447,357,21,1091,1108
1399,380,501,0,518,1863,284,991,700,341,639,260,1034,0,804,1451,446,1260,347,941
447,1088,829,724,97,412,440,840,1140,362,372,927,344,629,1211,272,466,638,1133,839
658,282,1278,984,1024,1289,91,407,1340,945,394,645,648,216,332,417,855,1197,259,257
778,209,737,0,407,837,607,439,278,1426,0,604,428,1144,677,376,545,3022,189,806
537,355,668,1066,1159,832,456,996,2305,447,1183,1070,1200,192,987,227,723,427,478,326
298,1250,937,3087,616,602,77,399,680,644,560,808,1223,853,1091,696,726,841,833,901
496,612,1175,532,1198,606,164,342,1058,792,745,1118,617,467,532,456,1209,1184,691,379
1338,145,295,418,823,170,389,699,673,504,1225,843,682,899,372,438,167,605,1253,139
612,2109,555,1435,1259,232,393,269,833,732,779,422,523,1516,652,506,137,519,685,369
541,284,363,620,533,5070,829,685,866,956,204,1259,317,1856,484,636,1241,1086,1014,463
901,1097,367,878,685,522,778,358,848,0,691,320,705,1335,0,572,210,306,1369,778
966,1698,1479,409,375,1451,339,1015,784,635,165,858,1389,304,743,724,459,1082,407,1194
1096,1055,727,48,689,1292,382,1680,657,1004,599,502,90,725,397,587,1135,689,387,640
1949,599,824,5182,170,324,3773,978,618,829,917,749,323,1060,303,509,1272,675,0,406
1445,404,689,1244,1251,565,982,515,625,1156,497,764,196,952,1780,811,1253,337,1129,0
899,240,1322,759,900,121,1107,566,923,715,981,657,1524,604,864,563,1257,23379,904,637
818,540,1348,453,1251,1152,931,669,1019,471,389,619,361,381,819,1348,1573,588,468,12323
