-1.8749206175365103,0.00441773974433732,1.0530896420625178,0.8495121602212805
26139,589,677,1519,6,278,32,991,615,1,1951,27,61,337,1028,516,1761,3133,13,6939
861,1537,1856,39,675,362,1306,17,1131,1668,1671,385,574,2,524,2355,186,3,332,2182
12200,3173,4,828,265,1304,1,2504,1180,99,1,21,17,1542,95,1856,2238,482,99,0
178,1,463,28,1,277,61,8,19,396,6,531,1,240,3,7249,225,2117,921,7644
5,1340,1103,4,22,278,80,985,10,8,9,132,87,243,999,2556,229,1079,3795,1298
1065,38,93,1734,1178,3,1188,1450,729,379,938,914,4186,310,2596,630,124,226,1696,500
669,1425,2,752,278,9,141,14,488,1118,1209,428,918,106,4311,201,29,689,22,25
25,405,41,253,732,114,4,2117,12,846,874,848,1,704,1,13,47,1001,233,318
3410,1262,1,330,618,2188,3152,1355,409,54,2577,1152,519,495,23,8,1,5296,657,516
5,1437,10,1395,637,1,3,768,3,2586,1288,2680,235,146,2034,186,59,2012,1460,58
2231,509,638,947,46,227,1,195,576,44,16,61,1411,667,673,1,1857,687,1195,254
298,544,1744,51,1585,274,428,233,915,1155,258,1184,260,1239,755,1,482,164,145,289
1006,389,636,15,292,172,4,890,327,139,2,52,53,265,433,202,410,51,1925,194
2188,1417,89,54,1022,547,164,766,5,2970,35,1835,70,634,301,188,36,56,46,1647
314,1,2797,955,443,215,2,1397,165,234,1137,80,1792,690,1323,162,1848,1647,1062,2
5122,5936,1001,4093,1,156,476,15,346,1438,221,532,134,594,13,2480,11,1471,1968,530
4,1186,1,1048,614,5,1299,1,6110,297,22,114,916,905,133,3243,1081,782,2989,22
2211,1798,18,643,1,124,1,4,110,4,212,2201,18,908,4135,1,30,3288,1,978
3203,806,287,48,26,1078,2843,284,3,490,1010,1350,839,25,378,216,13,1133,2095,2977
183,277,165,3869,176,1663,1393,7206,106,517,37,7789,71,3176,290,4982,31,1,101,5653
