-1.1749141012760542,0.05222838558099355,0.9058897545925465,0.8974007445771214
381,1375,1044,776,462,2734,101,2011,1877,316,847,382,351,38,216,630,144,151,864,1009
71,226,2148,1289,184,294,4079,2289,1584,1,1133,237,1508,157,952,1296,367,233,423,334
443,1145,686,1559,223,81,2025,369,2049,102,1189,935,1786,1783,366,619,1576,2460,99,72
1444,64,323,148,691,1814,525,145,409,925,113,4462,406,2098,1895,16,482,104,337,811
27,136,304,489,556,1242,17,897,275,1907,979,1479,194,149,0,396,87,328,872,92
1498,1301,730,187,66,77,2843,678,57,409,1080,355,149,167,251,733,624,192,1319,789
1913,52,1307,126,241,142,530,214,2345,591,163,806,575,0,185,110,398,2168,1378,1196
342,35,480,190,0,40,496,1691,467,82,497,1058,158,356,4,586,2113,1302,500,51
141,1036,26,1520,1476,770,725,85,202,367,514,431,819,1710,48,2878,246,1488,415,5
269,42,948,159,801,2577,28,839,875,932,469,815,1105,49,751,6013,37,1446,1243,830
374,549,732,711,998,366,842,713,667,184,624,1130,8,2570,5514,6453,11484,6049,1341,3129
121,441,176,0,45,502,108,357,70,59,638,1655,906,606,1646,532,10899,5986,1873,4849
2384,241,222,31,270,152,545,483,971,1306,651,171,392,338,3,1029,997,6653,2299,9789
1207,911,1306,41,305,1168,219,39,1233,753,622,804,442,124,2651,180,728,2497,1955,2957
110,1314,255,290,666,580,86,388,1330,735,726,118,1824,322,391,104,914,0,2584,574
915,440,248,42,2584,320,383,405,140,970,2476,428,261,215,70,996,1651,303,988,1565
366,727,1232,2909,1060,64,960,716,769,460,985,910,2337,0,160,104,789,1,144,1247
426,990,917,830,916,607,1060,95,1305,2348,2614,226,275,251,205,0,36,8,572,357
699,665,1971,731,1531,551,776,2090,249,1023,1485,33,1319,38,941,71,16,942,221,187
1011,362,1523,432,1842,2263,876,750,1782,2151,1632,178,1652,454,1054,353,1460,1776,8398,306
