-1.4669926265042845,0.02711795085786177,1.0560762583813974,0.9030782664462256
5112,460,2240,572,119,25,693,35,1591,80,2091,149,46,1683,534,75,779,23,3307,6552
906,1429,5284,6160,1288,700,1,540,278,545,120,1224,2884,134,72,2019,1288,1718,106,2582
1745,2075,1936,891,135,549,78,77,102,2638,2158,889,1036,1489,2645,76,2226,5985,223,2696
1352,560,4,975,1847,5236,51,9,1321,1452,67,90,1525,1122,140,140,37,2426,2,2016
728,1247,851,535,28,4,361,647,1047,2413,704,625,16,531,578,1277,248,863,2952,747
608,1303,2,869,229,671,2426,980,1864,567,1198,1335,249,622,95,510,10,25,1412,242
1300,1400,1280,207,511,167,534,90,230,2826,241,442,250,24,16,4,85,2640,4434,1425
1730,1400,317,747,297,83,92,290,112,376,532,980,2552,1367,1,561,2946,766,82,1311
140,485,483,71,146,137,2022,76,2,641,106,27,62,773,1354,1087,1261,688,1083,1476
870,2599,514,988,1276,6,71,1630,470,274,99,3,7,1307,2439,894,246,118,227,1875
877,3962,201,27,800,62,2093,5,60,498,296,1472,44,641,724,536,75,574,2339,701
2,1414,543,1908,81,137,1458,215,142,105,2124,36,36,359,698,61,332,1535,274,527
1710,1131,976,40,2219,448,351,378,170,389,417,341,545,673,216,48,34,226,1798,12
554,1780,4,1,978,144,1413,2,1146,0,5,657,701,344,42,334,2177,760,947,559
2491,1021,2,47,124,1178,835,308,315,290,883,2,501,2,72,139,178,1,688,1576
601,20,81,3074,122,382,298,80,78,260,5,2,1022,1314,80,2,116,1082,2302,3155
1487,339,806,1,1071,1220,62,999,116,2359,595,589,2572,514,1856,1393,44,614,586,1760
2392,738,552,1090,368,991,131,214,714,22,63,584,3044,1874,276,790,964,763,531,525
5175,1569,2961,2396,15,1744,1737,498,334,5,1506,440,1352,153,632,1302,2646,2018,3825,1619
5447,472,6129,3830,3715,2069,115,679,915,39,667,2844,2,1626,1806,4583,2801,3883,915,638
