-Infinity,-Infinity,-Infinity,-Infinity
595,258,1357,89,833,9,286,296,2897,215,104,19,1057,3065,1355,514,252,344,215,1444
1,553,97,832,2386,337,1281,2410,1835,944,1977,1074,2042,1,1000,1568,421,579,3736,1415
3611,325,535,344,600,2557,106,6,236,283,62,1071,3,719,1490,2264,64,5082,1921,4092
675,101,596,485,1498,3931,2,2483,495,1572,110,169,1977,3032,35,149,3309,944,1101,433
223,9,13,233,5,999,756,608,1,32,1670,0,87,2539,571,4289,972,2355,1,1
1,1,29,1291,558,571,529,5069,5,1180,754,4744,24,835,224,2040,711,1362,592,333
449,482,3448,31,727,545,45,725,742,271,2235,80,1,4438,1392,1294,281,2985,969,2227
336,217,1047,657,26,1192,1224,35,119,671,1359,157,1248,101,70,6,1264,3,1882,859
608,213,1105,3121,1358,14,413,827,2,1046,303,388,2,8,929,1860,0,320,4108,510
6,2785,2321,1113,662,2,3373,584,1236,233,1468,1434,190,655,45,167,598,2,1,1
931,0,1014,590,10,925,2341,1364,284,1589,779,112,663,1059,11,212,2049,1191,638,890
134,1441,119,818,2014,1215,2432,584,1846,235,1,757,341,773,157,1,21,139,437,437
142,1593,571,1,3495,24,517,284,0,464,1,271,686,407,2110,12,346,765,1856,185
1597,8,1832,13,187,10,9,1567,1196,1,705,1178,19,2885,2206,1,557,5,0,4889
191,173,5,1026,636,5,1585,0,4756,147,2153,2164,357,753,3799,972,213,965,1719,2396
757,602,18,2324,884,1808,580,336,2720,4,1706,923,30,571,582,2398,0,4180,2228,1826
2252,303,723,475,90,590,993,165,1510,2254,329,12,278,2362,1408,278,769,190,1849,2870
2807,1646,461,1071,1430,1752,604,971,0,1475,1523,628,1,631,5,1097,1560,2498,0,1367
1448,2161,7,727,0,145,904,183,0,4,6447,2920,67,880,2076,798,2753,812,697,1027
2286,2079,75,20,1300,1,990,3,5532,1140,951,304,812,297,1496,1938,40,2167,767,0
