-0.8626635711439791,0.020894312822144757,1.0001066850382883,0.9496187765721924
152,3358,1686,1432,1178,709,1311,1021,586,969,927,469,1503,128,536,730,1382,398,1754,4880
1320,713,2431,341,1620,1089,1187,1697,1059,691,1408,260,1913,1224,1247,717,2072,3904,652,1674
420,774,1415,2120,1615,180,1103,1144,321,365,1227,933,461,79,1747,1305,501,173,249,758
261,665,2327,1221,4743,1355,826,1026,1320,935,1625,1536,478,1477,295,51,3,61,1381,580
1696,903,2438,685,1771,1032,1304,0,374,481,699,513,764,375,1407,1024,1531,3483,509,1620
845,1775,1310,734,894,916,180,1384,183,1392,632,97,1068,1904,536,2252,1010,1587,1037,478
394,335,3441,663,1613,635,598,1689,354,111,538,475,199,127,97,996,680,231,319,1040
1681,123,937,579,1447,687,115,95,300,1408,714,385,2,8,366,776,215,898,282,307
1228,256,351,227,550,112,936,552,489,127,669,607,304,2,642,207,602,526,294,566
439,2287,638,272,657,334,697,80,1118,853,395,243,233,143,4057,295,1689,216,1775,55
280,51,2757,542,1572,592,697,69,2634,240,327,1240,1583,99,1027,848,250,811,2083,1826
459,1477,892,175,1175,482,259,403,690,266,1,329,170,303,204,1247,1015,1683,259,1371
2106,626,701,1222,130,345,245,631,1264,801,664,974,591,904,606,651,574,1231,1738,1089
2967,810,1799,1142,1770,558,542,586,849,1439,208,256,655,265,71,208,722,877,1637,26
3013,2,577,504,595,554,523,170,1297,188,117,1383,249,1171,513,609,1153,1037,1087,363
446,650,370,976,742,1541,738,587,564,1320,1131,1099,518,351,2226,1453,1472,956,3628,821
1809,481,4,551,1175,602,821,1359,178,492,559,123,399,1157,1978,2343,1257,476,2018,1277
1330,1906,997,862,446,585,508,272,225,4201,181,2904,87,1371,1849,960,618,1333,2072,1143
2058,1197,1642,1791,1341,629,1218,1432,1736,821,1433,967,528,441,1844,691,1024,443,3067,694
1400,1599,2930,1299,979,792,2634,1556,1742,1132,1390,2591,3230,430,299,792,947,1476,2629,1200
