-1.5613903253977393,0.04823606356156336,0.9018690857854441,0.9018327658960699
13,2745,3448,1899,416,556,1645,164,87,773,80,4,2489,26,557,1305,252,7,758,3573
103,1986,912,1114,2475,222,642,161,2133,1298,694,344,510,1,5,536,1575,5389,18,3325
10,762,2281,1,590,4,1481,1337,1778,145,120,874,729,389,1636,945,1120,595,1760,1114
409,344,92,1,2236,120,58,1678,473,32,1615,2274,1130,620,3971,1,28,152,12,281
891,265,98,693,1,390,859,43,878,777,1735,1,1196,3403,2,1127,596,8,1004,578
161,151,13,720,580,10,1758,1656,45,81,926,2323,2866,2048,691,110,15,3,3472,487
1095,1644,673,491,629,329,559,1027,488,917,261,414,2453,1266,8,3205,3,2297,1380,2299
85,1268,1565,4,558,232,25,268,75,594,1162,1486,206,269,1,4,2644,2416,649,516
1232,643,905,330,818,48,43,63,431,736,95,8,20,808,1656,4400,1,4113,1762,2244
15,1854,195,3134,173,1,212,77,343,124,26,333,678,530,6368,508,1156,516,678,348
174,98,58,1866,479,317,15,2579,8,26,1689,124,6,607,6503,6145,1903,1306,9,241
22,147,1633,148,16,904,1882,24,118,654,500,1742,215,402,4637,5177,5675,1154,1715,6245
63,587,46,1624,25,689,92,835,638,351,1209,1,1309,2742,1114,1967,4072,1,788,4023
348,485,428,1679,1162,1738,164,1776,81,982,1,211,1217,849,1,608,1329,3028,71,2580
2158,195,365,10,365,141,114,838,466,34,1,43,2207,207,458,2057,2723,1424,422,940
956,1,2,245,1528,488,1309,922,136,808,3,666,21,2851,357,1318,385,440,3459,22
280,747,560,351,1550,576,699,2491,134,2337,133,227,577,2610,36,2273,2327,2231,256,1057
583,774,855,1115,990,169,508,417,1242,833,342,399,1322,665,1294,1480,2734,2534,392,1155
591,74,1,1200,42,334,11,1683,241,1186,1368,2298,598,162,743,3211,1930,2100,459,60
541,50,514,23,316,641,316,1580,776,918,59,5,1359,1142,600,2571,1990,4193,336,25
