-1.0195800193977134,-0.0021979695826041656,1.0519318211051787,0.8487835934116448
42151,215,298,243,278,53,1115,0,510,461,1484,2088,732,940,597,38,1102,153,835,21591
228,211,540,1022,554,615,139,820,0,1014,1163,2045,625,221,293,604,415,927,1711,882
681,111,567,954,303,159,611,279,608,218,55,706,1063,1173,2188,691,469,476,590,1548
164,148,449,330,875,1428,158,339,430,1106,112,3063,1382,611,1140,730,1453,240,445,7189
653,283,614,894,546,1437,170,238,1572,789,101,2239,2105,690,462,8,185,1319,663,286
424,1481,1086,1023,659,1274,282,101,184,2156,1695,673,1152,406,576,474,177,197,377,2377
403,330,0,732,362,842,446,2715,1349,1454,107,1719,353,51,117,136,679,1688,1565,1898
531,154,1064,1561,536,311,580,1557,1880,941,227,515,402,307,452,510,377,813,101,180
514,101,1159,180,20,917,761,620,531,2812,301,287,0,924,868,388,2247,919,48,867
617,1804,268,2124,756,430,161,344,830,1861,1,827,4356,398,587,1898,278,223,564,110
982,1984,115,314,608,1149,1643,31,863,111,0,574,37,361,197,267,1884,1505,160,12
735,71,653,139,942,302,436,712,28,207,207,910,0,1422,219,1936,266,512,835,1372
46,12,809,284,1368,412,357,1512,159,589,98,423,121,804,1340,875,205,107,81,2112
217,470,1498,403,129,1133,1224,100,312,264,1751,289,654,1948,84,24,682,204,169,461
1201,385,1407,1035,661,1330,924,555,1014,442,979,390,604,389,936,82,894,1675,361,1422
435,791,178,1421,1023,82,391,1530,385,280,284,1953,1056,641,253,2109,2027,351,906,1649
1739,1244,24,1,359,1092,741,269,1113,755,554,3068,432,858,388,2333,1233,91,184,1138
1302,2157,834,0,956,1866,279,162,15,84,329,146,35,1823,599,690,38,2465,775,938
91,193,893,323,2191,185,354,1340,123,793,0,600,526,312,518,431,501,25249,626,1839
1302,75,422,347,1260,484,723,735,1290,562,249,691,0,740,752,138,733,578,348,498
