-1.6861325667682265,0.0017170834504423996,0.9147520020141111,0.8507293979250506
91,3012,567,0,1041,2057,2286,162,565,116,98,136,46,190,398,437,318,0,43,179
5,13,419,230,2513,946,0,257,4,842,58,458,1637,143,18,0,995,2380,2,792
438,896,3320,33,191,34,149,303,64,195,1326,262,2,344,22,784,2076,744,722,5194
474,0,49,264,45,28,91,1,99,0,54,0,348,156,805,55,63,1704,71,3185
197,0,554,485,141,1763,555,460,1535,209,145,1153,365,1809,110,149,2,301,48,562
34,10238,4117,210,82,2543,1688,31,13,369,46,33,98,0,784,2286,551,475,8,10
2210,2,672,536,2237,348,40,2598,0,751,68,660,305,4262,4030,166,3233,60,2350,13
10273,5239,1719,61,34,348,512,830,3,951,126,73,62,8604,113,114,656,7,242,1071
637,414,661,711,587,1814,999,310,3,2391,3,44,1175,2,277,249,2323,209,101,3047
472,834,76,4,2,13,4040,400,173,6162,3358,386,244,4285,35,2791,1467,79,5870,192
567,491,5,96,848,97,3694,53,125,1765,155,35,530,1477,60,824,476,1960,431,97
288,894,531,2116,6265,24,190,77,71,0,770,16,217,1325,4799,1407,91,4374,1208,317
273,8,1740,54,660,4,1457,52,75,3853,413,171,3697,235,88,2398,4,458,149,3710
461,92,193,1178,9068,544,611,807,6009,240,938,588,268,72,304,609,31,5,1895,7461
168,1302,1022,322,3738,115,267,7,1072,2585,1853,575,1504,3548,6806,8,702,5530,774,1707
1133,4340,0,1,2311,41,247,1940,123,709,166,0,3250,184,37,626,1294,0,1781,17
1139,13,2968,154,1349,22,965,1664,838,59,158,5,1598,131,101,2272,5,409,480,342
894,3879,461,139,528,267,671,318,259,1077,186,2518,89,7,0,220,1275,326,6,1
3201,20,4613,2995,455,1532,121,838,1254,698,81,24,1339,16,297,217,91,9,40,442
146,95,5,1004,643,2144,184,633,302,187,35,1066,4,1058,21,91,467,47,46,8316
