-0.7183545012973436,0.05137260836956021,0.8029318546903335,0.9466233690369321
514,542,342,352,386,696,988,848,385,952,1432,1056,459,1120,677,785,435,246,921,1042
706,675,467,1878,518,332,1126,681,321,534,1277,1066,429,191,1324,132,733,142,727,282
489,163,1968,263,519,765,476,117,250,126,0,1397,569,457,904,1321,2570,325,120,518
216,649,748,888,251,682,532,81,1113,794,317,1196,1559,752,0,607,633,878,246,407
834,325,1455,979,0,454,847,588,2798,929,1061,2809,560,12,647,766,425,1113,4002,340
676,408,553,760,184,1115,1029,709,1626,2490,371,608,1274,311,1982,118,1027,1192,1010,622
708,43,642,1018,1264,1206,297,574,1024,6601,735,652,1270,942,808,697,1344,800,672,935
508,504,1204,807,672,1307,1974,3427,1107,2041,5268,927,2294,2181,751,668,1098,499,1067,287
338,493,574,258,1959,2424,628,819,268,2379,818,1784,1404,4978,593,1423,966,1362,286,992
1092,114,332,1825,1485,569,959,1855,1446,7904,5778,3200,1917,1702,661,771,512,914,734,615
1422,1056,1841,1154,810,823,1898,0,401,2801,1943,1493,1937,1198,1876,1391,584,292,773,1399
224,1186,995,674,990,591,870,2403,2653,3661,3220,1308,748,1581,8863,1106,1099,1268,680,1066
935,351,781,1252,354,2050,536,904,621,791,267,389,3362,1137,901,333,1899,409,993,636
673,446,303,880,491,1075,662,487,2495,1265,658,357,919,967,1495,708,597,596,843,659
357,311,742,973,1107,36,1415,1631,866,1049,938,669,1109,828,829,893,1133,770,371,621
146,515,1054,165,505,1138,808,751,926,2688,2048,991,777,873,1019,1193,742,582,497,568
1406,531,404,419,328,549,457,1078,1011,940,627,207,1567,1739,387,379,1969,1569,516,740
803,322,500,1064,153,103,493,387,907,936,275,547,640,1007,423,300,571,487,523,359
571,355,283,408,476,1008,516,982,1482,980,254,554,1657,832,601,724,462,1059,1096,1453
172,341,665,1441,595,394,783,254,248,974,764,353,26,466,706,582,500,838,180,260
