-0.9215141632923514,0.04066413738626668,0.8546237763699646,0.898813405308507
0,967,135,167,638,1399,1389,1578,88,145,1178,1612,652,385,50,2123,160,472,1138,465
64,559,692,190,8,1001,1192,150,587,579,142,58,493,854,324,454,584,886,879,541
815,253,446,250,510,1142,266,1307,857,455,2973,880,661,967,2201,355,521,707,1827,643
462,93,682,8437,962,1157,1413,759,1688,305,208,91,1075,771,369,251,364,417,1531,408
254,990,341,103,381,416,210,380,467,620,570,489,862,814,141,453,3041,461,381,887
795,446,674,377,1713,464,281,604,346,608,687,2526,422,579,661,2183,713,770,2630,545
468,9441,276,259,1196,224,181,814,595,116,868,1776,690,2127,544,886,522,919,578,116
395,390,83,364,373,841,758,585,425,1492,1543,2363,825,2058,2385,908,633,476,408,837
869,361,1183,806,184,198,521,902,878,735,607,385,346,0,483,5272,731,351,896,853
89,1375,281,1257,126,255,367,61,699,296,259,173,1512,729,1196,4361,2291,151,4350,253
380,476,332,420,641,1025,833,881,447,634,1033,2057,232,25,6514,5650,4059,11690,1008,273
1354,614,543,1477,1634,85,477,58,790,761,112,879,318,274,320,2627,12977,710,735,2654
100,292,184,462,344,19,1263,1552,345,190,919,360,736,1277,647,11927,13526,1904,656,4618
239,2022,514,169,1206,562,514,1350,366,491,441,645,147,813,304,2379,865,2732,616,401
1040,928,911,433,1943,835,1159,451,4208,696,236,1607,139,1403,565,0,1008,450,386,61
1081,625,413,414,656,1617,372,840,5777,0,522,867,708,489,1468,1099,689,13,560,754
227,715,572,1540,195,267,420,1289,1004,602,271,330,312,315,889,1927,569,1432,555,423
494,981,190,894,794,92,344,244,1073,62,655,548,680,1133,809,559,217,565,131,520
1143,628,432,123,456,258,731,487,366,601,1406,732,987,1615,294,1210,286,505,1367,576
1164,530,710,451,179,885,778,79,444,331,130,1174,937,1574,1034,766,118,0,1052,190
