-1.5960503329088447,0.03476323031766161,0.7957466066275484,0.8993474186851117
597,153,1982,357,46,246,1224,91,1,674,1,260,1708,676,21,23,513,21,42,3
391,56,133,220,110,21,122,2407,1,278,14,550,1174,631,813,475,1406,518,316,107
24,74,317,185,1288,1159,1821,1,4,1166,151,1830,33,1049,645,103,36,1105,89,3077
280,371,863,664,220,844,3122,110,178,1686,3217,455,106,1530,2226,25,1657,603,1513,260
1552,12,739,1164,171,507,10,864,907,231,17,469,4718,752,1,324,3,1246,135,12
8,2667,84,161,179,652,2,1917,1643,2081,210,4998,1,669,2364,2503,511,1269,1414,3299
2,663,963,46,1,966,1639,1130,1722,131,342,1657,876,3529,3634,935,870,318,13,36
86,93,880,2395,153,269,553,455,674,541,2291,1613,18,1690,2049,389,1766,5,1564,374
194,90,255,263,498,3366,138,3493,832,1528,2255,5,1232,116,3545,1432,652,3008,9,1709
52,1,523,2496,2663,266,1685,2762,893,922,1015,0,496,11,2200,768,1891,1428,64,142
2115,297,637,172,1794,7,108,756,3896,450,4058,4521,2126,126,3459,983,909,1399,973,32
33,387,2746,2053,1869,2219,50,1202,2122,4169,4675,5095,3171,824,34,13,373,1562,1037,675
320,843,1128,1645,2076,228,2024,2659,6581,3,5614,3661,1452,80,1392,33,2656,1,1621,3
255,2621,392,716,596,415,1327,1513,1580,340,119,873,46,272,1846,1480,2,4657,7,1525
432,34,903,516,17,270,3008,1957,2516,1290,3195,74,2377,19,4684,228,1861,24,166,732
1006,790,4,12,37,336,292,2466,2018,566,1731,1132,1497,419,80,236,4,57,266,481
762,705,234,8,43,382,1860,569,63,518,0,1729,51,1955,1202,2472,1989,176,196,1245
2,1,19,720,24,1340,93,2020,29,15,9,2980,2353,425,2101,807,41,1,2223,355
2243,508,177,2522,3,463,1,91,274,119,16,1630,2506,2497,1204,361,604,229,289,133
34,1987,1003,34,152,1270,474,613,258,456,43,343,2,1923,992,376,516,548,264,193
