-1.373894779113885,0.0035062218929532213,1.0513003595025276,0.8511138666561452
35290,187,50,4456,1615,1139,88,157,766,743,4504,194,252,2356,1754,166,908,266,619,4710
459,36,744,1021,774,583,21,100,358,74,174,99,164,332,104,488,1490,1274,312,0
12997,1633,75,967,86,1093,1526,885,468,1711,116,0,62,34,882,1956,1164,24,761,1840
338,14,19,2884,7,1686,39,50,368,486,53,1456,206,27,237,3781,237,451,3462,7474
139,2070,835,433,2053,389,104,270,424,2155,982,810,29,600,154,1665,2794,2497,3,1062
546,23,656,1350,1856,0,3251,843,138,453,68,437,13,724,791,3419,42,541,561,832
1952,165,78,1722,1134,763,40,1559,963,713,362,155,313,97,3996,532,197,2472,1342,55
734,425,1126,1216,1880,37,309,95,1034,2847,63,1625,440,786,262,2001,854,77,230,468
1074,2548,300,254,643,2074,313,741,711,2129,854,1617,514,69,9,5080,0,1942,725,619
513,972,2522,97,324,207,32,113,658,250,16,2723,946,1387,2549,73,297,330,97,70
74,537,1178,294,76,589,867,601,2043,1163,550,48,475,358,528,1,115,73,133,664
331,208,668,2296,280,1336,194,1075,1394,62,98,1669,26,180,512,425,197,803,152,713
115,1936,1708,330,101,32,745,12,509,449,104,992,589,557,371,556,823,142,6,2
560,131,1081,1781,3897,3,198,776,145,8,44,22,461,95,446,3,58,10,204,69
41,2375,94,216,799,392,1507,107,737,91,1630,889,604,3504,209,28,316,735,371,1308
768,278,1250,95,1002,438,87,326,36,354,513,534,30,616,100,157,238,635,980,107
942,2690,779,100,31,325,0,392,2970,1019,136,0,844,564,16,3,564,1383,706,89
1447,300,0,4867,2354,89,93,340,370,442,248,0,958,539,85,310,1907,516,2038,2557
1555,117,1392,110,451,341,77,15,329,911,103,425,2465,486,7,1346,75,5927,1395,745
1023,877,150,2193,1875,1467,1444,75,0,40,805,13240,582,554,163,5901,2053,2513,1687,6944
