-0.30754217154556474,-0.0015061678559849345,0.9340127057892944,0.9905676517212745
855,1183,998,615,952,1184,1468,797,870,946,1028,1346,742,1283,882,701,607,1359,918,1081
1111,1334,548,681,629,1656,864,1397,1317,894,777,1465,1773,714,946,770,921,1520,1342,965
1163,1536,1504,1051,869,490,1160,1189,764,485,670,1210,1283,1243,1232,835,1136,936,672,1047
662,1129,1373,1165,1101,1194,649,1140,790,918,496,985,933,696,1737,650,617,1117,1586,980
1177,669,1187,742,769,770,1012,707,1152,1254,1016,613,882,767,1048,1068,615,908,1084,1397
774,455,722,975,791,958,1039,925,1828,501,429,899,982,392,1543,1484,753,1158,963,927
955,1018,665,607,836,965,970,1005,861,631,1154,920,897,803,1055,1084,794,1566,956,1045
1367,981,721,627,1111,1335,1027,1007,920,1108,428,955,1324,476,1056,1074,747,698,1225,1071
1512,891,849,427,574,1015,1433,1318,792,714,1266,941,915,842,775,472,816,784,1119,1263
703,646,1024,1148,1106,760,686,1105,128,1269,912,617,665,672,1129,864,868,1234,705,350
1144,365,1188,1053,663,1074,1066,583,488,1112,1187,1133,1205,1230,806,1407,807,1034,448,962
1054,1193,1103,1034,1551,1030,889,738,806,750,1008,666,950,1344,1015,861,1776,768,1007,708
1590,775,755,748,1122,496,953,1385,538,1586,587,1005,954,466,1160,1186,586,1354,1208,864
1133,586,1387,1799,1112,1109,592,1070,1173,1152,1063,1077,624,1294,1055,1367,625,629,959,486
1002,1336,901,1797,909,515,1930,1823,1020,1255,1118,1160,950,624,175,1196,961,772,625,1635
688,616,822,1158,1344,839,805,757,710,806,1303,757,954,998,1422,2165,649,562,1501,721
956,1302,758,1038,908,1520,835,885,964,617,466,903,703,628,1431,881,987,701,1908,1983
1041,1175,799,949,1228,580,1493,1003,1044,623,682,1104,1500,1538,812,1698,1445,478,1339,541
1648,1025,987,1280,1107,1271,1080,1007,601,789,1172,1213,1674,1047,1004,812,1105,1100,803,1255
1340,737,1516,1074,0,1093,954,474,1037,1374,535,863,1348,652,1154,1715,661,1146,997,714
