-1.3795076797212757,0.055299478560478864,0.7969206416423358,0.9030629957982365
529,516,1020,162,12,110,37,4,135,175,883,1520,2889,1266,2047,221,436,460,329,37
196,94,555,395,418,138,3,1227,325,21,39,11,0,1128,396,272,374,312,1806,204
43,14,451,2,45,72,168,244,251,465,699,1804,973,1665,133,12,765,256,72,722
69,572,430,82,239,359,453,1223,24,141,268,680,712,1044,18,352,799,143,1894,2218
1392,247,0,21,814,587,905,32,1759,28,533,1411,0,169,13,115,873,671,3095,163
1226,167,1225,6,597,193,450,2291,3055,11,322,9,12,946,218,409,1520,429,149,22
1060,2255,119,796,5,415,377,772,3392,2466,752,270,1477,610,5673,1,394,1465,413,6
229,59,399,2066,9,1756,8,10,589,1136,1836,157,265,1105,610,3083,157,115,1129,2823
1231,1489,43,250,697,492,208,4192,1613,413,526,3551,902,110,3356,8,1645,1559,586,1114
362,369,633,883,457,41,1204,2591,2102,2340,3015,413,5,1627,3789,650,578,2087,1241,239
100,189,1200,300,232,362,1116,2336,2871,277,1481,7668,3484,610,2006,54,559,62,53,622
35,1002,764,619,73,7,1,1130,3666,2069,2825,3892,3854,1863,2888,1072,3211,1479,197,9
1162,236,351,0,318,301,769,1686,2512,2390,3792,4312,1866,1160,4769,3612,2035,1609,4507,819
188,56,1437,797,2469,611,322,142,1107,347,2185,909,420,3024,762,5348,4166,430,1255,543
1,393,48,140,1116,76,2218,636,2007,388,2622,6559,1023,560,1381,3697,6,8,246,915
1380,904,1847,1575,0,738,118,2629,971,214,400,2705,113,959,362,1997,328,558,3011,864
3702,672,22,854,535,941,533,718,775,27,112,334,873,2066,28,0,2,1389,733,461
85,39,641,21,3066,331,898,148,661,2152,2214,674,65,532,653,201,925,147,846,13
337,105,569,2530,447,521,93,0,1,172,367,966,37,2327,627,737,1145,825,1135,303
94,1023,341,492,1352,455,3191,2653,1065,678,487,1907,1843,2748,189,4,394,184,1832,351
