-1.6724915889875953,0.0027714272750533667,0.81348777663697,0.8389333274383719
25,3298,35,165,2428,64,808,789,378,17,766,1,4571,174,2372,137,1,926,76,421
92,1405,101,259,39,69,802,816,773,288,5093,1124,914,2070,325,34,55,31,52,527
1,490,990,41,258,0,27,3727,15,71,265,664,1638,483,914,146,362,59,50,166
5,632,2479,5172,81,1070,163,466,428,1,1005,7,61,79,332,234,397,512,1058,18
98,9,1661,120,11,5760,779,378,15,89,4,31263,891,0,3165,135,91,482,119,9
8,647,3930,1936,338,2307,2832,1975,120,2813,90,635,684,2438,228,192,55,54,260,133
223,191,177,279,339,11,353,3006,493,324,1869,561,8,31,1273,5060,1226,883,1774,128
83,782,1435,123,3342,4542,14,2994,3747,1108,501,1457,13,365,959,210,320,6,962,83
1838,745,153,433,2558,223,2756,4,12451,874,1543,7,77,218,131,1545,360,32,32,41
523,8,435,36,32,707,2885,497,368,290,6593,9199,807,2713,3,1250,1552,4310,16,182
28,902,1382,306,135,285,5167,2,147,33,6982,320,577,140,1923,50,733,601,1959,560
456,61,250,170,161,6,1197,80,3657,1237,1558,956,0,2397,28,3,638,386,207,1512
133,508,74,843,1213,193,1381,2413,55,275,2386,236,854,33,245,120,744,554,837,418
281,362,559,2119,683,20,272,101,5234,113,146,2089,1385,60,2646,1554,515,2735,156,1
24,631,41,157,0,662,63,2221,545,69,192,3260,219,203,2675,260,174,27,3785,356
2452,221,1,515,1,8,45,1399,2947,1143,31,1,8,412,6,114,4663,1031,64,272
316,152,61,1931,238,11,374,1,116,455,994,5766,724,538,2934,25,2176,110,38,500
1766,54,837,608,1108,194,434,1031,2058,368,1126,874,26,93,347,9,122,54,3199,192
250,244,572,8,128,1205,488,5,384,86,503,1,1624,1609,1247,108,164,0,1830,2843
3614,896,139,228,0,9,1436,745,63,1205,607,75,314,387,5,213,70,914,2916,796
