-1.5044375372679761,0.0512557198067928,0.9031850651700029,0.9055794947003452
12,2745,3705,1899,416,556,1645,164,87,773,80,44,1993,26,501,1305,182,7,758,2572
103,1986,912,1114,3805,222,522,161,2133,1483,694,344,510,1,5,536,1575,5389,17,3325
10,762,2281,1,590,4,1481,1337,1778,145,120,874,729,389,1636,805,1060,940,1760,1052
409,344,92,71,1925,118,58,1611,473,172,1615,2238,1946,620,3626,1,28,152,11,281
741,321,95,691,1,390,1011,43,878,777,1443,1,863,3403,2,1127,596,1009,1004,426
161,151,13,720,580,13,1758,1526,45,81,926,2323,2866,2048,691,110,15,3,3472,2129
1095,1644,793,498,891,329,559,1027,488,915,261,414,2453,1266,16,3205,3,2297,1355,2299
85,1268,1565,4,558,232,25,268,75,594,1293,1486,584,269,1,4,2644,2416,649,516
1232,643,905,641,2,48,43,63,423,736,95,8,20,808,1656,3850,1,4113,2258,2059
15,1854,195,2941,173,1,212,77,343,124,236,333,678,700,6368,500,2359,516,678,348
232,98,58,1905,479,317,10,2579,9,26,1689,124,6,607,4861,6145,1969,1948,9,239
176,146,1633,148,16,904,2432,14,118,819,459,1742,215,403,5032,5177,5675,1154,1715,5019
63,558,46,1619,27,654,92,462,638,351,1209,1,1309,2792,772,1967,2147,0,788,4023
348,485,428,1679,1252,1481,294,1776,78,982,1,211,1063,1082,1,690,1330,3028,71,2580
2104,175,365,10,365,132,146,930,466,64,3,43,2207,207,458,2207,2723,1424,422,940
874,1,2,392,1472,488,1309,930,136,638,3,479,197,2851,357,1318,476,494,3459,22
280,747,560,183,1549,576,699,2491,170,2227,133,227,580,2297,36,2273,2327,2231,256,1007
583,735,789,1115,875,169,508,417,1242,1175,311,399,1322,665,1406,1480,2734,2534,327,1157
592,74,2,1200,42,187,31,1683,241,1186,1368,2298,607,162,743,3211,1930,2100,459,60
541,50,581,23,316,641,297,1580,776,918,64,5,1165,1142,793,2571,1990,4193,336,25
