-1.5005994395574456,-5.951935460172652E-4,0.8500106528718602,0.8480882370806656
222,57,140,137,244,1305,639,171,887,947,440,3941,649,1187,529,1173,2057,89,12,178
452,163,667,357,677,337,1717,1246,160,284,303,16,677,100,3660,127,17,344,725,513
1432,419,15,71,22,2798,3867,0,812,23,3956,388,389,382,1986,1603,17,373,2317,541
334,307,313,4307,230,5,2053,11,37,172,651,1758,429,1198,248,486,5,168,485,25
50,949,1420,465,5498,597,212,573,190,789,843,124,1125,179,28,355,131,82,741,2329
3,31,20,997,259,45,632,547,1016,22,174,679,389,4,65,54,54,318,20,361
144,1268,40,32,506,18030,7,3650,266,984,224,278,106,1124,444,66,228,322,1602,1071
592,947,2469,1086,31,4084,7123,1951,12,887,5791,197,229,175,376,7851,266,1269,383,181
3949,3029,217,2133,179,699,712,12495,5,204,3950,427,207,723,987,82,390,4653,2524,31
888,954,0,611,1311,6005,453,611,661,172,847,70,43,334,5403,1081,164,1285,33,161
1400,921,2,4533,168,599,1579,49,79,100,1,162,1351,338,1793,26,3,943,2380,215
418,142,2,0,693,172,212,109,458,765,21,37,2739,40,480,304,1927,67,327,1000
32,7558,554,242,1273,144,1131,1033,1276,12087,4,1283,131,107,159,139,1912,64,75,50
159,244,109,2472,1290,972,623,580,109,1359,2275,158,106,155,322,4,9854,1665,137,1622
39,885,165,48,3649,90,1845,79,1197,1108,629,962,5426,1995,327,22,518,171,1076,5129
0,464,105,229,450,1240,177,447,509,88,2912,414,174,341,214,501,155,489,499,0
205,179,14,533,408,247,672,1610,156,44,306,81,296,1,5323,12,1056,592,41,504
711,200,112,474,3656,0,0,1092,10260,582,55,647,4537,2058,21,629,4418,638,1331,1847
1527,620,155,387,763,677,187,173,365,27,1079,2168,23,141,2647,922,249,346,397,383
83,503,544,776,9,3112,933,288,1091,15,91,69,388,897,59,365,477,1,246,556
