-1.1268131236569994,0.050192756762943554,0.7809416640243348,0.897023440760081
413,571,397,863,550,187,1234,264,105,817,378,92,597,2081,141,907,254,501,83,258
1275,1715,1239,7,1893,208,292,4426,231,294,1708,511,1731,681,372,69,392,1034,601,815
0,42,891,1602,1451,604,787,392,656,712,6,437,2279,0,287,342,747,149,1005,455
1524,33,1088,155,160,1289,0,427,764,764,647,329,0,1195,214,424,248,12,948,466
651,315,763,118,514,382,4404,492,21,223,422,2125,399,459,293,105,2013,966,1768,1085
214,200,174,2358,81,5,413,509,1951,265,1101,1390,241,1389,805,1573,969,402,2092,626
312,392,580,787,1678,197,1182,1338,93,943,376,1110,600,961,978,20,219,635,107,513
855,316,212,2098,222,416,101,86,163,863,78,2039,563,44,1048,171,732,1937,1057,45
529,877,227,1413,298,34,10,1755,2563,333,6627,516,895,684,0,299,422,35,244,580
4,845,382,294,498,619,213,6440,3147,8941,4687,503,83,727,847,781,2657,548,10,990
342,723,2062,177,544,871,526,3616,1181,399,5949,2786,5126,840,2417,677,1100,2426,615,444
462,575,2767,75,292,27,898,441,706,13025,1710,8002,1932,579,3374,57,1129,545,1393,1623
464,671,1,770,1233,2666,1404,886,7019,13680,1323,6835,3175,193,1145,1181,662,586,222,316
459,455,307,1461,92,1105,2182,3919,1155,2103,967,708,192,318,1038,352,634,210,321,1236
33,176,596,815,1201,424,520,892,4204,951,629,624,1307,306,270,275,2682,817,307,480
766,1074,624,158,3,21,919,1121,810,939,12,474,1252,349,256,769,1207,350,1618,11
1953,767,29,678,0,1180,1012,850,415,136,955,319,600,1209,735,275,48,605,723,348
3,85,1300,5,562,253,1816,596,41,210,254,0,630,991,427,1534,6,1659,381,708
934,903,0,1224,204,1343,863,523,104,381,1512,555,1318,2401,23,909,513,218,2649,929
298,1290,436,661,1600,217,875,790,468,0,464,1289,839,670,347,1319,642,409,604,691
