-1.2535521765776123,-6.814791326265829E-4,0.9673232292080363,0.846359726603425
1175,32,406,462,669,259,758,967,536,1705,119,239,237,448,2114,9993,634,118,13,461
208,540,546,167,464,137,1563,0,2296,62,306,959,462,14,571,173,2049,893,221,1053
1227,333,1291,338,586,786,219,760,820,5182,93,2851,757,696,3,270,6574,5,897,887
131,381,127,293,1254,1114,2329,0,351,290,1112,4,37,479,2562,2272,691,195,714,104
495,180,75,815,817,1085,122,9889,1484,596,186,680,1363,18,620,506,1245,52,18758,268
57,0,643,472,0,0,1415,0,74,1791,432,1591,465,491,2458,528,703,455,761,310
906,490,758,1362,12099,425,236,520,710,607,993,0,531,1729,793,79,10,842,1836,146
155,155,75,889,671,996,857,1665,931,351,1694,1938,14,431,0,774,50,263,383,1067
470,3,1450,2366,2786,533,199,84,842,72,16,124,77,549,4680,1070,393,59,218,255
107,4024,871,723,212,333,403,149,861,429,1098,141,0,1297,818,1043,1155,2543,141,69
428,1,178,970,114,593,697,59,129,2671,125,91,2366,495,1318,809,1756,538,1423,574
473,586,370,48,221,506,0,272,1492,12,1196,1283,157,287,575,425,4803,972,616,489
3,1027,730,733,385,1464,1310,460,412,226,277,118,1265,90,133,395,615,24,92,249
1556,69,489,939,399,727,504,620,139,0,598,597,7,603,2018,0,669,1453,183,887
1596,1751,86,2235,234,55,180,6,777,593,466,309,803,855,64,299,165,1778,143,573
1273,1122,964,397,249,19,141,759,86,66,150,254,533,71,2803,1166,1659,623,663,959
749,278,1884,792,309,617,0,219,240,13,153,559,789,430,200,80,84,345,9839,1305
186,357,329,626,113,1729,1087,2111,256,344,32,168,1237,98,3628,1040,941,659,521,213
114,5,2754,37,0,555,393,2237,747,435,753,267,529,146,614,1653,808,98,2122,1719
3821,380,229,111,0,1887,283,141,354,235,3,4688,119,17376,153,294,24383,742,976,439
