-0.882147320127399,0.01008534885787958,0.7954686257701672,0.8503621339313286
681,132,346,299,796,1141,542,274,1411,336,1151,1892,948,700,748,105,1410,353,680,1049
429,1350,1521,99,968,2181,358,511,850,139,246,0,499,170,1059,1342,1735,904,645,407
1169,336,542,1634,824,374,319,537,454,421,283,182,1005,6549,267,571,681,514,64,1108
783,979,155,421,4482,1635,83,1394,284,490,790,350,19370,242,692,1522,895,184,603,1609
886,537,0,783,685,812,777,327,933,1250,315,441,548,224,557,614,848,1014,180,615
1082,40,702,321,86,394,624,404,453,597,2454,106,828,1291,456,492,152,610,412,353
1012,339,1685,656,164,238,11594,378,671,1962,389,386,10,1337,563,605,470,247,1230,966
821,595,790,1057,1915,655,1156,990,204,1529,1557,1124,677,478,457,853,27,1314,665,282
170,660,191,158,387,1114,1169,1062,1221,2409,1004,40901,28971,2037,397,853,33,130,2035,1244
1679,861,379,1739,1698,675,338,643,115,621,98,1185,511,60,1438,243,1164,570,318,114
1090,571,803,497,157,62,226,411,1284,284,586,413,597,513,30,262,772,877,1386,969
682,1250,12,652,310,829,433,228,1086,391,0,585,577,612,684,236,1428,152,714,341
277,817,244,837,700,611,414,836,1097,220,618,618,1915,542,226,323,560,1082,1242,902
639,621,344,465,1495,483,350,100,1494,271,867,155,242,383,58,1846,647,1029,930,1212
375,1604,619,2196,1119,645,149,830,324,874,793,1066,839,549,583,560,1786,476,605,275
358,165,616,792,964,1028,96,305,603,379,201,1762,1325,104,359,722,686,451,792,1198
285,1347,189,1404,520,218,922,704,700,3,1075,130,739,56,678,697,536,48,113,763
701,37,1475,341,159,746,615,1136,391,609,567,772,619,278,1268,586,204,541,786,216
1016,151,37,1048,331,1687,596,2048,97,701,1016,336,487,307,85,1082,138,564,543,140
1020,63,185,91,469,534,454,518,135,296,1336,137,939,576,312,512,319,756,333,689
