-1.841735531127547,0.010856050161066748,0.7935412879798259,0.8495258208432395
1148,53,7,39,2428,69,201,1206,564,5,913,4,2061,46,1653,156,2,510,29,282
104,520,143,1,10,29,433,594,1899,3023,3717,959,2933,2070,285,11,57,79,339,1862
43,297,30,27,1,1,11,2417,471,5793,186,953,1222,311,84,147,232,381,519,73
2,373,470,2788,412,1070,10,1350,464,1,1494,1,1,118,2550,106,0,1049,875,12
55,1,1,115,98,5463,1149,0,20,572,283,11092,446,2208,187,244,18,4,90,11
167,814,1230,1814,44,2293,2503,1876,153,5389,576,1246,60,3288,309,39,544,94,500,398
203,283,1672,436,929,5,368,3471,613,131,1961,127,4086,12,1665,3136,807,24,2358,146
236,5,1974,1328,3437,4722,32,4518,143,1062,2411,1626,84,1848,674,237,825,3,273,78
1177,1000,296,219,2458,165,1128,1,10836,3761,536,2,84,232,1599,1473,357,1219,682,46
963,135,402,3429,2,431,1986,461,102,800,7448,9199,937,1042,3,1172,2220,2309,9,452
3,1775,287,332,3,187,3528,7,167,496,3998,1,228,131,2912,54,744,3894,0,422
742,296,21,283,1,4,1461,121,3515,1205,1742,856,20809,2157,10,9,41,235,186,1940
181,749,91,1433,181,9,28,2281,80,99,2515,68,1355,10,104,987,251,319,350,639
940,228,59,1815,627,4,54,233,5282,11,226,455,2340,10,3341,1310,613,1442,55,2
20,10,159,101,2,2479,1323,2221,395,8,212,2705,181,156,3231,227,228,41,1763,457
3833,1,3,377,1,394,91,1203,1140,664,67,8,25,491,1734,24,4501,9,66,668
404,132,694,1597,1964,165,447,13,537,31,907,3717,498,11,762,4,1757,257,31,1113
306,59,587,377,3708,661,42,63,481,477,727,910,16,277,45,71,2,1,2830,1
794,24,866,3,870,1270,528,669,131,105,623,54,1353,1452,3175,11,196,238,1877,3007
744,3607,238,460,828,62,984,653,32,231,1241,74,994,1119,7,177,89,16,2559,99
