-1.547479564278649,0.0562933347683677,0.8926776513650729,0.8927728715626346
581,1386,2491,917,16,1408,792,1463,850,554,2990,6,776,988,993,25,1540,1168,3729,1960
391,1023,2428,141,1154,406,863,82,675,47,742,2875,3111,75,27,148,869,592,658,1419
0,715,1167,31,266,127,8,3335,565,43,493,689,3909,112,1026,1382,1643,2690,1978,4170
1,185,1777,20,5,1073,198,0,898,39,25,379,90,1489,214,2,1086,73,1017,254
1088,1,233,161,384,2644,1509,317,199,224,410,34,1268,1770,407,715,666,2367,1549,1833
864,2871,0,944,29,777,356,606,1,113,847,1,0,609,2136,727,172,1397,156,1009
827,376,12,48,580,231,1,180,688,0,53,1,2267,0,31,32,1,1755,481,519
8,187,412,141,1673,456,1037,185,182,336,3145,2474,311,31,12,1328,1487,1749,1406,1661
41,1283,839,1924,0,311,1951,116,894,1133,1770,74,628,35,165,1688,630,79,896,86
177,895,619,236,3,39,1069,8,225,1,774,509,25,1373,4614,3379,0,11,283,20
1084,99,1890,35,2134,842,131,67,2288,460,329,1288,1534,329,5420,5412,8362,3430,6288,698
73,151,10,1573,872,562,344,925,561,968,618,14,910,1728,3192,7345,2569,530,514,22
270,642,141,1783,536,4,288,598,8,76,1120,155,92,79,9,5551,4452,9,1093,2732
234,1,920,147,221,430,124,2368,232,83,1,145,480,2130,20,3889,3615,3352,1977,2153
1691,16,1204,1726,1113,2360,10,95,304,470,1,121,953,166,2027,1147,5439,3782,378,1346
1129,1023,525,244,154,274,259,534,152,985,38,1908,1405,2712,3572,740,906,255,1262,530
1104,406,2,1258,706,687,265,1007,1393,1736,94,594,3345,1210,2487,4688,484,907,3825,1035
849,408,457,2,193,570,660,720,656,476,190,578,771,917,75,1239,2419,2,152,1260
580,27,1,482,90,1,775,84,13,6392,204,381,1358,805,60,3531,3,199,1182,111
454,1459,194,636,124,1084,1775,866,114,173,379,869,2583,19,1348,4315,2914,1,422,14
