-1.6388429376866418,0.004558251985865588,0.9998688971947446,0.8983728841156934
2471,2974,261,1411,153,970,6250,1678,434,452,171,29,2197,3485,2120,158,982,36,1561,2045
3293,728,4565,1620,3465,11,552,2600,306,209,1836,359,856,481,1039,2685,4760,939,1661,522
672,2536,1346,126,2698,574,1224,48,1183,342,167,292,439,11,1786,154,8,94,581,760
1309,528,189,156,1099,2,4,1046,2213,365,225,863,334,42,685,709,271,830,6989,1
1232,1,200,1023,930,348,781,2456,19,1291,208,672,213,1440,1227,513,580,134,1805,155
1,97,500,579,289,171,1007,630,1369,543,1754,1,27,217,2765,1846,1313,986,326,583
117,2137,892,9,694,3,1703,588,8,859,697,649,3567,425,893,3525,1772,1165,3018,652
1219,4,1888,713,2690,1067,1347,177,6,534,8,157,4,94,2692,444,121,166,2170,1014
2,960,344,41,258,12,294,2,101,2374,239,110,986,0,4492,3,1191,97,134,1896
328,410,1,51,4,1,338,40,2,6,10,336,25,736,130,773,1138,2230,315,1750
2472,1030,2108,32,975,2,1077,4,539,201,341,472,341,611,8,2895,1678,9,2529,2129
244,428,2654,40,177,379,170,1018,1052,332,104,64,731,1409,950,2147,1680,51,642,36
729,1565,1885,1,523,3841,295,6,1987,452,652,2,315,1708,125,115,8,11,1551,339
6,2232,2,3907,533,1558,2617,1342,0,6,371,3199,3614,43,5,133,221,1298,2241,1017
220,2408,603,2854,235,8,2,1,323,196,1120,369,268,1231,3911,843,179,40,5036,30
842,2007,388,237,279,363,2211,2289,2126,1295,258,1,1574,11,88,299,500,2099,2,1328
927,2653,5150,221,2348,3,1022,617,1243,413,164,1795,946,20,48,2276,54,4260,677,595
4701,2405,1,1269,677,9,75,1,707,1372,39,99,576,11,3798,167,933,12,20,1097
3474,920,473,397,1693,1681,279,14,447,1605,183,14,4682,201,292,31,3,983,1242,2892
2813,1485,5,1282,1761,876,609,3,2280,2182,636,917,6,579,5083,2674,463,3501,369,407
