-1.162256295202714,0.02766796105077165,1.0502256184831034,0.9158883447874387
5254,330,2068,895,124,102,308,60,1936,553,1221,239,909,356,204,66,724,21,3122,7405
1721,1030,4696,3661,1326,980,447,167,709,0,417,936,2801,75,193,3372,1566,4161,106,2423
1892,1062,1453,1092,179,1931,193,157,264,1448,863,677,1250,473,2268,752,1246,5405,109,2535
1172,214,2294,651,679,1228,241,9,1142,987,9,149,907,1062,1640,1118,1128,1173,265,3177
197,755,309,157,63,4,811,655,209,1143,450,552,54,186,3,1222,634,47,2064,613
1083,2163,86,71,77,494,822,801,934,389,1835,1090,311,331,156,530,23,31,1393,2118
220,1546,1841,141,1767,466,1548,78,688,2826,339,454,431,24,264,2,1118,2699,3684,1275
1283,1733,681,571,252,80,201,91,208,761,1375,297,234,995,416,66,548,114,206,1136
285,368,880,38,64,158,1038,143,403,1417,1107,109,267,842,661,196,1405,346,2325,422
630,2147,659,1468,1088,5,125,1724,453,0,58,152,106,998,2222,980,68,530,260,3291
866,3010,194,52,793,588,1687,131,87,351,272,637,41,576,1868,526,51,520,1329,275
78,2011,969,818,808,405,2178,351,112,129,572,294,152,99,1907,255,238,1884,719,281
1701,548,672,345,1264,898,256,415,202,825,2909,295,641,680,468,101,32,461,1385,452
541,1736,5,146,1039,168,135,342,1675,102,329,833,181,285,134,2887,2789,1470,969,140
2358,1058,946,378,122,1213,650,487,527,263,1538,330,744,3108,263,153,309,275,967,1445
995,430,703,2799,43,297,840,66,275,2,67,923,109,1175,37,2,476,568,2784,992
1267,1534,439,15,1068,403,234,1698,512,159,1044,406,1198,564,1376,1508,49,500,736,601
659,1564,1340,1429,107,3300,236,184,849,163,368,1570,190,2976,537,1065,2242,1092,1968,4
3923,1350,1854,973,34,1253,1343,1009,376,36,830,1129,878,162,806,2358,3238,1647,3863,1460
5746,1543,8317,4065,2924,3170,357,820,1072,57,663,2778,1121,680,3994,802,2257,3179,935,141
