-0.8381121325938736,-0.0013556730214681107,0.8483270130939687,0.8397245804405297
875,455,1462,547,793,72,554,452,1167,387,1365,1313,365,680,813,360,314,1111,140,1023
1643,328,3135,131,492,911,253,1120,1047,240,406,1511,669,346,2782,0,682,854,102,894
1210,552,539,909,64,465,755,227,1858,224,130,1586,676,4637,640,501,137,910,188,564
680,659,357,263,1037,259,188,952,1035,1041,214,787,4925,1115,513,1309,0,934,1141,1256
818,484,207,831,775,96,473,698,1162,1373,496,776,554,1311,450,15540,1600,530,530,452
28473,1434,626,567,93,299,642,120,167,643,0,371,629,649,594,262,160,630,258,144
579,1414,958,1561,529,896,75,690,913,1047,777,657,351,670,805,942,739,553,768,504
655,279,58,518,821,1951,652,486,592,1162,860,409,861,14,200,245,967,662,789,228
291,1191,132,405,1426,1952,1254,212,952,1422,402,53658,5036,261,0,434,1811,511,258,593
1353,62,602,1226,631,47,1448,979,754,478,586,540,237,2440,562,601,583,118,0,302
630,1147,424,626,1928,866,346,690,2361,491,805,151,827,422,438,838,498,279,1157,690
356,1542,216,1098,336,696,1249,957,1636,636,867,850,88,1807,493,1711,0,1142,921,791
329,326,984,403,243,399,551,0,1216,421,1002,102,497,272,444,382,1457,405,124,628
641,462,359,738,294,49,525,215,885,717,150,196,1555,2453,1084,761,712,1846,962,1093
281,638,1048,0,588,593,472,1138,145,610,399,409,1918,231,726,1221,289,476,275,43
423,468,1782,693,136,795,214,741,720,296,729,108,207,225,163,81,416,296,1292,192
646,290,121,1080,388,28,887,131,169,578,683,439,0,96,655,1018,1054,488,859,398
1067,64,505,399,559,883,959,912,516,1382,345,998,119,430,784,1115,1148,65,370,674
485,548,153,227,240,2447,501,1158,188,824,997,682,593,558,108,194,62,223,708,1033
1794,466,348,211,673,370,519,719,980,1542,488,340,2098,936,222,476,264,1237,0,798
