-1.3400360015022506,0.03738713683484501,0.8001520418391622,0.9132459211721182
935,552,925,92,47,1424,810,0,334,876,5,242,1981,699,206,363,778,74,5,3
436,56,33,504,181,478,40,2582,1,385,10,611,1201,732,701,326,805,484,2,349
127,74,59,186,1450,1156,950,58,4,1308,340,1499,38,1150,694,375,31,1377,90,1600
280,2791,518,63,1118,570,1113,110,581,2383,2589,473,724,1754,2023,6,1020,688,1316,127
1507,10,2143,3758,134,728,83,463,817,743,16,753,4333,676,3,461,70,1351,521,46
1304,3146,109,53,152,291,1,2158,1748,1266,516,1928,1,669,2387,2633,461,1117,3353,2676
26,482,102,115,23,999,2836,400,1570,106,425,1985,849,3147,3168,1553,868,230,122,706
183,132,927,1927,225,211,574,142,694,607,2312,1573,31,3737,2052,1240,1813,152,727,43
709,90,257,1299,597,3368,97,3698,1029,1644,1844,19,1927,36,3767,1432,612,3053,36,1207
63,1,462,2243,2476,214,1646,2896,1693,1194,2533,644,1486,51,1378,607,1935,1255,64,215
1132,1126,832,241,1156,57,174,1549,3896,615,3554,2030,2123,117,1257,914,639,988,121,116
247,310,2695,1982,1003,1577,505,1083,2009,2691,4769,4718,3024,573,2525,224,357,1822,1339,651
173,1547,1194,1630,1920,136,2037,1946,6350,814,6213,3413,2780,2123,1384,11,2656,319,1584,93
293,2266,526,386,30,488,1450,811,1035,488,735,345,453,209,1596,1641,36,3560,8,1123
479,114,358,280,17,317,3417,1494,2631,1448,2229,25,2543,37,2183,243,1861,4,175,1041
1053,735,39,13,37,552,345,508,2016,826,1544,273,1029,292,65,148,597,73,644,50
696,0,695,663,188,52,2113,555,615,415,108,2027,36,2111,1303,2497,1874,470,229,1411
25,1,11,1471,46,1137,433,1670,505,45,9,2628,2936,398,1180,807,77,98,2269,300
1742,97,177,2135,256,522,696,52,29,146,324,1975,2124,2312,1244,347,905,223,777,99
338,1216,803,275,125,201,500,301,78,127,38,194,2,1717,995,759,136,515,174,231
