-1.1785735974318785,0.05335154771909215,0.8988120456480726,0.8940418756130167
994,1372,1044,837,100,2734,101,2011,1122,738,700,382,211,5,65,67,144,137,864,1009
0,226,2148,1125,184,294,4079,2684,1584,0,1133,198,1056,84,952,1296,282,233,211,334
443,1150,1438,1577,223,0,2831,1972,860,90,736,943,246,1430,1078,629,1576,2460,96,29
660,204,322,148,691,2149,76,330,232,925,51,4462,397,2059,1895,21,201,101,337,809
30,163,255,437,609,1237,39,897,275,129,1037,1479,120,149,0,278,21,328,991,1088
1497,1313,452,478,145,77,2274,837,51,402,1031,316,166,161,1676,569,624,209,1319,860
1913,48,1763,124,484,14,530,214,4123,363,163,939,575,0,185,0,437,2168,1378,1196
143,8,168,318,0,40,504,1660,467,82,407,1266,159,381,428,267,2113,1352,500,621
125,1050,26,342,1493,770,725,276,226,799,1298,1030,763,1700,48,3401,246,1488,0,5
269,42,425,154,995,2569,28,1166,875,932,343,778,1105,58,1096,6014,37,1110,1226,46
516,254,1183,277,998,366,842,0,842,77,627,1186,410,2929,5550,7371,11484,6049,1341,3129
118,441,176,628,36,502,217,298,565,177,648,1655,906,1289,736,943,10899,5663,1808,4849
2384,804,369,21,196,73,673,483,937,1271,651,171,405,338,3,1094,997,6653,2609,9833
1168,950,1412,63,305,1168,1078,40,1756,736,599,500,322,124,2048,180,152,2560,2344,2957
110,1314,358,290,666,580,86,388,754,735,1383,67,1738,311,232,177,929,649,2230,1609
905,684,240,42,2493,320,461,436,140,973,1727,428,261,1196,80,1011,1902,303,189,1565
168,727,1232,2909,159,67,960,382,458,460,985,438,912,0,160,105,789,1,164,1247
573,1139,917,830,916,474,936,95,1305,2348,2321,226,347,251,194,0,36,8,572,357
47,0,2224,223,1354,636,776,2563,572,1015,977,33,1334,35,941,80,16,942,175,189
1011,362,1523,188,1400,2263,876,703,946,1558,2174,181,1652,688,1054,596,2638,1776,8398,824
