-1.1722463559866447,0.0519833986367342,0.8796342612316927,0.9041525772472006
218,1587,774,137,939,567,0,1403,620,1342,988,681,1237,559,403,234,2733,2059,2387,2261
1323,213,1163,965,1406,260,1244,407,202,414,483,1583,432,1943,52,135,1540,326,1372,1081
730,434,120,201,818,1437,927,2655,385,280,138,74,134,291,1307,1753,361,2224,2874,948
23,18,630,89,594,387,183,248,111,16,799,288,4240,2644,46,187,1063,75,248,1712
964,122,111,178,683,380,189,2211,221,856,1035,989,973,1009,163,569,201,2819,1594,2295
136,293,6449,1013,279,547,155,295,17,1235,149,880,889,600,1517,2212,1968,426,76,418
370,631,141,114,271,1452,1312,813,239,444,1462,73,1346,90,829,169,2089,2233,520,1914
1,681,805,268,493,351,382,525,100,183,203,2285,1774,115,27,359,182,33,710,1856
144,239,18,341,394,206,655,2699,58,367,1053,275,278,705,1570,1397,58,474,109,553
273,315,1264,1001,1321,425,133,54,1901,95,27,986,158,2095,5878,2536,79,1565,3204,968
501,140,1850,11,2017,1093,3164,519,644,341,950,720,1248,119,10630,2504,2777,1999,4875,468
925,476,768,229,1235,245,813,513,305,604,327,485,3933,1653,2511,7766,3288,741,0,3555
116,798,282,1565,361,902,550,660,210,402,1619,38,573,288,3644,6770,6250,29,1088,1019
496,1268,560,252,294,528,101,376,273,305,18,580,57,23,0,5805,3773,1581,94,4583
111,86,1033,748,402,1065,41,51,3277,402,810,70,64,42,266,356,697,1250,1258,3847
15,0,1516,52,1310,291,91,1206,1280,2625,1285,199,172,1013,595,1862,1107,3277,777,647
330,363,7,24,279,38,250,586,913,822,370,601,185,438,784,1784,96,465,760,286
169,263,1445,754,771,435,901,473,244,1494,1159,142,696,3430,360,1922,3259,217,528,933
692,3,267,29,39,2166,1761,243,549,0,0,284,2313,579,26,1408,523,1382,4182,369
559,459,804,1125,588,960,3573,1201,817,324,1609,4,3180,1177,1592,0,2342,529,343,290
