-0.9056276388168767,0.04939119985723799,0.8573893452904028,0.8999022191277058
216,124,430,1071,170,94,659,244,249,652,622,1199,906,1383,2292,696,622,213,382,1195
569,1415,2594,606,911,188,158,212,841,383,119,744,606,447,661,156,402,2256,441,637
632,705,628,784,425,1699,649,219,691,134,1085,848,265,1035,2212,133,841,820,1456,106
484,1430,1507,740,2004,379,1035,294,734,436,341,482,903,216,94,206,378,828,903,690
895,1185,398,780,1562,246,1209,591,227,351,221,1599,991,668,766,384,1286,753,262,2605
50,505,537,228,610,287,113,79,582,311,151,530,962,401,2115,648,809,369,1236,504
247,993,922,97,678,2352,1696,392,113,1891,740,1970,651,758,1233,1739,803,704,323,1786
496,881,1496,514,698,729,883,69,337,1515,803,305,1335,678,839,916,0,765,387,2269
0,922,430,472,868,351,598,915,2246,458,812,480,144,752,601,9828,991,1781,167,765
278,1045,299,389,859,535,287,559,218,429,597,703,935,790,645,4777,1274,622,5856,1507
633,497,655,526,611,626,738,581,829,653,638,1159,379,457,10325,4585,3718,13007,1486,691
1705,292,190,2520,1193,847,394,476,341,646,151,282,549,232,366,3132,11290,351,213,0
39,548,767,199,51,1218,324,1763,202,265,1029,413,974,1257,258,9260,10740,390,2176,4344
5,464,573,495,122,110,1112,1776,775,297,868,500,855,501,556,5470,2902,510,631,943
1293,345,550,658,1844,558,97,357,923,307,547,140,213,64,115,289,964,962,471,223
506,509,1552,507,1050,454,95,202,1345,1147,899,211,962,153,305,788,7895,988,924,657
0,309,165,261,437,420,938,1338,2370,405,1736,391,1104,1299,256,600,0,518,251,888
988,668,1150,446,630,467,238,287,1352,156,235,1061,168,1955,471,879,883,660,86,385
187,2069,588,423,248,326,697,285,165,1636,1105,730,1836,1860,429,2182,182,288,560,337
405,459,0,284,653,717,336,73,1075,115,1794,641,2047,2024,247,402,537,1380,8812,254
