-0.9414165932711047,0.050593571953123403,0.8523912027645405,0.8963254300231328
216,124,430,1000,170,94,402,244,249,652,622,1199,1044,1383,2185,272,622,213,382,1095
569,1415,1983,606,911,188,158,212,841,383,119,744,606,633,661,156,402,2309,441,637
632,705,628,742,425,1699,487,219,691,43,1085,848,806,1035,2212,133,841,617,1456,827
484,1430,1214,740,2004,491,1035,225,734,436,341,482,892,0,94,206,378,848,903,690
895,1185,398,780,1562,246,1262,591,41,351,144,2181,991,668,108,384,1286,753,369,2582
50,744,335,577,610,287,230,79,597,219,151,530,962,401,2115,648,809,469,739,504
247,628,922,259,678,2352,1696,392,113,1891,866,1832,572,920,1233,1739,756,704,424,2858
496,881,1497,514,698,729,883,69,337,1515,803,352,1335,678,839,1132,0,765,387,1920
459,922,430,472,868,351,598,915,2246,458,812,480,59,752,601,9828,991,1781,233,834
773,1064,299,389,188,535,287,554,218,429,544,703,1956,790,747,4777,1274,622,5856,1507
633,497,655,536,611,299,936,581,1022,653,638,1740,379,334,10325,4585,4389,13007,2246,442
1705,292,190,3178,794,847,394,246,224,646,151,282,549,232,406,3132,11290,142,213,0
39,548,767,98,51,1218,324,1763,202,67,1019,486,974,1455,258,9490,10740,467,2176,4218
5,502,744,0,122,65,1112,2132,649,207,868,500,855,463,556,5470,2902,510,566,942
1293,345,550,658,2266,558,97,240,923,307,354,140,213,64,115,289,1065,962,597,426
506,509,1552,507,1012,516,127,202,1233,1147,899,119,962,243,305,1285,7895,988,436,657
0,309,165,261,437,420,767,1502,2370,405,1736,391,1104,227,256,155,0,344,178,1207
988,0,1150,446,630,842,642,287,902,137,173,1061,168,1955,471,879,883,660,451,385
187,1893,588,423,9,326,697,364,230,1636,1518,730,1907,1541,429,1601,214,288,560,337
441,576,0,264,653,717,336,73,1075,160,1700,277,2550,2024,247,402,505,359,8812,181
