-1.327854382619759,0.057017418288727015,0.8023114034677331,0.9037579379955027
906,339,1020,62,11,591,669,258,817,104,6,2055,2888,1265,413,128,516,280,452,33
312,79,868,204,91,324,2187,1278,2002,131,0,555,0,1002,375,260,578,370,1185,252
43,2,571,1,97,27,49,1,477,201,197,168,905,1371,115,42,463,109,1057,1272
55,351,99,30,180,646,1323,1276,58,3,141,225,575,291,17,595,843,127,3320,1093
542,239,11,122,595,289,475,395,1997,694,251,2001,1026,192,6,1343,2947,422,1137,805
1146,3,355,2,626,210,9,1734,142,180,730,185,621,988,33,624,1255,191,21,855
1166,2212,359,283,656,415,448,1405,3052,90,804,1375,1519,878,3336,1,327,1925,358,162
1466,54,511,1403,105,554,17,10,262,926,2856,165,400,11,688,3272,144,115,1089,994
1214,1555,859,52,137,318,136,3563,44,788,614,3577,1569,37,1300,26,1085,885,703,1157
87,366,360,453,412,237,1028,2305,2347,1812,2981,1547,120,1196,4492,591,0,2983,490,1903
5,439,852,193,399,627,888,1491,4035,813,3320,7660,6802,636,1554,627,356,316,50,562
15,761,571,341,139,1,188,1038,4078,2152,4837,3270,3634,2974,434,273,216,25,32,759
1342,233,388,3,363,405,1527,802,2540,2216,5321,4273,1247,136,3044,3374,3071,523,4507,277
170,693,498,716,1819,771,36,548,2798,429,1215,1112,475,261,875,4707,5411,426,1273,1014
1,2,657,6,1661,0,2905,56,1875,242,2622,6393,3230,309,1038,3679,1091,94,341,863
842,855,1825,1468,516,476,65,2141,799,311,426,2349,79,384,90,813,101,362,1830,698
3446,310,29,709,409,887,499,682,263,661,285,255,2012,2860,965,573,1018,487,754,913
171,335,650,139,2193,2067,1867,2242,1879,810,514,455,99,838,1983,363,936,280,787,65
510,7,69,3403,369,921,75,1449,53,1437,1046,1028,1233,2442,0,1142,0,1010,2043,372
199,1211,174,678,445,673,3508,4306,820,564,478,2110,882,3,76,278,279,440,2164,337
