-0.69362344380743,-0.005124389357266342,0.9938103206439005,0.8492918542851298
569,596,596,270,842,808,742,281,427,767,940,764,1338,1099,452,37279,953,430,339,58
1487,484,609,692,327,340,517,375,506,411,450,343,420,58,575,116,523,704,546,1067
1113,306,677,673,598,599,898,799,1503,161,778,1223,486,146,521,200,377,614,253,297
330,363,145,697,352,559,901,265,459,460,466,674,126,470,617,623,750,241,421,1712
817,366,634,1054,806,472,763,252,1258,458,159,629,7,138,659,566,1111,616,745,546
132,508,607,808,780,1283,864,882,463,787,1359,938,884,588,505,1638,414,367,659,631
709,248,478,483,15277,413,242,459,885,561,833,854,276,122,1627,626,686,1369,878,1225
556,417,637,981,520,446,970,480,762,268,675,342,967,959,589,605,423,979,504,404
821,506,643,463,543,774,363,488,1058,751,833,980,482,389,845,740,441,510,791,953
486,15686,544,514,1614,700,866,379,770,813,1335,1403,369,256,471,1108,731,460,595,655
618,277,814,242,560,851,250,446,169,6694,436,200,488,993,1328,361,467,302,295,887
571,286,293,646,369,509,442,335,487,797,346,602,886,403,666,430,510,936,664,14438
327,1546,1542,848,321,765,219,984,708,465,457,670,544,514,643,262,1190,666,592,240
1206,862,332,796,484,145,875,520,697,881,597,282,742,980,875,1232,1010,994,720,424
434,1128,297,540,389,711,678,956,2300,287,1148,577,710,303,11,812,363,592,776,507
439,1132,472,825,0,220,0,1054,1161,593,987,1086,241,201,999,354,1772,596,444,149
750,464,243,207,493,1800,671,421,778,713,926,721,342,545,578,468,511,826,277,846
571,821,917,888,406,424,1154,509,959,111,416,738,1012,632,464,530,1862,1047,496,237
22376,553,339,527,517,308,712,367,564,669,280,280,277,865,243,645,669,737,537,1143
546,662,519,629,515,619,337,496,725,126,1098,1333,512,22064,707,998,498,740,1159,394
