-1.3254431130040614,0.050442620098601225,0.9126199881418826,0.9006597687214773
254,590,1341,2575,418,143,675,606,1022,592,3308,4,2062,704,1352,33,2262,502,3810,2818
143,2023,1580,1489,128,681,2296,0,1378,11,1393,644,1989,531,682,118,2,113,32,2379
2860,2201,1364,303,247,30,106,347,618,105,965,907,619,1133,1141,1472,955,3125,1117,740
982,411,2167,271,61,570,595,1240,493,40,170,887,164,514,176,2,628,494,1524,320
602,102,645,15,481,356,995,720,578,113,655,366,1823,1031,735,286,1049,5,534,2586
506,2824,102,1117,373,3212,368,1671,0,422,585,1034,848,1300,729,652,146,427,336,49
1305,916,285,178,130,1299,4,29,176,292,105,397,233,1068,814,40,414,2513,1838,1636
49,37,380,724,303,901,1068,180,71,9,3191,513,895,1614,1893,0,2572,2347,765,2460
431,1876,970,1138,89,435,29,16,810,869,2680,98,275,0,493,1271,229,4,2197,861
906,163,1188,2079,89,77,440,19,81,1,1080,1336,18,1181,4543,4284,3524,608,623,196
1964,310,1248,23,0,3,178,1715,1406,63,401,2021,55,165,7697,5254,7212,2092,6286,904
306,58,838,71,508,430,2143,382,438,731,515,373,1435,1976,3749,7997,1913,1148,826,802
399,304,10,1424,616,288,463,101,6,0,1605,253,193,288,717,6097,4360,6,745,3184
148,559,2205,2316,59,802,675,2753,187,599,142,373,158,110,260,2592,2820,2807,621,2329
2828,1730,1033,429,1059,1035,686,15,2040,505,671,122,480,354,228,121,4068,1427,1111,3468
670,199,134,512,392,311,290,89,217,3655,658,0,238,1767,624,492,675,929,1798,40
218,247,1,7,834,501,1207,133,353,833,707,287,756,629,2362,3783,257,135,1416,610
236,3288,275,17,1073,185,1653,425,346,271,127,926,587,592,0,717,709,419,353,1737
422,77,40,3,58,1,381,323,16,2720,238,126,2900,315,90,1926,90,954,857,325
1199,1929,86,569,252,2227,4114,64,138,353,3,12,2914,14,3635,4337,2732,50,314,359
