-1.521201815625091,0.011599920299250216,0.7842586421481031,0.8501563739855704
309,15,200,215,725,534,1118,25,581,81,72,50,901,172,2749,53,112,120,712,340
361,745,170,51,19,20,1147,376,1416,2712,2711,1678,3970,133,75,69,11,41,321,0
127,496,23,37,6,974,461,6382,380,6427,375,34,4526,441,157,38,1281,448,359,297
0,158,421,2840,73,508,0,1417,212,696,3589,503,5,32,151,657,211,192,0,331
100,15,73,150,529,854,446,566,10,21,102,2680,677,1181,1382,639,5159,42,206,583
1579,356,924,3020,321,1134,2933,1966,496,5157,2030,484,1593,4184,1308,1160,26,611,3242,544
246,410,207,1040,585,151,344,3239,1063,265,800,0,4155,1600,1202,5483,771,75,2598,14
150,2,636,770,2064,5081,191,1746,345,1701,5805,748,113,148,85,102,602,940,412,345
99,628,131,173,2634,41,6107,51,677,1780,659,154,152,89,412,1633,265,22,352,248
2,53,994,392,3365,3066,9,1136,581,444,6466,8685,2088,342,138,861,1035,3216,628,16
51,0,266,0,34,773,659,630,248,540,10884,28,49,104,572,128,208,5365,2183,137
272,1412,12,284,0,1320,452,0,3126,3030,1939,874,20579,949,84,12,198,139,198,2399
298,1426,16,406,1273,2,774,56,18,15,0,145,2577,158,120,1250,22,382,378,407
96,608,3176,2170,312,130,1339,632,5281,11,120,944,115,463,2751,2575,110,1510,809,57
10,115,48,221,7,192,1,1566,219,108,86,8732,1280,34,3237,495,1222,10,389,0
0,260,236,319,161,421,2,525,173,351,341,354,9,869,4342,201,4069,209,1454,2532
59,100,1322,2489,686,0,447,255,673,436,76,335,1365,83,1314,15,2425,419,196,872
4479,69,299,372,1943,324,950,298,454,584,357,616,92,408,478,73,14,6,2878,286
4,14,259,446,385,531,223,1645,2113,38,135,195,744,1515,3523,775,116,144,24,140
25,350,595,5,460,1860,650,522,400,3525,452,1137,184,141,34,58,472,0,666,16
