-1.1902710435401063,2.2371919078167265E-4,0.9542397234303839,0.8492907249708912
0,49,406,460,397,254,849,967,447,1705,224,239,0,448,1808,9993,499,175,47,668
270,825,571,170,443,153,145,190,2311,123,450,573,659,53,533,477,1113,56,277,911
979,380,1274,159,1136,729,219,979,774,2134,165,2851,491,696,3,308,6574,5,0,1197
273,403,81,446,1324,1004,1385,0,333,290,476,5,57,351,33,2272,417,195,369,251
730,113,299,160,816,1070,182,9889,1634,596,186,496,1347,18,473,678,1752,23,18630,86
16,65,439,472,294,747,1415,0,43,1791,432,1591,353,788,2520,528,1471,455,1524,310
814,490,696,518,11950,948,456,516,744,871,993,1463,605,1833,803,649,10,1648,1959,283
137,155,732,161,157,904,676,1225,824,394,1769,1938,312,32,0,831,49,263,485,846
649,3,0,1401,2751,144,199,138,647,220,16,19,208,549,4680,1105,388,61,175,393
187,2561,962,316,315,978,220,149,787,429,1115,60,3264,1297,806,1068,1139,2239,9,285
428,38,1151,298,114,593,540,59,1554,2031,673,79,1813,1936,1318,845,988,819,1423,1007
287,651,755,48,205,506,33,272,1492,57,1153,1279,141,287,629,381,3855,829,616,344
3,894,700,869,385,505,1004,635,509,226,199,309,1308,90,813,417,615,173,76,249
1887,69,411,939,470,374,623,620,139,221,598,597,7,715,1555,0,616,690,183,887
1562,1829,110,2197,139,753,217,6,917,521,451,1268,694,308,102,68,125,804,271,576
1347,1122,403,510,87,34,655,835,121,112,482,254,533,119,1925,1171,1659,604,274,421
691,278,1076,792,25,316,0,288,240,715,153,559,789,334,166,568,76,230,9839,1582
423,888,1314,550,2573,1688,473,2038,282,344,82,168,16,97,4139,2418,0,1074,641,213
114,5,3171,486,992,587,393,2237,699,709,1031,324,665,626,614,1853,199,229,2115,1719
232,538,265,747,51,2371,403,51,374,511,209,7380,119,18108,155,392,25738,742,1197,331
