-0.8807997860781751,-0.002323636520590909,1.051835706682466,0.8581503027489988
34279,1050,473,510,1970,153,402,326,223,223,359,1178,609,126,130,318,1738,8,367,20123
730,732,890,1429,247,670,64,774,1732,834,3306,77,1899,838,800,291,1184,1823,411,1718
963,430,763,549,210,48,261,682,179,333,1168,759,1063,1382,833,977,860,505,700,1679
1407,31,135,707,1711,812,625,1632,867,68,1006,2063,0,133,119,631,753,128,224,505
237,222,715,96,1048,2130,319,391,1937,900,1043,955,454,701,106,1029,592,633,1635,552
533,2318,1812,1665,467,1615,1353,731,602,476,334,694,40,338,857,346,360,2036,1151,430
413,452,1485,906,658,375,633,2439,898,375,359,981,594,540,254,675,611,625,1786,1155
429,66,499,615,396,384,143,0,1441,550,316,789,1204,1371,765,1051,358,879,352,240
617,879,906,510,896,770,665,1954,217,574,925,467,769,719,258,841,2798,1069,215,518
646,273,546,274,84,426,546,1236,330,242,770,477,1492,468,707,495,176,465,379,877
70,557,808,1525,729,857,187,655,94,1076,43,914,270,1177,1993,1226,1488,488,0,447
944,176,1762,2535,539,938,810,1439,102,439,1206,402,629,0,200,367,1116,36,601,0
242,865,42,416,298,115,1673,871,525,220,180,481,387,511,531,230,480,117,58,38
452,501,1685,683,413,120,1045,793,363,161,789,614,483,715,282,9786,519,317,660,258
812,686,318,913,781,919,101,279,1324,776,1464,212,1351,1043,783,302,1654,1515,673,405
310,595,285,453,261,524,330,1197,361,264,404,297,386,636,482,1077,1816,692,51,370
477,783,174,4100,504,832,626,419,491,318,512,246,1483,413,324,253,466,366,256,3332
535,699,2120,821,965,633,1267,336,1386,330,152,784,371,1690,1115,434,32,1263,603,1338
906,1359,259,998,1716,1169,750,1032,450,479,209,796,388,632,42,1430,86,31775,613,1519
1109,326,101,560,772,320,6734,655,409,585,820,61,389,806,1294,656,1174,140,305,284
