-1.2093923250472725,0.04658832138086367,0.9113446629678382,0.9022182076150164
777,832,229,978,1061,729,191,714,152,696,3370,235,870,113,944,8,3036,1986,5200,1171
367,427,1252,776,115,64,457,235,1151,363,933,1580,123,313,11,267,836,415,1080,4825
186,687,340,317,473,855,71,86,723,405,1684,1264,829,5,662,1711,949,2829,2237,2891
252,176,1269,50,254,225,467,32,419,1303,31,34,63,1475,222,121,804,10,531,304
1322,1375,537,865,27,251,1077,725,436,4836,908,880,812,2166,336,317,3730,2694,1580,939
1636,1752,79,2093,254,906,965,308,332,1143,612,987,1031,501,601,1360,274,471,173,688
920,674,2503,111,183,154,45,73,559,226,703,886,1885,425,176,496,439,3458,507,1220
44,208,214,8,1179,173,396,1490,86,62,1952,479,522,1409,49,112,845,5930,543,1525
869,103,1167,836,342,353,215,28,0,1226,903,283,1094,1,158,2441,177,67,71,1481
2232,481,383,76,64,2391,261,271,1256,126,207,999,408,31,3262,3476,130,1798,696,602
441,1025,404,129,1754,488,58,825,1003,480,323,853,866,0,7996,4321,4139,676,4940,921
313,631,208,62,608,750,2598,420,32,575,81,208,905,4801,4221,8083,3853,499,318,1077
258,771,3086,2427,231,5,395,16,288,513,483,533,242,295,925,7842,3999,100,2849,1874
397,388,1300,1944,74,254,1147,795,184,222,3047,204,14,1488,1491,4736,3058,471,1530,2000
2162,226,2430,946,0,786,1431,29,38,391,290,106,66,113,745,3,152,5705,1227,1158
818,234,20,112,1589,647,609,529,611,206,2954,915,0,981,219,468,2074,285,146,1246
1368,63,65,1288,581,976,17,1024,286,1305,49,387,151,581,1097,5453,582,209,2664,696
626,2120,879,161,6,450,2159,219,69,172,288,1415,168,418,348,323,1951,558,563,298
23,1306,267,1455,517,425,1091,552,335,2505,262,279,69,258,978,2509,108,1292,134,7
1354,3360,385,2339,311,1387,518,1208,135,557,625,462,2725,595,245,3352,1560,33,351,1030
