-1.5209277668902341,0.051300144581547906,0.7939055342693495,0.9048226279451429
1077,49,1796,122,114,1329,1515,699,1501,408,2,0,1124,8,42,1116,679,885,1,3
1083,88,642,733,180,0,369,260,86,600,11,3,9,791,523,25,834,414,116,1239
40,510,110,87,737,589,1050,1,4,1805,1573,2029,3,486,49,107,620,900,32,560
1491,7,134,116,3027,354,941,198,1183,2700,919,154,268,1415,256,1,1320,219,703,18
3162,215,915,1408,60,1240,1849,331,16,466,97,2740,3996,137,19,517,13,558,696,379
342,3341,190,197,18,521,2,148,381,182,101,1360,34,91,1411,2461,888,2,1182,393
2,385,934,28,1,1744,2174,1277,1200,857,125,1405,1313,2083,385,885,1005,1011,2,1134
104,336,724,417,1405,1068,406,2180,1459,755,0,765,2,2872,174,1316,1215,61,1397,139
245,2,1142,1777,2657,3543,963,3374,792,2922,2464,2008,1234,3,2715,513,1761,1669,449,126
72,2,174,1496,121,69,2406,727,2309,3175,2266,1764,1066,600,4510,1384,1214,3,1238,536
5,14,2718,403,1712,22,1442,5264,4771,137,3804,3494,2754,39,1871,2658,279,1701,36,942
28,46,473,4035,1245,893,1368,2229,1760,5363,2159,5963,1696,699,25,1631,1028,375,43,2043
87,1,243,1704,1894,468,3963,5039,6412,1061,3900,1207,5998,590,236,625,638,750,1363,447
144,2812,0,253,1006,568,248,2003,830,1292,748,4091,616,32,368,1266,557,1543,13,1594
0,1162,581,282,147,18,1534,1565,1531,73,1678,0,1763,10,59,1025,1107,576,843,173
980,1932,22,488,159,463,3179,2628,1753,104,786,1171,649,10,24,1677,49,2,474,303
1155,3178,973,487,2,1689,2879,680,486,382,86,715,1255,2148,369,975,1027,1168,5,1427
462,685,15,227,425,1,663,103,2,1969,24,1042,1416,3,1316,1935,110,189,308,326
2511,3,169,2705,665,27,2,169,27,267,1210,793,1951,2168,1657,331,191,1182,228,78
47,1228,2140,373,2211,1241,179,28,774,282,109,1242,94,2370,745,322,1525,1464,13,261
