-0.841625417122912,0.04395219575864136,0.9045160381837237,0.9453449605696256
1675,1005,430,221,546,280,410,843,1336,676,90,1343,484,951,514,1179,1014,157,1516,1781
152,1009,1016,381,1820,1022,1252,2365,1750,1155,1774,262,4001,633,431,240,993,1776,609,1232
559,349,782,650,266,1252,118,151,578,970,903,716,529,994,134,1879,830,688,3336,1154
841,1204,969,103,2387,424,383,230,246,167,302,1962,1901,1250,372,2926,290,3824,485,1141
374,69,764,728,100,619,380,453,488,966,247,588,409,50,375,770,1772,1243,695,2461
252,658,488,428,1394,931,104,1007,187,1076,74,556,2146,0,2251,298,1444,837,3913,1094
181,497,332,1361,872,713,943,910,651,320,332,24,271,1169,1156,286,4068,1486,2897,988
771,80,889,386,1518,113,1038,1373,449,1202,1266,1591,1699,1683,1548,2083,4296,2177,2862,298
229,372,660,113,213,106,164,333,1226,541,341,210,625,165,1629,527,1763,3043,4302,558
1350,322,1498,369,1078,996,1293,1073,1032,2812,2158,426,8,3966,1455,3084,1011,778,5061,2241
1142,883,86,980,572,1389,586,2083,2478,715,408,495,252,1571,4446,918,1534,1169,720,1360
689,325,578,229,395,183,155,1913,1435,356,1464,1141,1403,1618,1507,3029,156,1482,974,1020
0,669,492,494,453,531,241,442,495,1471,778,614,794,824,364,976,98,753,1307,187
944,30,650,1847,1003,973,143,717,699,466,450,1214,172,0,106,260,1833,884,385,2570
224,26,1389,1077,132,798,1991,680,387,423,2026,2369,54,1461,639,892,190,442,1533,1054
888,163,673,501,19,1010,1597,593,273,23,1044,2524,1066,722,2077,903,279,408,1321,243
1874,174,444,172,1031,1459,1141,113,904,1267,792,1336,557,1464,652,385,2536,1057,211,1284
286,1209,249,568,817,848,3462,1821,986,1851,309,1502,817,687,1348,1096,1061,400,327,446
264,414,137,2032,972,1085,547,400,720,794,1497,1830,473,598,1288,845,77,1648,435,2528
2329,1644,797,0,1067,1777,521,1313,58,595,233,552,250,653,853,1768,104,1517,1864,390
