-1.0097883353233537,4.78252475098605E-5,0.9548803865952833,0.847791719319938
1467,2355,1306,141,1203,87,940,649,70,164,263,0,710,1015,180,898,1790,1085,863,27836
243,3,1295,816,638,731,582,932,1675,702,292,52,388,385,806,869,215,0,426,924
71,303,621,744,163,155,8361,565,200,294,305,1107,247,1409,507,1238,657,617,57,353
1562,219,360,2117,0,1002,1144,881,1642,207,406,2422,722,1579,0,106,359,268,488,547
1051,1160,366,508,867,548,886,735,7037,429,35217,2211,1407,1171,305,3111,464,1709,0,126
569,2129,1194,358,215,886,317,1226,607,0,1128,395,1030,608,670,752,528,1585,950,0
584,1121,949,673,569,237,1288,424,1780,1003,232,704,152,2230,723,54,1460,98,112,1154
805,1002,938,228,618,10,519,625,2595,796,700,300,810,1247,1348,1980,423,162,657,104
1532,225,516,985,337,585,1198,431,94,1270,1050,312,535,488,421,1592,1061,910,34,481
1095,173,236,120,1457,57,189,1381,892,1048,179,362,1445,1233,76,754,2979,437,365,50
354,950,615,1219,217,1480,635,313,59,866,80,189,338,903,1398,265,603,765,560,357
639,136,1437,137,29,43,188,937,440,460,251,1145,140,831,1100,497,1650,912,376,266
0,117,730,907,362,67,342,1461,334,434,655,441,692,921,49,13,585,217,1695,1728
571,18,1056,1290,704,2031,926,940,651,0,149,345,317,245,92,690,1042,853,295,588
632,489,664,310,0,1886,461,375,228,544,561,1433,176,1561,76,668,1318,1262,183,0
289,1140,350,1942,499,106,0,944,401,263,579,459,645,53,230,519,829,92,634,420
0,471,248,5805,28,623,311,239,1316,1373,521,127,1005,312,601,12935,42,102,368,2337
14,1163,855,1403,2154,146,1053,594,648,196,463,2,677,1030,1048,971,258,1712,592,238
1088,476,276,232,2284,0,4,445,509,399,225,233,809,417,12,492,1498,18104,296,2398
874,236,377,205,1029,445,548,1057,578,1233,576,695,205,505,128,639,928,4174,471,861
