-1.4808677665697236,-0.004307838957392215,0.8820988014731095,0.8487126110829607
222,57,342,226,276,1505,171,393,921,203,445,3371,378,393,538,1262,2057,121,12,165
1273,216,595,375,802,337,2084,1236,76,107,246,0,687,98,3502,1253,17,323,725,513
1385,419,13,190,1256,2809,4466,0,206,10,2307,717,389,330,2000,1699,8,262,2188,4792
321,451,307,4316,228,574,1954,172,38,142,623,1777,681,1121,989,285,512,15,485,126
50,540,1433,936,5538,73,342,1074,300,224,843,121,1138,151,28,14,35,529,0,2336
43,12,17,1228,168,45,275,550,990,523,147,686,601,45,65,51,59,318,159,377
154,2917,38,32,584,13779,7,3089,297,856,224,213,86,13,145,102,345,374,1044,1164
628,1,2225,1078,1905,4084,7123,89,7,955,5115,197,153,186,62,7417,580,1471,1186,325
3933,3029,62,2018,201,838,793,1335,5,240,4111,511,258,69,1045,27,262,4384,2524,43
736,539,39,536,1387,6167,534,114,661,129,192,79,186,127,5403,538,111,792,99,119
1628,921,1260,4545,224,309,721,49,984,100,1,162,286,1164,1485,26,63,1107,9,350
397,4,2,592,622,188,17,110,287,1078,149,828,3571,53,469,280,1962,50,326,971
32,6519,454,250,1295,0,1338,788,1265,12087,22,675,82,122,101,128,1016,63,389,448
10,294,87,2938,1290,972,414,1572,85,253,1962,158,952,148,190,37,10816,1262,752,451
39,889,85,48,3943,119,1883,31,1436,989,636,873,5595,266,61,22,303,174,3445,5131
0,374,336,95,450,1543,276,549,570,40,3740,530,174,317,226,282,18,489,499,0
0,375,82,556,408,281,672,1039,139,44,537,81,137,8,4659,22,664,173,18,82
764,174,101,544,3692,1406,139,1104,10260,1,55,664,16220,3216,10,218,3316,572,800,1805
1387,3039,20,387,745,677,212,124,629,535,1021,1925,20,157,2647,889,604,969,393,163
15,355,544,821,9,3112,1017,324,719,274,130,0,404,681,65,1345,477,229,245,1096
