-1.2815353271423202,0.029546597344187138,1.0517989187596162,0.9085911699106592
5112,465,2086,328,44,72,497,32,1711,294,529,624,0,3180,569,135,143,61,3398,6524
688,845,4509,3562,403,1158,1491,185,131,265,120,1208,2980,34,0,2284,1429,1492,96,2856
309,4832,2096,892,128,376,19,291,175,1208,1751,743,957,1027,1559,324,2259,6709,20,2982
42,263,31,1056,856,5261,56,253,1465,1541,67,65,1526,512,5,1296,409,2459,46,1924
612,945,1027,422,28,817,53,647,1749,2038,837,601,307,131,3,1222,569,1579,2847,466
762,1448,2,1901,392,639,2426,954,2548,665,918,2133,536,564,105,362,6,93,1457,442
76,838,1909,315,928,192,534,110,236,2789,237,749,188,217,13,2,33,707,3458,1472
2639,1400,271,764,308,58,68,250,489,369,532,264,2388,1280,1,284,3073,88,68,1807
388,619,725,158,296,420,861,2,761,387,282,101,785,216,1198,1163,1021,1316,879,578
870,4504,508,2197,1050,17,57,1212,447,218,100,96,2,1496,1225,1160,246,577,804,1685
844,1296,312,657,772,108,2093,528,439,406,288,1472,200,374,484,736,23,574,862,161
268,978,166,1580,540,401,29,432,103,48,2160,395,428,657,0,52,284,2489,296,153
1672,868,986,17,1947,213,678,407,544,408,755,412,444,727,74,93,103,42,1099,1320
599,1146,179,102,987,1071,1424,3,946,46,3,653,730,109,40,377,1787,918,929,159
2010,1944,353,95,110,1770,1414,197,426,290,1173,877,1019,2,175,100,214,2,687,864
559,305,271,2263,61,393,241,379,66,95,146,102,703,687,87,2,107,699,681,2965
1664,1029,973,1,491,1165,263,942,127,2394,211,508,2131,1358,1426,1393,1261,606,586,2166
1812,571,831,942,1958,1448,187,161,732,22,321,301,3037,1530,260,266,1883,967,859,519
5175,1901,2523,2321,225,1409,1845,521,0,13,850,440,586,140,726,1672,1960,2812,4070,1223
6468,2602,6194,4722,3729,3022,1039,672,915,53,467,1668,16,2712,3334,4014,2754,2596,377,437
