-1.326245835814265,0.0034749872891721347,1.0565123736370008,0.8518238551881023
36305,204,55,4462,191,99,180,317,412,89,4547,210,230,2020,1347,810,1898,374,1066,3351
647,39,25,263,1522,473,37,157,424,107,19,84,107,1719,273,2479,235,2414,655,1937
12964,1867,105,1196,110,1059,113,1013,468,376,152,263,107,408,937,2840,651,447,26,1816
132,445,29,2882,307,412,293,94,518,272,8,215,204,16,775,7442,215,138,803,7497
20,1879,2377,438,3166,285,13,72,698,122,2011,763,28,844,398,693,3449,1041,90,942
575,77,2430,1531,1855,304,5160,618,686,300,110,295,12,603,1097,2579,401,616,566,539
1458,282,12,1415,815,1622,2,3138,1179,38,569,677,981,143,4213,246,124,2656,1292,147
558,1588,132,479,1618,205,324,136,159,1676,287,320,434,457,15,1132,470,315,734,567
1097,2398,125,325,1335,994,628,598,626,1052,1982,2896,436,257,8,2972,77,1881,1412,613
913,314,1546,415,180,242,363,1,259,186,331,1383,1407,635,1994,54,1291,150,138,721
59,610,562,154,98,1312,598,55,1315,1813,279,19,691,205,428,9,113,128,36,607
2198,217,1425,384,339,35,384,322,1638,32,326,1577,692,621,430,220,231,1444,328,544
1044,2235,1291,769,72,112,411,134,70,1304,13,339,128,609,607,749,398,256,706,13
667,384,1130,648,1962,1312,207,567,148,195,33,863,1100,109,364,3,21,129,497,575
98,1324,176,229,587,659,2192,460,532,155,1862,0,935,611,189,55,186,686,668,416
1666,225,1176,20,600,469,124,109,34,451,397,2240,69,1506,20,196,3106,1433,542,0
955,2634,751,80,123,527,133,397,1760,260,13,235,763,597,1916,1905,2,1415,655,182
1562,158,29,4417,588,129,175,633,149,178,254,98,849,986,303,530,1062,297,178,4211
1711,484,269,214,662,343,600,12,90,893,206,220,3140,375,1,17,204,6318,452,471
225,1042,756,2743,1632,2168,1233,82,0,151,797,13765,732,374,4,4098,1781,2413,1703,6893
