-1.1056051057330667,-0.0033542082834882663,1.0520417257949561,0.8435640549142778
42571,67,30,0,494,36,1005,17,244,461,1675,2475,312,1214,949,136,1206,105,835,21591
217,313,7,1104,565,44,235,770,0,166,1213,2062,625,105,229,768,870,484,1711,1001
630,277,208,700,7,149,638,160,696,287,89,567,1284,910,1270,311,729,616,590,1365
164,119,449,205,0,1565,109,665,531,837,11,3384,1347,611,1449,608,1293,128,382,3728
653,541,131,964,335,1431,101,238,1923,999,40,2232,2105,690,441,53,185,1055,428,286
570,1567,907,1044,696,2354,0,587,77,1060,1341,673,1007,857,151,544,170,1230,527,2461
261,330,350,1237,154,1494,565,3160,1394,1454,146,1746,346,17,117,136,1646,1415,1565,2252
627,428,980,2196,152,327,766,1557,1880,941,837,159,409,307,452,510,511,939,281,107
514,4,1237,211,3,116,761,228,601,1370,301,342,0,924,494,301,2156,867,432,864
617,830,197,2349,767,1053,54,624,557,1915,1,1528,1604,482,533,2282,696,0,636,114
0,2145,139,424,334,1054,1414,58,253,118,325,544,1081,207,33,670,2244,1907,134,12
1842,71,515,139,490,422,542,712,290,211,204,829,0,159,189,1388,266,406,914,2026
1287,147,809,497,667,2311,417,1665,271,484,325,459,412,804,441,774,301,236,140,2285
658,67,1509,349,3,421,1652,190,312,4022,3226,221,0,1894,85,9,244,204,29,422
1201,342,2149,466,501,633,1497,1162,1017,345,860,351,552,207,386,523,2226,1730,223,985
1294,3461,178,1333,1023,3,41,1611,268,324,755,1953,1054,439,611,1029,1874,560,705,1608
2206,849,917,67,94,1078,570,116,1113,413,26,3202,969,858,347,1158,1249,91,184,1165
1538,2674,803,0,0,1979,296,326,170,57,1210,146,188,1768,537,944,38,560,706,920
38,205,666,378,2824,217,444,284,123,622,0,952,689,480,593,855,661,25249,626,1615
1744,75,290,214,1305,440,1012,1029,252,267,16,0,0,311,605,137,758,578,228,704
