-0.9656998438727245,0.05042406720136142,0.7805637131615539,0.9021159452535463
424,826,393,940,999,293,880,382,77,417,710,92,1620,1862,147,991,559,219,230,513
995,1157,170,112,1245,304,445,4007,650,513,728,900,428,1104,9,131,596,17,999,142
150,389,634,535,1261,315,1296,424,635,858,273,1419,1080,75,226,273,134,159,430,408
2105,248,943,144,612,1096,265,719,869,764,2086,262,371,719,312,1803,267,623,668,1179
572,285,473,116,851,1665,567,541,29,499,424,577,483,0,781,157,941,935,1113,896
391,165,352,2163,874,75,751,60,302,112,1181,1387,232,739,873,765,897,623,488,787
259,474,538,721,437,793,1197,946,158,729,316,1440,616,695,793,98,356,514,890,619
1021,218,227,2223,688,990,188,187,1876,298,407,967,576,1188,716,281,660,2109,1090,340
502,191,1669,2541,582,160,0,1577,2672,340,6669,930,901,796,1343,278,289,66,362,755
4,1227,477,201,417,787,359,6445,2260,8426,4537,759,938,598,806,720,3764,724,12,1299
475,723,1654,143,182,599,937,3805,1046,0,5048,2094,5560,363,1700,629,1996,1595,752,923
120,1046,606,72,215,68,821,447,214,12808,1186,8050,2119,1600,3398,0,1269,374,2231,1331
464,664,6,616,1328,2677,1383,634,10994,14289,1231,7085,3398,291,1172,427,711,398,121,690
216,672,618,903,0,160,6616,3060,472,2315,729,22,754,220,2196,395,493,876,465,765
1028,68,891,1012,541,434,564,938,185,903,359,582,1150,263,79,562,1935,590,339,592
653,727,678,6,16,53,522,1238,559,939,569,386,533,694,224,312,1125,359,848,133
1358,1011,346,522,609,361,683,1883,443,123,583,246,942,863,586,422,32,488,1543,181
1382,259,1197,878,362,187,1678,252,164,583,844,1269,541,889,308,2016,126,138,318,742
936,925,256,2304,307,1027,885,184,273,254,1850,588,675,661,313,986,1011,70,903,1140
579,838,348,1061,1529,287,827,630,1477,567,458,1268,1425,521,610,844,1008,562,710,1284
