-0.5604025237084732,0.008631530402206166,1.0497944416068394,0.9451021027513123
26582,1682,985,448,954,772,540,1567,824,415,853,1620,1004,1003,954,1477,1849,2127,2110,6938
911,1246,1414,714,322,726,1073,1384,902,805,700,780,1659,1099,554,223,1387,1434,1113,1856
967,1772,916,997,596,677,407,743,1025,226,165,431,1560,1271,1580,1219,1135,598,1291,2090
444,376,1046,1109,611,431,359,708,543,297,651,462,844,977,620,1158,402,1242,1571,1742
734,1156,769,752,437,1276,511,1634,218,471,675,607,765,517,673,822,318,807,1075,1064
2165,978,612,292,1071,880,257,841,279,593,804,435,1031,566,537,427,1258,858,801,1146
942,576,1164,293,985,864,1042,283,509,1289,723,612,636,326,513,384,1086,252,971,921
1406,687,856,896,578,1199,544,250,374,1007,798,564,612,749,795,899,718,1157,583,882
375,962,923,386,362,522,383,194,505,651,1667,1547,661,877,669,257,520,827,754,919
1503,952,1085,286,1172,517,466,470,744,681,509,1057,799,323,893,987,1485,523,1003,288
1430,1432,1175,929,674,687,489,871,547,423,411,383,738,939,439,417,0,363,1559,586
1558,1188,669,704,498,277,462,1236,134,407,624,1031,985,446,1295,727,238,664,215,1220
825,736,1203,388,1118,693,343,568,297,1086,1351,711,597,486,1064,392,563,971,511,574
958,980,870,920,548,438,296,679,1079,780,248,826,744,619,391,858,1685,1173,319,703
594,484,499,1782,1067,323,978,1433,1386,871,971,595,420,90,908,700,743,1160,191,2071
1505,1010,770,630,484,1138,1366,1315,746,734,582,479,233,653,626,773,1459,341,1460,1460
1407,1602,873,1232,461,740,399,1076,771,476,411,347,575,997,900,542,772,983,1043,1406
710,1019,1215,1832,645,1404,1367,540,624,509,697,364,678,425,573,531,710,1309,1571,5735
1195,1670,1103,426,991,715,1471,940,1837,1680,840,411,598,1833,1508,472,1378,1024,3132,712
3263,1588,916,844,1263,856,1492,322,1273,835,872,1280,1069,1328,638,1320,4937,1430,1573,2077
