-1.2483033983702996,-0.0028790688917862063,0.9340305117088993,0.8463001961202947
222,54,6,299,783,963,1484,1391,705,425,1161,338,0,324,2482,10109,175,245,35,0
36,1516,849,653,1044,153,1529,0,2345,899,438,0,622,86,426,173,1367,79,230,918
49,162,1382,17,531,0,854,784,1082,909,274,2244,305,328,29,677,6566,67,817,494
140,223,561,70,392,1362,25,53,327,1139,606,111,107,299,2458,2327,417,905,80,97
233,71,138,206,103,934,175,8584,1249,200,472,1039,649,11,79,871,837,527,0,145
18,233,811,655,297,742,2034,550,303,1791,433,1735,277,500,2769,834,1590,455,1524,332
255,483,805,353,12392,29,351,680,576,507,124,603,284,1393,789,583,10,640,1975,290
49,492,397,312,699,934,1004,1784,885,390,1699,1938,6,40,86,889,35,73,544,1343
115,5,1202,732,2907,444,316,574,1982,113,815,23,7,513,4399,813,874,59,236,160
364,2047,863,142,310,2040,138,154,39,310,640,60,2725,740,1076,1527,170,2759,53,114
275,0,848,360,204,1321,97,58,1241,2438,689,43,2368,422,1475,828,1427,1260,1801,962
612,1763,0,114,209,428,211,51,1782,45,2445,748,41,618,575,232,2615,879,721,883
73,941,849,806,67,273,914,460,1034,225,547,277,405,414,101,440,536,15,235,256
1612,172,301,238,234,1912,465,952,323,87,663,456,4,528,1897,800,1064,2618,393,1138
1752,1405,190,391,19244,4161,326,0,1913,1178,572,1268,1046,392,228,34,800,1135,406,441
1403,1360,23,2903,308,515,790,834,106,608,1407,531,481,124,937,1151,473,197,194,660
780,274,0,237,297,479,345,147,502,128,0,494,174,593,89,860,800,492,9980,611
187,1270,1338,550,137,1729,521,831,161,63,755,181,14,92,1754,146,36,980,321,78
126,18,1507,338,2609,677,609,2349,744,4,1489,337,665,327,278,2148,534,66,2131,1232
57,256,528,747,8,1591,65,171,387,2289,3,7475,176,17749,55,199,25450,676,902,352
