-1.6178411938127697,0.005764394429348399,1.0015536377539995,0.9016243450835671
2452,2974,261,1411,153,970,6250,1678,434,453,17,253,2159,3485,2120,2,982,86,1560,2045
3293,728,4573,1639,3465,11,552,2600,306,209,1836,359,856,481,1039,2685,5575,2205,1661,678
876,2536,1346,126,2698,574,1224,48,1183,342,214,292,439,11,921,154,8,94,230,1577
2174,528,394,156,1099,2,4,957,1396,365,579,863,1534,42,723,709,271,830,4706,1
1232,1,200,1023,930,348,781,2456,19,1291,208,672,213,203,1223,2545,580,1004,1698,155
1,97,851,1034,289,171,192,630,1369,543,1754,1,27,344,2765,1846,1313,986,326,583
117,1992,892,9,694,3,1703,576,8,859,697,649,3567,417,893,3525,1593,1165,771,652
1219,4,1888,695,2690,1067,1347,517,6,534,8,157,4,94,2692,249,121,166,2349,1014
2,960,296,41,258,131,294,2,101,2373,234,9,986,316,4492,3,1106,97,134,1691
328,410,1,51,4,1,338,40,2,6,10,336,25,736,130,773,1138,2230,284,1750
2472,1030,2278,50,975,2,1077,4,539,201,426,592,1517,611,8,2895,1678,9,2529,2129
397,428,2654,41,177,379,170,1018,1052,332,104,73,731,1409,950,971,1680,51,1319,36
729,2202,1885,1,523,3637,281,6,1987,452,350,2,315,1708,125,115,8,46,1551,339
6,2105,2,3796,533,688,2617,1466,1646,6,371,3199,3614,43,5,133,221,1298,2241,1017
220,2408,603,2854,235,8,2,1,323,196,1120,369,268,1107,3687,354,179,40,5036,30
842,2007,388,237,279,363,2182,2289,1973,618,258,1,1574,11,136,299,500,2099,2,1328
927,2653,5150,221,2348,3,1176,617,1243,470,164,595,592,20,48,2276,54,4260,677,595
4531,2405,1,1269,677,9,207,1,707,1371,89,99,576,11,3798,167,933,12,20,1097
3474,920,473,397,1643,1681,279,14,662,1605,183,14,4682,201,261,31,114,983,1242,2892
2813,1485,5,1282,1761,876,609,3,2280,2182,636,917,6,579,5083,2674,406,3501,272,407
