-1.3574660203505104,0.050266426400527836,0.7992366416797002,0.8975160564434497
173,549,1712,44,107,260,50,22,165,161,119,2216,1839,923,907,375,1152,49,401,73
429,181,485,202,110,473,138,907,177,842,707,51,29,2095,266,709,244,252,719,403
47,2,659,2,822,41,165,10,562,895,750,314,360,1542,159,11,66,126,728,796
127,374,79,27,215,614,957,298,16,28,631,612,179,822,14,368,631,87,2952,1521
1189,75,3,85,670,490,547,263,2031,761,823,2115,747,427,38,307,1412,544,1614,433
1713,55,679,32,841,378,48,2326,185,178,613,51,303,886,156,22,570,57,85,1323
847,3378,58,820,3,81,345,517,3283,85,953,239,536,427,5974,527,371,2205,105,26
274,195,80,1105,24,445,256,16,1059,866,3187,143,389,236,631,3072,773,449,690,1126
270,1026,357,424,1190,1653,177,5282,2101,548,699,3610,1476,247,2454,53,4739,1285,516,550
257,2674,1121,1,518,177,1511,2922,2030,1776,4107,670,0,1492,3843,656,561,2079,1335,5
61,472,1135,54,553,388,1002,0,1946,404,3926,5686,3742,766,1714,23,764,530,561,699
15,957,567,959,140,443,151,1743,3457,973,369,3951,3325,2791,4272,1024,1624,1615,99,234
1359,130,874,6,918,310,383,2030,2331,584,6082,4735,1479,167,4671,4991,3039,4581,2923,290
318,314,676,466,1508,0,31,2688,717,247,4688,857,243,260,770,4707,4951,448,887,1008
21,20,581,46,1268,4,2214,5,1677,435,1393,6539,3882,422,26,1020,161,4,238,729
1188,932,1686,823,470,804,753,906,556,147,1310,2858,20,1,51,2448,502,289,3239,792
2916,1174,60,520,152,272,589,144,240,371,750,294,914,2002,5,635,153,363,570,78
27,277,723,158,3830,213,828,29,612,2196,3218,757,1738,698,514,1186,1031,90,685,1
191,3,358,1658,867,1912,92,1364,112,148,211,1021,123,1712,175,1942,2080,810,2872,381
174,1122,897,1070,757,236,4061,6121,1175,675,354,1550,760,3,281,48,674,225,1271,437
