-1.9267057940363894,-0.001724604827069075,0.9806562671089487,0.8474269586805573
0,589,716,1573,6,278,32,1006,615,1,1951,27,77,337,1028,440,1761,3133,18,6939
861,1537,1856,39,675,362,1306,18,1131,1668,1671,385,574,1,535,2838,186,3,333,2177
11931,3243,4,775,265,1264,1,2504,1176,110,1,126,17,1811,95,1856,2231,482,73,0
178,1,80,25,1,277,61,8,18,396,6,531,1,181,3,7248,387,2117,921,7644
339,1340,1103,4,22,270,80,1484,10,8,145,132,31,240,1080,2556,229,1079,3785,1306
1067,38,93,1117,1171,3,1082,1450,1113,231,1009,914,4186,310,2596,630,124,237,1696,395
669,1425,2,752,400,9,1,14,552,1116,1209,428,1076,106,4311,201,29,689,26,25
21,268,16,232,732,114,2,2117,12,846,874,971,1,704,1,13,45,1001,233,318
2647,1308,0,327,610,2188,3152,1219,409,54,2670,1541,618,495,4,8,1,5296,678,544
5,1437,7,1395,16,1,3,298,3,2365,2051,2680,235,141,1912,63,62,2633,1756,58
2231,511,638,1168,44,216,1,195,576,15,16,61,1412,667,704,1,1848,671,1195,254
298,544,1744,51,1585,274,499,233,915,1155,259,1184,260,1239,755,1,482,164,145,311
1006,389,605,15,292,2,3,1287,334,139,2,2052,56,265,436,202,438,51,2154,194
2188,1417,115,1,1022,581,164,459,5,3150,35,1909,74,597,301,188,36,37,46,1647
314,1,2797,955,443,215,2,1397,165,153,27403,88,1792,680,1323,144,1387,1647,1062,2
5122,5918,1348,4093,1,156,407,15,346,1438,224,265,134,594,13,2322,11,1261,1968,485
4,1120,1,1124,228,5,1299,1,4110,296,22,12,961,905,133,3311,1186,782,2989,22
2031,1401,18,1260,1,125,1,4,101,1,378,2201,18,908,4135,1,30,3288,1,978
3589,943,144,9,52,1018,2843,178,3,517,1035,1334,839,19,359,216,15,1133,1767,2977
150,284,111,4441,176,1663,1393,6111,1,517,37,7789,3,3503,290,4982,57,25,101,5653
