-2.0421827020275662,-0.0035116630785764036,0.938529544555067,0.8527891086739812
2458,3219,521,48,2880,971,3152,146,1857,6,1067,430,2,29,97,1,1,226,3,3
4,3,1934,46,1205,1,1,4,3,1568,14,1691,2147,217,443,2257,1124,2779,4,1158
178,661,2788,845,0,39,1678,96,86,1,14,167,3,144,20,426,1668,0,1219,1448
1134,32,27,466,1,4,2148,4,2,220,1218,75,496,1614,142,2190,4,1760,1,5792
337,53,706,318,363,2603,1206,1423,147,221,45,454,0,2514,7,398,6,381,6,24
120,9785,776,2,42,2501,668,147,33,1,1,1,1,42,2070,1488,1671,348,7,22
1115,5,1736,3,620,330,6,3430,401,40,34,618,393,3999,1386,55,1577,2,4501,204
9,4688,48,247,1536,376,1019,606,5,82,72,74,356,4113,566,2,1200,2904,415,428
2999,288,50,3395,1804,430,1468,803,1,6,0,248,195,1,283,1116,2497,161,918,2108
23,160,311,7,2,84,495,499,167,4650,3270,984,108,6393,525,1316,1170,63,375,410
2470,486,8,234,386,1509,3210,4,2,1522,21,71,1004,730,77,248,158,1790,60,72
27,306,289,2999,3919,882,333,3,62,1,3558,0,487,352,1517,1977,12,344,2375,402
266,18,1428,95,106,10,4770,45,319,5080,354,558,2896,224,1721,733,25,875,24,1763
7,89,535,2364,2189,645,54,7,258,68,323,364,1359,2149,77,249,34,10,3150,3429
9721,95,171,286,3413,1,216,1,1367,1076,632,314,1998,8743,5654,51,700,2572,579,1282
1863,904,994,1,2999,167,1,2394,360,250,80,8,4477,605,913,1022,1761,1067,2583,1
7034,872,2542,3,118,997,403,284,2554,438,1329,1,1620,1,25,7,14,654,3,212
1076,5102,567,12,293,37,1811,86,793,3616,29,2578,232,24,10047,1551,4263,44,25,1
1106,4,2719,1449,189,1242,99,835,2,515,324,94,331,185,439,503,64,2,1,1
43,591,124,1982,488,2344,129,875,169,5865,1,1687,1288,207,10,30,628,2,1,8402
