-0.9768126552843494,0.05091417380475673,0.8998245933382689,0.9006546639538394
2061,688,1168,511,2221,598,557,549,457,327,328,610,1179,572,741,257,3216,1992,1570,590
408,264,418,271,772,1001,693,1609,2655,1420,294,691,986,938,198,1055,481,421,1360,611
474,1079,86,597,355,244,280,787,318,1057,741,199,916,272,147,491,266,690,803,488
751,1189,518,1886,494,419,252,155,150,640,483,953,78,24,904,1490,453,517,237,507
600,1072,929,1752,859,1100,402,695,568,483,727,552,127,268,147,565,177,419,1371,1944
653,535,1127,1165,222,100,645,1442,372,186,1227,374,322,60,278,77,1053,329,3204,473
3058,642,418,540,1130,233,428,127,333,98,697,733,483,839,1430,2601,329,1165,549,313
211,465,96,839,0,957,190,123,97,745,187,1069,535,370,608,116,1615,389,857,527
119,278,767,15,579,547,82,665,705,778,470,738,635,651,249,8801,100,218,1210,290
478,1491,1206,329,925,798,1542,589,1380,799,942,324,5070,202,1248,9332,1200,1221,51,694
93,107,667,171,973,1266,99,188,695,90,1187,497,243,1028,13382,7043,9695,5074,771,358
605,608,349,1835,3137,2046,656,547,719,192,834,192,1058,22,1532,2195,8826,3540,411,182
172,893,241,752,240,185,1043,797,1399,461,607,859,9,1620,569,6144,6181,0,1876,4174
404,2190,65,949,336,471,269,2030,952,112,4,577,487,654,306,62,261,521,6890,5495
648,1032,362,2338,730,2727,760,602,421,574,319,436,333,150,439,265,2319,1798,812,509
1301,1005,417,858,210,246,503,280,352,267,1045,464,465,854,637,583,1447,1248,617,720
1,295,350,672,1356,454,303,1860,59,289,0,370,1313,533,1500,106,1384,39,612,573
757,553,461,354,480,776,676,329,295,779,570,1496,239,594,372,810,2693,323,83,345
1027,742,733,356,133,284,899,293,444,266,344,3053,361,1023,1150,0,942,2947,3157,168
7499,308,631,2675,1213,327,665,309,889,751,797,335,664,249,320,1004,1863,1216,3170,2345
