-0.761733713869982,0.046244762211577216,0.8021564456796437,0.9499056963754642
505,272,419,428,307,931,349,1877,1104,1034,664,1198,849,256,169,764,981,160,595,345
242,428,1254,478,73,525,281,659,424,1586,425,683,880,829,691,472,725,355,627,1071
726,1820,839,1498,952,839,383,118,1060,1737,473,699,298,1251,876,648,622,1075,323,944
190,175,745,263,208,1705,1108,415,1145,2672,594,930,305,977,510,592,1241,166,584,234
316,84,815,657,413,1235,1147,631,732,306,1437,862,994,172,1261,810,1031,2276,712,67
487,658,198,1130,1542,4664,530,894,709,2288,964,1259,417,1262,3492,691,962,1255,1107,461
486,859,765,466,487,1558,1306,2330,736,931,991,441,1064,1886,3267,1015,781,346,329,4
432,237,1132,662,934,2128,1970,1867,763,1345,1335,653,875,516,762,443,784,332,1660,382
562,726,888,413,425,754,860,1666,2821,1687,1025,2636,2955,1884,1801,1199,946,852,632,512
1138,1545,1006,697,1815,394,2679,1571,1142,2620,1702,2469,1826,670,819,2430,3352,555,1643,516
766,638,816,818,549,3251,2205,706,539,4329,5281,3290,1579,1605,1558,1696,333,1078,1518,1349
269,1288,481,575,1530,43,776,640,2389,2447,863,813,755,1153,9558,551,342,668,486,1224
479,396,1581,472,2538,483,1703,2425,1601,3767,540,2418,2187,555,623,1078,818,330,622,786
737,690,1422,380,1095,694,1482,494,599,971,1210,496,1268,669,445,982,315,1202,515,308
677,971,621,1163,386,1075,1352,1428,418,1344,2370,1328,1017,1089,1113,740,295,754,462,373
766,1376,521,869,246,792,1355,1196,2097,1546,2307,1266,355,219,1696,175,759,290,1158,680
251,457,223,588,448,142,1919,2727,1273,347,382,173,286,494,407,296,818,1538,1258,833
75,930,239,203,320,926,998,516,157,1274,612,1782,305,940,110,299,716,368,274,153
606,238,596,577,60,704,781,2309,506,2222,297,180,665,477,691,903,56,404,216,370
93,297,25,61,58,455,2147,359,608,1734,1389,271,216,605,928,778,704,51,124,1151
