-1.5249776990213533,-0.0031298766365475163,0.92766137103396,0.8480717975364034
205,1519,17,258,346,84,1456,259,38,14,102,20,32,164,402,4,965,4214,2594,0
2674,366,277,433,1257,3047,932,0,309,18,118,1887,154,2232,1122,4003,103,360,47,2362
0,489,2008,81,1062,166,1,9,1515,802,220,8,29,22,766,618,130,46,137,144
165,22,79,89,117,31,288,48,1456,123,773,0,2476,148,353,769,516,4082,2204,4320
486,2219,767,391,7,911,766,277,1081,103,1905,1,4719,128,652,930,443,425,233,2001
632,85,152,129,533,209,2324,1622,10,100,66,150,2359,247,350,997,247,492,0,41
20,2737,47,828,0,114,3812,1282,803,319,381,270,21,424,223,240,860,23,392,266
1431,3682,11,543,0,4922,848,76,1047,1,25,408,42,348,190,21188,67,338,1295,923
144,139,1238,216,136,260,175,1124,30,1874,1914,401,698,1328,448,2118,373,67,440,933
1657,1357,484,606,378,97,948,3,0,117,2148,486,124,363,136,1264,14,264,53,46
0,439,62,310,50,1939,0,0,9,1579,9,201,3815,1025,872,6424,98,378,2870,368
405,389,121,1146,2495,1544,2713,34,122,1893,258,106,2797,734,380,81,403,118,83,490
724,117,1010,736,295,2603,179,1463,417,1106,672,345,692,780,0,6363,97,917,1057,528
0,74,1592,3641,16,3,337,289,235,1520,186,1251,406,55,3,493,4494,1365,1868,59
575,253,8,2455,870,3323,567,3861,243,1223,176,4233,292,1285,1341,579,733,5,534,6582
4343,1240,751,296,4,29,846,2925,1,776,484,192,1,718,546,235,412,10,450,128
2622,907,666,239,52,74,685,38,166,1718,15262,215,1406,460,44,10974,1778,64,5938,349
2304,326,1960,4196,114,972,126,1667,1056,38,263,542,1,0,1933,4466,1003,2749,518,17
978,2117,439,1022,935,161,63,244,364,62,717,435,475,339,2170,2658,2494,250,625,133
29,5,15479,1061,1196,85,292,3103,20,93,25,472,224,483,712,214,1659,584,380,0
