-0.8809595378909587,0.05109621879099721,0.9170066985867449,0.9508281745029039
931,381,1517,673,1592,58,480,337,264,1068,848,189,456,120,47,440,12,1783,1271,424
1891,162,348,7,34,457,1072,1805,1209,1140,90,354,3,568,703,342,511,76,370,1949
310,1549,1043,793,201,1157,299,597,713,322,348,919,179,526,261,1131,1156,600,916,748
234,855,577,84,389,1423,502,1482,1775,23,1746,1259,327,856,846,1145,2377,1265,764,5
1290,753,1087,1381,1025,638,254,1020,464,1076,1626,979,573,1174,321,1581,1815,1116,1029,2753
1028,150,391,1546,17,337,389,1028,1010,773,579,297,1989,1031,1161,20,1726,862,937,4739
177,220,284,1730,86,556,703,386,297,894,869,1425,1353,723,690,2095,614,2917,2885,2157
2198,349,1211,203,374,463,504,13,19,287,655,91,1186,170,449,684,1329,2381,1640,1661
313,1517,733,231,488,45,324,1283,767,1102,978,539,353,1099,1055,119,2057,2509,1119,1567
489,595,1461,558,526,1016,1951,1709,845,580,441,146,830,1415,1699,1174,1378,1944,512,3449
706,571,1051,316,1299,677,599,2284,195,1139,907,866,694,3137,2693,1787,1647,2361,2056,1373
594,511,1110,1131,962,95,85,736,861,1690,41,635,19,980,1883,3049,4343,2807,4047,2820
20,387,2750,693,864,582,1212,3181,621,758,451,1158,248,1133,1277,480,1855,780,2475,2044
304,145,448,916,1049,2154,853,325,946,2068,413,1917,667,422,1270,781,524,169,1902,734
78,1415,2358,820,1131,1259,324,789,1979,493,1237,668,644,9,466,1171,1670,1814,1128,354
834,326,359,537,464,807,1274,7,185,267,607,999,1252,1734,791,545,813,874,1302,249
2295,340,1787,259,982,1031,235,1672,2864,538,1953,1210,1553,1050,354,872,380,1103,1837,439
481,1298,332,893,350,3,221,397,843,890,1272,321,205,156,1407,3492,973,499,756,2102
2008,1608,832,980,173,1471,1158,360,560,1424,20,493,536,1020,2679,1053,457,660,1424,2386
645,696,2356,609,908,533,842,2633,673,1271,12,532,1697,1208,649,3053,1754,148,863,1709
