-0.5329873903565615,-3.865690614199801E-5,1.0057472349893102,0.9500810202990417
27013,402,1485,2241,583,1056,1713,800,605,1346,1132,980,1123,605,759,1028,1081,1105,856,4388
666,1229,754,1310,443,1285,1960,869,735,863,511,1181,1198,428,1229,837,1240,435,670,1673
381,1296,313,256,1048,1103,813,576,533,1000,1711,485,369,824,652,988,645,1250,1342,769
1241,905,776,743,281,775,1035,395,1071,1963,724,521,973,803,447,670,1246,1098,781,2425
1003,1292,1157,1218,500,177,809,598,538,815,797,783,1130,752,1337,878,705,788,1148,1019
280,913,664,928,373,933,1541,494,335,818,637,232,479,734,410,858,621,907,760,592
721,484,361,311,413,459,914,316,540,378,678,716,1482,453,271,1099,1296,923,231,286
1875,1454,386,630,321,724,1601,90,932,758,524,739,661,745,1794,1313,846,613,891,1059
587,772,952,882,653,291,509,1308,475,1342,833,416,642,533,594,561,229,623,781,2142
1013,608,1344,1256,745,1508,312,1209,843,433,757,553,483,991,174,508,732,705,2353,582
797,1039,854,652,1043,490,476,630,525,713,1059,896,336,463,901,786,2077,1035,549,518
585,1404,1902,719,285,981,1146,1532,654,1309,1147,850,744,923,1307,1313,1431,855,1319,1693
959,793,774,536,609,612,294,847,728,431,102,785,1042,1121,1199,867,629,1383,485,590
916,249,503,885,364,1510,413,1159,711,1300,1221,635,1657,811,727,879,534,1394,690,1089
1860,657,2839,1279,1190,1938,354,570,803,200,491,1073,313,378,1308,567,2036,435,916,710
760,1042,792,1185,674,1264,779,615,540,1335,299,2891,337,575,811,374,873,802,561,1234
737,629,809,659,940,2081,953,1099,1369,1014,1019,591,790,1234,926,977,311,1101,1592,2473
1399,579,1343,394,480,753,1088,437,1388,352,541,1217,858,452,1244,1251,1247,1157,295,973
923,1382,1115,805,1064,1434,1093,1086,1334,783,656,936,300,1056,311,2339,564,985,1068,1453
1517,1155,2797,899,949,524,1215,296,1193,642,833,361,260,1358,201,1169,645,417,383,4032
