-0.6403166343925234,0.05044753095641603,0.9055845769537689,0.9668699551871718
593,1820,830,838,2401,1238,792,1751,1179,1745,569,1235,1137,2304,396,708,2714,602,2945,788
1070,519,808,429,684,2321,1472,216,658,1558,2081,659,1741,1401,1482,1549,1964,479,577,1131
887,587,1618,833,1619,886,1538,1141,1385,1714,656,1806,1309,1746,1570,1257,3437,2136,621,2653
317,1599,658,167,89,630,1078,989,1498,468,1488,1809,1070,2517,1703,1948,2366,1398,1111,1523
569,1002,2,1148,788,1004,1697,838,664,1481,382,1178,1247,2938,409,808,1169,640,877,1497
383,721,581,519,1909,725,1422,959,1223,948,2054,1241,1814,760,1531,0,1119,510,1095,600
863,713,1008,879,2239,370,1153,538,1625,539,502,1606,66,1525,2224,1404,761,2621,854,495
918,603,980,416,725,496,633,1812,420,1541,660,1277,1611,2673,2171,1178,1054,1465,2082,807
448,585,636,549,981,606,1538,391,2726,886,1205,468,2178,529,1140,1406,266,792,616,1755
279,684,1324,337,1222,733,1057,432,666,955,1345,1093,98,229,2541,244,1504,1808,1486,1718
1206,437,791,405,537,2749,2576,1746,764,785,717,378,673,741,1970,611,244,996,2295,2536
678,933,646,630,327,1138,39,753,696,931,242,399,583,1858,1225,1067,433,895,880,847
1752,1405,1218,695,471,1297,851,169,1072,246,446,742,446,1331,1615,991,185,1226,601,1317
1012,553,628,398,642,1167,207,396,1246,1007,1164,1647,547,259,246,527,417,559,717,1898
62,1406,623,1336,945,382,363,1058,1439,145,239,298,463,685,806,1158,737,1149,648,7
426,140,2529,813,1910,360,220,1523,830,771,748,233,794,999,895,2601,436,761,665,409
371,1278,130,1616,1160,113,1214,690,523,503,667,741,2256,657,755,508,729,426,762,473
1637,603,384,1758,713,639,434,491,981,1173,395,469,1540,442,487,764,477,1030,570,234
739,300,201,558,1660,306,554,458,419,210,237,542,969,1501,1227,837,942,522,1340,882
118,430,548,374,1230,1137,300,1055,764,257,353,404,1314,586,484,172,266,375,596,1571
