-0.5959943201376339,-0.0038038008859786277,0.8657853647828153,0.8935025365126256
981,1455,301,559,895,1038,692,151,1375,499,954,863,916,494,593,421,771,190,1603,550
909,1890,1622,1305,656,796,604,316,739,1256,1455,1853,1709,222,398,1259,34,953,903,1131
1409,374,650,961,628,541,1044,562,927,373,678,885,130,799,683,640,223,207,1007,897
613,1367,840,883,506,1491,342,1245,783,1858,824,1119,1206,693,1660,441,828,813,527,665
1049,1907,668,807,562,534,330,177,679,889,915,427,717,301,1141,486,1023,828,362,168
1240,731,778,508,1300,720,555,454,260,331,859,527,254,194,609,368,990,1334,694,1381
361,399,76,1549,1127,1313,778,1090,1002,860,205,793,1391,329,1036,0,861,989,758,964
440,794,1028,865,833,153,189,1264,434,839,191,476,580,1489,898,1687,1054,761,552,1522
794,148,503,996,663,823,100,322,415,4,735,211,563,957,539,1137,253,1760,1135,969
419,962,872,477,994,344,735,57996,1382,1553,351,1140,800,209,413,316,1087,696,801,1011
996,719,1866,440,90,613,2006,534,1457,246,825,354,330,599,158,653,368,832,635,343
415,1834,785,224,168,850,1511,785,732,240,806,1218,577,570,207,763,485,1298,1150,472
1051,422,405,1313,1109,724,797,0,387,944,960,969,857,760,890,974,216,695,1346,909
0,937,311,837,1603,339,1373,1206,490,2427,442,540,1268,101,0,742,747,197,517,892
496,438,1256,369,557,724,463,466,571,645,716,578,912,1345,402,467,1182,792,886,618
424,859,1213,503,384,880,604,533,1439,867,574,1219,1376,524,342,518,1009,0,1214,877
1190,1593,427,790,1262,1405,899,712,2070,0,511,901,570,783,257,1187,489,274,588,243
519,621,1043,758,1513,465,864,804,117,628,1294,1252,749,1491,470,1112,1439,827,2209,428
1088,966,1661,732,1509,571,987,473,565,456,728,2408,932,614,438,331,1410,1154,1755,548
890,940,1417,294,485,1103,549,778,324,1127,1131,279,684,702,2542,1140,1986,902,1137,380
