-1.1985567750480202,-9.835453602957942E-4,0.9276318281286247,0.845942139078327
790,751,80,261,636,226,439,221,494,315,0,952,21,34,1061,0,1257,732,2,64
308,148,60,85,2699,547,445,988,9849,0,232,1448,230,648,2919,413,28,2400,180,580
460,2872,474,70,1629,189,945,186,288,2391,222,382,2501,2985,1705,99,706,1237,449,953
867,299,180,120,486,28,474,733,6,290,1974,421,10224,2774,682,275,1034,395,2162,735
946,1946,1505,106,783,342,1025,418,1627,349,669,403,143,274,305,365,487,88,969,527
216,1231,0,636,578,121,218,1157,1746,2414,1515,193,127,606,178,284,1083,686,153,75
495,300,1711,508,72,869,616,1845,86,207,984,649,1915,0,10,330,1003,37,859,379
929,107,353,104,377,456,468,0,137,1731,971,223,1946,1284,732,370,22,171,310,2043
145,586,45,630,243,484,569,377,21,640,154,122,721,299,457,419,532,23,850,912
1,23,1389,402,203,115,0,0,435,1626,2640,493,675,66,291,0,1877,291,36,7
690,52,363,323,0,357,68,1116,582,348,382,1073,1120,1467,714,832,26,272,34,421
421,2162,423,431,2098,180,10,159,411,223,8196,509,167,757,257,30526,1056,964,1328,433
333,75,7,1622,57,359,654,380,66,571,892,277,2042,513,853,1275,158,2242,351,1245
1481,422,310,558,59,199,1049,1572,43,963,1628,909,699,813,1889,1869,802,144,359,357
1631,341,361,348,1279,403,252,844,158,1927,29,526,1941,384,292,444,6283,202,3649,16065
431,28,0,1901,818,440,589,5447,537,488,396,13,1330,616,1013,1431,927,283,895,1789
29,1044,4838,570,309,2400,2554,244,68,1806,999,2447,644,1484,388,1063,364,666,724,1296
1338,102,1239,684,585,660,47,364,351,171,118,2084,182,57,70,136,178,1799,417,2040
237,84,345,449,621,755,1049,248,1507,95,1322,258,334,2548,310,1510,440,938,35,28
1993,23247,359,1047,585,198,423,453,392,108,33,208,850,537,165,35,158,14,1767,210
