-1.3922849399084352,0.02452028316094505,1.0503446661375428,0.9051955658765706
5209,460,2240,428,44,25,958,32,1591,134,2091,177,46,1517,482,75,622,25,3307,6524
906,1429,5068,6160,1297,227,1,844,316,803,139,730,2549,125,45,2019,1429,1687,106,2582
1745,2075,1839,891,159,718,78,77,50,2547,2158,1114,512,1686,2645,69,2226,5985,216,2318
1352,288,4,972,304,5286,366,9,1321,1413,67,64,985,1178,140,131,37,2426,9,2016
291,1299,851,536,28,1072,735,647,1328,1842,738,625,16,423,3,1281,248,843,2952,705
608,1192,2,869,229,687,2249,818,1267,623,1191,1479,249,622,95,452,10,27,1412,211
1300,332,1280,191,546,80,1002,90,230,2833,229,414,250,23,59,3,34,2478,3713,1117
1730,1400,339,973,297,83,95,290,108,372,532,810,2552,1378,1,273,2840,766,367,1311
139,686,471,71,146,168,2022,101,343,643,61,23,62,773,1354,1144,1261,688,1083,1476
870,2295,514,988,1276,188,71,1630,470,273,99,154,7,1234,2473,894,246,118,133,1796
837,3962,0,147,911,52,2093,18,60,498,220,1472,53,641,959,536,73,574,2339,595
2,1532,750,1912,1842,137,1564,215,142,107,2124,18,95,312,1125,61,396,2661,288,430
1828,1067,988,112,2022,448,355,330,170,389,417,328,542,673,216,48,418,557,1748,12
520,1541,4,1,779,140,1413,2,1146,0,3,491,712,436,400,334,2504,881,925,245
2460,553,7,2,129,1178,819,308,235,290,1105,60,467,2,72,139,151,1,688,1055
601,20,128,3103,127,910,332,79,66,260,5,2,1022,1173,461,25,116,1086,2302,3233
1487,491,1290,1,1071,403,228,999,110,2394,704,589,1545,511,1866,986,187,677,230,1794
2392,790,552,1090,368,1177,83,214,1627,11,262,632,2983,1874,896,807,964,763,530,339
5183,1512,2961,2283,14,1744,1740,498,296,5,2170,440,1366,114,632,1305,2646,1514,3825,1334
4937,239,6129,4636,4139,2052,115,656,1069,254,436,2844,41,1013,3349,4631,3160,3869,628,638
