-1.111316122743748,0.010381337032357196,0.8007383736517046,0.8388548221852415
488,376,7,839,419,703,144,810,200,304,699,330,1802,293,1251,1364,132,201,608,957
438,122,580,277,783,91,706,699,106,336,1099,1222,904,617,2184,96,906,809,616,925
476,526,922,1,976,450,444,1361,1761,8291,637,2550,98,291,529,860,1757,377,1272,1043
457,780,1310,185,426,1174,157,1350,1687,1666,1581,437,572,587,636,589,145,66,1155,473
1762,730,1281,163,1018,289,1509,381,12,2363,1497,784,1132,386,7019,328,984,542,74,257
525,1484,124,2916,215,1168,258,1334,493,182,443,38,327,712,10,215,109,467,1075,419
1762,107,105,134,1935,390,152,42,394,2029,1155,557,503,294,949,2303,176,29,393,2362
1195,167,75,101,537,401,13,832,1345,569,696,458,2637,848,250,256,555,75,4,1281
0,386,310,995,47,856,204,539,637,1439,157,45293,32097,1834,294,87,408,1108,211,477
1314,791,257,226,798,146,259,193,157,160,351,1636,103,176,1262,822,291,2109,315,1073
1336,1076,1120,100,1745,837,89,162,399,2056,662,1490,718,1247,1157,156,913,59,2570,267
384,350,830,650,0,452,1660,19,760,155,78,164,110,1004,1771,1526,1039,312,796,36
76,389,6,184,0,977,377,23,135,380,194,1238,1678,300,93,1547,149,118,1008,809
176,1276,543,2035,49,1032,1562,6,0,375,363,94,330,27,505,989,1978,893,584,1105
924,316,1032,1255,201,225,1012,1606,449,174,41,1302,5632,676,1307,533,1662,808,184,324
2263,131,522,1614,267,269,389,179,661,412,591,1010,217,61,627,1371,722,93,518,354
345,20,306,1458,335,999,603,1171,683,558,96,1995,2,6452,579,407,224,221,0,249
0,213,2063,839,236,954,215,7,1306,586,1221,32,122,657,1466,458,1366,416,49,1282
164,245,990,1646,363,1721,405,2817,718,1500,757,539,103,1032,715,2,40,367,1519,345
43,179,784,2725,191,885,890,57,965,1450,0,2683,258,370,268,911,512,537,442,559
