-1.1801281755210764,-3.2633262877475143E-4,1.0504557000136288,0.8512763987866263
27188,275,83,592,152,836,261,599,112,175,6247,619,1787,564,168,708,0,843,3323,16061
472,976,754,290,224,2051,435,1250,35,580,1219,282,629,246,130,21,299,2092,1241,3170
503,6,617,445,658,1520,1476,854,133,538,61,342,1606,315,699,541,2016,86,1470,445
548,396,473,519,577,489,1038,2186,214,188,193,32,384,1964,53,407,211,515,553,122
153,389,99,1509,316,287,1184,106,450,59,977,623,278,150,74,2194,1143,522,22,1074
1084,1489,857,93,58,153,1392,310,1461,793,509,105,111,411,2706,1272,1220,699,362,41
379,939,687,364,365,279,472,80,79,491,1446,94,1122,3886,1319,73,1602,93,492,2027
253,913,88,668,9,241,287,2453,40,96,354,871,309,14,1311,46,5807,362,292,2491
473,131,474,294,286,114,773,2,85,170,331,0,674,24,1188,144,1969,318,3,1238
0,90,605,92,139,967,974,1935,802,370,1648,74,586,239,202,609,226,117,264,3026
621,764,217,105,599,289,522,800,0,27,1843,444,668,64,472,1182,6531,536,983,3719
1520,0,1745,409,1139,1362,237,494,514,188,2003,278,722,180,357,4528,117,1337,407,260
2195,109,1189,526,1219,1248,771,323,503,567,2458,301,1106,162,1113,245,39,892,503,163
965,1006,1115,214,289,973,2820,109,1594,168,111,61,110,247,133,76,159,552,1112,544
390,293,399,743,922,1373,1358,150,106,1413,906,26,392,237,786,302,1481,2732,283,777
997,630,1091,644,160,353,4,2985,970,2498,69,37,613,1236,3173,150,1834,1307,2207,592
340,826,1403,1221,515,5,59,263,1315,245,1592,275,408,4229,1343,637,88,451,42,438
965,944,747,911,314,818,12,0,155,1927,2175,248,3465,193,393,109,2098,206,1300,227
368,707,17,1112,655,748,195,1894,1670,73,0,1039,463,164,487,51,287,194,717,258
3762,667,31309,72,2432,483,985,1857,1840,2648,2123,0,736,678,539,422,17,266,599,1053
