-1.58182662955709,0.011550723165508377,0.8515410375039401,0.9013694467935494
616,465,1,3,109,205,699,261,1444,3127,1198,480,14,511,548,3983,53,18,87,11
2,5,868,278,5,2777,807,137,721,33,1816,1291,111,939,3907,291,1016,117,734,462
197,10,212,177,478,962,2,118,516,31,408,2711,155,2,195,258,1,154,269,1517
741,4,496,207,391,874,2,1076,705,35,4,27,4459,2951,1333,1,1736,2,395,161
571,736,1613,765,522,1740,6,1938,1060,62,8,2018,586,480,158,77,1047,656,129,1514
480,1489,2167,740,1196,59,2354,21,1161,8,2958,3524,1026,0,1942,213,397,1158,56,509
1540,862,1618,404,847,445,24,212,834,614,853,4,271,410,606,580,4,1,1763,3195
690,413,1564,922,1743,1580,206,407,591,4021,1849,354,3002,347,1154,118,1,430,949,546
101,191,104,2247,453,1313,2539,1,4272,1915,6116,4924,2817,563,463,50,30,23,642,1682
174,0,743,808,13,1,2091,0,162,730,1742,122,1894,2,1721,392,197,1912,998,0
1635,1942,1493,879,1235,193,5011,2363,1,1470,84,7049,2362,188,2486,156,657,179,868,546
856,442,1133,2079,318,4,1597,2470,1201,446,1282,1912,756,637,12,292,3375,558,874,597
932,1532,285,545,150,4,1250,5,317,0,2413,69,2118,1798,1995,1827,254,314,471,1348
981,102,10,2884,1279,16,383,132,303,748,1656,1246,2286,2443,14,2103,3118,422,69,3164
812,902,1752,523,1574,1,1139,4458,9,3,1,1297,5,12,1046,295,2,1825,423,183
107,37,1703,591,337,2671,791,2173,454,3696,3607,42,692,1951,3534,1090,529,2333,2105,735
1148,789,4642,38,44,570,379,1185,2533,820,4563,1246,1336,309,84,3743,448,10,235,100
107,206,333,1852,764,1798,1,2,1792,4348,1999,1032,4986,542,878,653,749,2051,366,1168
291,1452,918,975,1310,4,3,1521,1199,709,29,84,11,59,265,668,846,10,273,39
107,363,170,875,2,1479,4444,1053,1,282,2658,1559,1432,768,462,0,117,584,1001,5129
