-1.7795096777321604,0.011208124587033855,0.7974029287387073,0.8517927188447715
1067,47,7,39,2269,69,255,1206,621,4,922,4,2061,69,1653,52,2,510,28,282
203,520,117,1,10,98,462,662,1899,3023,4438,959,2961,2070,285,11,57,79,340,1862
642,297,21,44,2,2,15,2727,471,6282,89,806,1222,271,90,147,232,381,469,85
43,274,230,2580,468,1069,10,1335,417,1,1494,1,3,118,1545,106,2711,769,875,12
55,1,1,103,98,5463,1149,0,116,62,42,11092,398,2208,187,238,18,4,90,11
167,814,1230,1814,44,2293,3658,1876,201,5389,706,821,261,2537,309,39,439,94,500,398
203,2472,338,369,1,5,467,4327,1077,105,1961,75,4086,72,1665,3136,708,23,1185,146
317,5,1642,751,3437,4977,62,4518,153,1038,2436,1626,82,1848,678,159,825,3,324,81
1177,1000,296,219,2458,165,1128,1,11352,3761,669,2,84,404,1599,1473,357,1219,626,71
909,125,667,4573,25,415,1802,461,102,420,7448,8600,2625,1482,3,818,2055,2427,9,1285
3,944,367,386,3,187,3528,7,165,496,3937,2,210,74,1734,54,744,3894,0,422
709,61,251,283,1,4,1461,121,1326,921,1696,448,20809,2885,10,56,44,235,279,1940
355,746,5,1433,100,43,176,1352,73,99,2609,210,1355,10,104,918,510,322,299,639
871,329,59,1815,945,4,54,233,5282,10,239,446,2340,192,3341,907,613,1442,303,2
1068,9,26,66,2,1641,1013,2288,395,8,932,1982,181,138,3265,180,235,41,1763,457
4341,1,3,439,1,394,91,1203,120,613,67,8,36,524,1734,0,3144,417,66,699
404,105,399,1810,1964,131,547,2,122,28,677,3718,498,11,1183,4,1822,257,31,1113
1646,59,211,293,3616,765,374,63,481,477,1007,910,16,203,498,71,2,1,2830,1
794,27,866,3,533,1141,528,714,149,105,649,54,1354,1351,3382,139,197,315,1877,2349
659,390,241,370,828,58,1041,653,960,1236,1241,76,525,1120,7,177,88,73,3871,81
