-1.0107421343971754,0.0483161170531517,0.9002130687418647,0.9013441133796971
1583,710,1074,464,1225,551,1387,150,3496,448,772,606,1678,33,495,194,1709,860,806,454
286,1874,344,40,29,840,310,1276,702,1577,236,512,440,460,33,0,704,478,1181,685
936,403,300,280,280,1839,143,741,276,1675,654,755,533,1357,117,173,197,224,143,457
236,444,444,2607,277,1069,775,151,137,401,315,1752,190,370,540,1271,499,586,144,133
997,300,126,773,893,2606,2192,568,556,352,1172,112,716,520,67,644,137,1188,759,1346
1400,0,1147,1114,96,796,1175,163,632,105,317,659,516,882,439,260,1236,773,1100,801
2118,513,824,298,363,511,196,991,1391,538,309,805,596,305,1169,77,330,17,217,118
807,408,167,413,888,744,57,325,163,472,588,870,729,613,1152,658,1029,128,705,561
228,399,121,659,392,0,3929,0,153,441,798,1548,757,514,488,8235,0,485,1160,157
2591,1236,926,439,1278,1733,1667,159,255,1700,1982,1383,3276,0,1854,7885,8226,556,6,351
296,854,1384,170,630,1892,109,365,284,22,1031,686,215,1594,10306,6304,10041,3398,437,1895
409,215,224,388,1349,2204,332,487,808,227,795,78,944,70,678,1439,8732,2160,37,213
1100,1021,180,804,60,253,513,1290,0,204,190,833,61,2054,1112,4860,6502,758,3347,5333
455,2439,1021,1002,0,890,204,2318,371,257,847,527,383,665,333,283,285,450,770,6121
471,1591,1206,2742,357,245,1007,218,312,759,33,907,405,348,168,98,3061,1160,491,777
337,493,325,1248,614,27,483,946,221,337,647,627,510,1048,33,534,1062,838,325,780
160,211,448,1138,2021,127,888,2041,468,344,361,66,1090,263,1216,2720,1767,145,540,444
483,631,0,406,873,387,644,71,1216,776,123,1645,791,412,632,971,2279,820,220,371
1721,322,210,803,1631,1169,1199,762,548,228,562,3775,218,595,2369,872,721,1827,2719,1242
7585,279,2336,3324,1637,291,573,437,935,102,30,119,2735,351,183,275,1508,1185,2741,607
