-0.4858469965257073,0.05165932793672209,0.8479261268660019,0.978813099140184
500,282,359,465,800,475,576,1500,1331,937,601,883,1474,641,740,561,798,300,819,595
79,308,780,584,608,911,1540,420,288,509,921,711,793,424,477,1210,1721,216,579,242
564,714,807,1324,552,1921,262,519,1227,1285,735,1300,1109,1602,1494,1425,652,957,358,876
1264,1350,797,815,1157,1946,780,1525,1382,2283,350,585,1433,968,971,605,1641,1101,428,528
876,1155,574,452,1064,469,756,2481,1571,390,905,1149,1573,987,908,742,1002,1651,1074,711
467,888,438,762,812,1267,523,1516,481,1437,1401,1643,2584,1302,1024,705,520,742,219,1150
863,1569,674,526,601,1181,1346,2131,1281,862,1620,1484,354,2391,827,1958,810,1579,776,495
615,770,940,1586,1045,1145,1402,437,1611,995,1194,2307,2203,833,2362,795,928,478,434,569
573,598,721,907,1232,368,1854,1068,1035,919,2025,2000,1343,749,1558,999,1096,1505,832,434
1040,594,863,1174,1339,951,1152,2042,950,1524,1336,1032,959,1193,1331,1641,1090,1597,1409,763
658,466,793,855,862,556,1601,1837,1200,1485,2269,1345,1282,1045,938,925,1356,961,717,639
1041,671,378,717,2687,678,1422,767,1491,1395,2004,1413,2172,1341,2450,733,553,465,1203,219
1219,721,903,903,1697,1575,1020,537,532,2087,1174,1969,2438,1291,1514,1672,2734,469,447,917
751,652,676,1263,1206,817,1357,671,719,1333,168,1451,772,443,957,708,1149,1120,456,656
1191,1177,724,592,458,434,372,369,1403,1729,988,383,1675,2229,732,859,1017,869,1282,412
478,819,751,1447,793,418,927,370,1300,1632,1537,1039,817,883,932,492,1146,1038,1220,1242
728,304,633,894,403,1273,1154,1250,970,1148,625,515,967,1878,856,1382,1742,748,106,578
321,689,676,617,628,757,647,641,1114,1128,1157,871,731,553,828,1093,1288,391,919,639
686,1221,720,959,970,957,546,873,633,814,536,1161,352,964,1086,1116,1073,594,199,547
708,955,334,250,280,557,518,652,728,643,235,1641,818,313,514,573,650,402,177,505
