-0.8170477267244286,0.04083736156966283,0.8980381162663541,0.9509613541683707
992,1039,1275,153,2022,86,305,843,989,604,861,1343,1090,883,514,1091,730,979,397,1781
91,1009,1843,283,2469,791,1252,2365,1667,924,1961,223,1007,314,528,103,1172,1401,1110,1554
1,1195,782,650,509,1291,91,80,617,441,947,716,1308,781,1230,1879,277,1177,581,833
865,1824,754,389,2387,2900,386,475,487,786,302,1923,1894,1250,389,1840,184,3824,794,1141
483,65,787,728,100,617,579,601,1303,993,979,973,9,50,1231,1853,1043,446,695,1064
121,658,640,164,918,838,536,1126,187,759,1289,591,1874,466,1555,918,70,702,3913,1128
181,182,427,1327,2112,967,1016,752,604,430,324,1566,271,1180,582,316,4688,2883,2897,988
708,56,557,0,856,742,1024,1373,214,991,1630,1591,1699,2058,563,865,4296,2177,3079,437
285,393,1624,113,243,106,233,664,1219,765,613,161,1476,995,1497,646,1476,3043,2726,558
861,322,1437,369,1583,996,825,1073,976,3056,0,415,6,1490,1547,3168,1011,778,3763,2288
1142,1651,687,309,785,860,277,2002,740,862,1087,2515,297,1556,4877,1116,1955,2170,791,306
689,341,578,224,395,244,301,1736,270,356,1359,2862,1373,1561,1507,2479,1466,1289,1278,906
303,669,925,197,166,98,307,1067,495,1471,461,614,569,262,364,193,2797,753,1457,98
765,30,650,1868,881,423,379,642,699,466,450,1122,505,1146,35,1481,25,884,339,2808
304,162,1372,1138,253,178,1991,434,1194,376,1649,1725,354,633,683,892,2387,324,1665,1512
888,163,32,513,19,1329,1830,639,373,63,540,3521,415,688,1719,587,308,408,1419,700
1862,100,444,856,1224,775,974,1168,904,1267,792,1359,557,1796,742,589,708,1073,211,1139
235,1209,398,727,359,782,1555,819,866,2016,473,1502,817,687,1337,334,1061,1184,415,294
290,236,305,2032,1184,1085,603,400,418,794,1497,788,411,687,1034,845,1289,2125,0,2528
2290,540,928,346,1067,68,521,1054,14,595,242,668,321,781,892,1696,793,1485,822,397
