-1.3944394431732936,0.05113662131998181,0.8079244125399168,0.9020487253818537
741,768,1032,33,30,320,83,40,2,131,11,992,2888,1501,339,195,1512,76,1047,31
196,91,765,276,582,188,3,1227,23,22,0,47,606,1110,531,73,245,63,953,465
64,31,1003,48,51,0,2,1,369,297,350,381,708,1596,141,45,1007,29,339,586
76,40,647,341,172,518,789,423,342,51,601,304,475,1299,15,385,753,175,2074,1134
1618,277,168,198,258,614,683,154,1964,27,1188,893,767,130,203,815,346,263,2772,0
1303,66,1362,4,1021,778,1,1332,539,78,4435,6,2025,893,173,1833,339,27,116,2
1023,1436,257,230,4234,304,440,1734,2281,120,1042,217,1621,911,1263,1,39,1926,1527,43
412,978,572,1576,498,1212,11,127,184,989,3257,285,274,417,537,3062,149,118,878,972
1165,1106,205,249,220,592,70,4501,1662,402,558,3656,1377,113,3253,2,1351,1301,554,2644
116,453,177,409,30,119,1078,815,2249,989,2954,212,21,1702,4042,603,314,2434,1299,0
234,691,1091,140,290,364,1364,1921,2654,1074,3398,7263,3769,1525,1601,36,405,61,62,950
138,1106,857,122,373,1,27,1142,3785,1798,2940,6933,3352,3337,2762,269,1218,2197,232,4
1427,380,363,4,323,483,727,2204,2966,1895,6311,3220,1854,75,4112,4284,2146,1036,5072,135
286,103,504,1392,1819,624,31,276,1257,291,1146,1422,548,425,840,3459,5518,873,904,1052
202,1,87,1246,781,0,2180,4,2367,5,1731,2199,2979,544,499,3679,79,157,351,1214
1199,999,842,1123,1335,593,430,2001,499,1318,412,1921,150,2,18,1976,362,296,1686,910
3261,1536,17,545,338,1463,287,631,984,21,1054,334,767,3920,20,595,278,166,854,1605
77,292,761,24,3128,268,438,15,1414,1620,2358,654,6,1097,541,105,469,204,1047,52
781,383,245,3576,437,2110,65,1142,158,222,203,1464,55,1617,1027,210,1300,895,2085,355
1108,800,209,1303,546,1209,4144,4381,2528,961,327,1938,2010,53,53,4,593,79,2164,183
