-1.245456431928228,0.02618000255008461,1.0504307357888636,0.9108890620187736
5112,465,2090,267,44,39,497,111,1535,294,582,585,0,3194,607,135,250,61,3398,6524
728,2023,5027,3087,419,851,1438,54,4,233,822,1204,2089,20,0,2098,1548,1492,96,2451
1606,4832,2339,892,128,376,115,1766,1579,1877,1752,993,773,811,1495,858,2259,6291,20,2982
1699,196,31,1253,1272,5261,51,260,1465,1239,84,17,595,519,410,392,1011,2466,41,1156
549,1173,970,49,28,817,53,647,987,132,369,632,515,131,3,1779,557,731,2847,523
762,1448,38,1530,324,1024,2600,954,2625,1125,918,3826,86,609,105,414,8,93,1457,276
220,593,1909,0,1006,211,1382,398,236,1078,241,274,406,166,13,2,146,707,3677,2567
2372,1555,271,14,294,58,68,250,489,369,285,264,2271,1264,1,253,3073,88,82,205
388,606,2119,39,220,343,494,2,673,387,1881,191,785,216,1198,873,990,626,688,569
1325,2363,519,2197,1050,29,49,1245,447,285,110,101,2,1496,1225,2179,243,577,206,3133
883,1251,299,79,801,145,2093,180,439,330,288,792,200,372,220,1083,34,574,1505,161
399,1585,166,1580,648,505,27,549,169,200,2160,360,428,974,418,52,1232,2961,295,153
1873,829,1461,17,1494,251,678,697,128,223,731,120,379,727,143,93,32,42,942,930
599,984,179,78,987,1015,1177,3,1037,0,3,783,655,116,40,817,1707,856,631,156
2716,1944,1172,377,976,1770,1414,182,287,499,1173,0,1019,2,175,109,169,73,370,960
343,254,271,2482,103,393,1011,504,66,284,190,86,748,654,87,24,107,699,666,1348
1664,708,231,30,1084,1165,89,942,1190,2811,113,508,1791,1189,2652,803,1264,606,586,2179
1812,1051,875,942,1958,0,187,172,928,148,36,226,3037,352,260,841,1883,2172,873,519
5175,2194,363,1944,69,1409,1741,513,336,13,580,440,586,116,761,442,2326,3867,4070,1565
4036,2230,5145,3703,3689,3046,1039,942,915,53,486,1465,16,1428,4677,3401,2819,2596,966,1632
