-1.16020626686488,0.0010653883118629827,0.8118126762030219,0.848165618275405
332,517,182,0,0,2709,1075,1541,343,6,370,177,241,39,669,1461,0,1364,1425,1101
114,239,1544,361,767,1645,168,327,3005,14,1307,2469,1152,762,2408,70,528,76,945,446
1069,549,1014,140,402,3021,95,106,943,2066,36,761,1277,701,1986,447,173,913,2722,861
437,2254,1944,668,792,443,752,1021,387,3016,162,182,1031,130,90,321,2779,409,7,119
1129,1721,102,966,284,985,1307,1702,350,758,1961,173,819,727,144,1253,1261,54,174,2098
2032,467,494,105,890,609,698,2450,1059,2,162,87,356,498,502,2054,1280,1826,669,751
67,341,548,409,221,1387,780,4001,686,802,403,1790,695,262,622,520,1065,601,130,18
865,832,134,2178,194,128,173,1157,100,306,475,47,158,96,552,323,422,37,253,527
2623,135,46,85,6392,1419,2708,0,75,1353,1,4810,18278,57,0,621,62,2031,814,439
359,273,730,951,209,137,2386,333,48340,3687,1489,3025,1797,3784,244,1222,252,717,794,344
606,1091,343,165,963,3134,238,111,1253,110,266,1586,975,122,724,379,185,47,350,1972
711,156,310,67,1020,546,1313,872,870,33,1031,1948,814,829,39,723,1099,1240,42,318
753,1052,382,1562,895,175,1021,628,297,866,283,306,112,687,467,256,143,472,328,243
382,167,219,787,208,218,331,1141,470,1020,17,1663,22,41,193,337,399,1373,44,0
38,456,176,207,368,348,1110,1038,520,0,632,209,510,2043,78,1450,7,364,2636,112
46,46,46,21,39,246,2120,1106,205,1346,1641,1374,266,517,415,143,431,3394,849,189
465,809,1192,1680,549,0,404,266,644,1003,327,715,1237,452,321,1042,2305,659,6025,365
119,57,52,244,386,141,1414,879,298,1037,2055,110,1003,1395,211,761,1352,51,1108,78
1436,77,71,2423,397,1469,1318,279,786,1751,29,0,278,0,834,1144,1837,913,84,130
221,660,0,2320,195,84,789,278,312,46,500,38,113,1475,500,157,130,645,2136,845
