-1.9613038832421679,0.013657645761734788,1.0546763612902716,0.8587361188431782
16290,2878,252,1805,176,2477,40,172,1044,2,2111,51,138,483,736,279,5517,7453,129,7730
1543,6818,1503,1,3440,1694,1860,45,984,1025,726,396,128,1,2299,129,51,104,427,1921
7051,735,6,460,577,805,1,2112,3,137,1,17,474,1173,367,1395,2522,2837,115,1278
487,1,4,224,51,22,52,2,30,519,25,125,19,319,25,5247,386,3388,2241,6510
5,1675,1853,7,1126,280,2585,293,1,21,4,123,66,373,586,1369,223,753,3962,1233
0,38,14,46,1544,4,315,1183,783,130,1190,1275,2371,365,389,3220,1052,16,325,45
1195,1679,3,347,998,1,1,5,1385,357,343,449,1153,428,4986,140,1,108,2680,1
158,157,15,181,146,369,307,1378,3217,1034,1013,498,12,849,22,16,245,1321,111,642
3834,1089,2,745,1263,2631,2097,169,914,20,1229,576,485,344,2,37,1,5034,135,661
4,2020,7,707,1,99,2,401,3,1702,1606,1047,1301,187,25,78,412,2725,131,22
1557,1342,1016,734,50,45,1,199,609,2,1,88,87,266,461,1,3104,3806,73,760
623,119,1498,515,1186,304,579,77,549,1067,207,1518,1154,1538,64,1,551,1631,35,411
1171,612,799,5,699,7,71,2292,270,326,78,251,6,204,471,75,286,82,1750,193
2130,97,95,1,1017,245,363,114,10,2092,584,2011,1215,29,325,817,3,268,954,1712
155,4,392,1089,18,1192,2,1732,123,1504,1699,73,288,584,812,177,3,1617,1646,2
1543,4515,1412,1,1,2,718,3,1388,1245,13,1240,617,2,18,771,809,4,9,125
904,4217,1,668,595,5,1822,1,6784,490,2,114,987,1396,248,1895,1100,253,3487,7
2217,2678,21,696,254,470,393,4,135,3082,284,598,13,810,2685,47,257,3228,1,3078
2741,891,145,18,10,1216,2875,532,3,741,161,4112,911,84,521,229,6,1440,5741,3166
19,230,306,7,4,2541,1690,6620,1,604,114,5235,3,4291,8,4310,494,26,195,4659
