-0.9487184275210221,0.05299211443554886,0.900704202903559,0.9004444848166543
1257,674,1030,255,1961,537,452,222,6201,932,392,815,696,648,542,135,143,891,1384,404
555,86,265,113,98,528,290,1691,2377,2006,205,361,819,813,230,1184,305,543,1313,471
347,985,572,567,325,213,255,920,230,1278,589,689,212,683,150,349,25,70,519,261
227,1816,272,1891,517,662,491,217,213,450,92,1737,72,395,323,1237,552,330,358,426
975,295,881,1417,781,1939,1897,592,574,310,1227,469,866,457,36,833,137,606,797,1204
1431,2280,757,2019,306,134,480,364,285,156,1313,674,333,513,51,193,1160,516,2905,801
3380,1034,1010,442,495,460,196,766,640,272,596,594,596,455,1104,763,397,96,217,80
918,449,461,548,1111,997,52,0,163,160,123,1120,201,571,609,306,1066,403,717,633
174,399,614,731,125,273,956,723,157,608,178,1443,704,514,603,8226,0,444,1625,258
2114,1418,678,790,1268,1692,1812,458,435,771,255,1516,3630,468,1851,10717,8284,465,370,226
158,229,971,741,475,1909,150,81,586,398,897,497,260,1896,10144,6619,10183,5723,350,1756
275,280,529,494,1982,2193,332,548,771,90,895,271,944,84,1017,2310,8143,1866,35,433
452,1096,286,706,199,157,862,615,731,583,300,743,0,365,1197,5309,6270,817,2821,6390
505,1167,1219,803,150,603,204,2144,338,443,459,536,356,800,333,392,285,503,700,5603
595,1541,669,2979,465,647,564,232,652,772,35,929,405,348,324,98,2090,1303,507,677
494,573,499,1298,3,104,640,1595,136,381,1593,663,510,743,564,624,1054,892,497,1039
102,151,389,1069,1500,615,351,1214,450,358,307,269,850,782,1597,215,1767,69,754,331
483,592,806,410,719,248,679,76,598,787,304,1959,371,350,600,1261,2154,395,272,811
1188,396,324,505,861,632,1058,627,548,160,379,3775,272,709,693,676,903,2131,4049,893
8203,261,770,3341,1265,363,261,242,843,253,218,261,1560,370,258,291,1120,985,2524,1318
