-1.2794008824134044,0.0022347731941618565,0.8217635150586035,0.8436709678713252
541,58,1805,81,46,1754,2047,1023,750,401,9,33,239,0,4037,135,1313,101,1,1102
245,2993,22,86,160,476,1005,1639,1810,978,857,429,996,162,2253,261,2468,456,303,4487
219,727,178,361,124,2305,1014,658,535,158,1770,7,175,168,382,690,276,200,463,2717
110,97,3501,163,124,755,734,446,2803,895,1070,1337,5470,0,162,252,26,75,1060,2086
581,2,978,1299,1607,79,1254,2310,610,2391,740,98,2079,3439,1336,123,629,342,340,855
746,395,454,652,176,372,258,71,510,46,461,29,750,883,197,147,22,1864,56,948
228,1920,2304,313,478,1854,620,342,697,1089,488,1072,296,2,1175,386,1320,3449,954,1121
1029,98,902,1091,1105,1660,441,125,29079,35,1230,1314,178,1530,0,288,45,1446,66,293
90,428,938,206,78,190,1219,128,769,685,0,1097,23578,253,10,358,1466,39,530,67
345,35,103,413,451,2894,847,79,22645,1230,438,750,3564,6575,110,535,373,1980,896,499
123,1177,785,537,213,611,51,65,920,0,372,50,76,286,98,2,668,19,393,115
11,466,47,156,3031,431,1224,1250,71,73,1253,586,27,216,1052,1295,107,2114,146,521
2575,892,340,3088,57,185,2380,155,615,1422,649,1153,382,1132,0,61,968,1,206,2045
140,848,577,1592,1460,354,550,1898,3410,1732,128,38,1157,268,1080,308,755,349,194,570
1367,88,210,0,126,488,1878,1087,431,282,328,280,2165,108,171,153,188,39,194,1968
60,339,1999,202,47,274,2758,1522,154,17,1864,438,48,411,726,581,204,81,638,201
661,90,576,410,243,202,294,405,1140,889,58,40,1941,411,406,93,1991,3555,0,214
92,568,405,805,90,1171,218,393,138,152,118,185,432,441,259,363,981,1522,276,1151
510,1069,38,465,244,1118,1000,517,122,1580,3536,605,420,4574,362,34,1096,222,8,90
2205,721,104,325,12,1383,366,381,244,200,459,56,725,398,515,3272,849,467,215,1463
