-0.6613490154695422,-0.004695965275166995,1.0037253329094846,0.8490215622009968
731,628,455,436,671,1502,799,254,665,1265,1784,868,1210,1025,344,37394,990,467,340,360
893,573,403,874,240,468,352,399,644,323,352,544,609,727,307,361,260,429,614,1401
678,679,589,709,1688,485,817,738,860,259,698,1071,400,116,773,589,624,820,522,295
389,781,896,786,629,483,882,331,647,655,496,972,210,405,437,779,527,206,506,1413
960,262,470,976,860,173,374,169,177,1054,589,870,1393,131,842,529,2324,600,1041,864
1116,342,1019,563,939,378,313,1351,435,926,946,165,740,490,388,678,736,456,339,863
484,635,391,733,15394,538,1210,267,814,593,488,548,299,417,744,491,817,1430,625,636
499,442,510,592,467,580,1036,633,247,454,689,449,699,360,607,724,229,1135,396,349
599,566,631,300,605,762,394,914,1047,633,1213,144,227,483,544,653,287,502,909,1030
429,16650,370,330,772,565,1120,393,711,864,698,776,225,300,436,1181,640,615,639,869
339,574,672,468,433,887,96,578,300,6114,410,320,427,952,1000,1053,693,244,296,422
476,420,378,251,458,343,301,205,475,634,368,475,760,407,876,910,568,874,661,15452
474,1612,758,819,700,325,310,870,236,615,322,608,411,566,692,0,641,691,580,250
698,720,721,379,292,358,1312,368,536,465,701,186,996,814,1330,1294,491,1205,945,229
400,1203,262,883,416,1330,377,987,1459,387,946,644,588,801,800,886,257,528,1014,703
666,1177,377,1104,330,220,1348,635,1216,654,402,670,277,198,1161,282,866,663,505,570
406,641,270,270,619,503,606,535,480,683,783,1419,317,568,473,370,268,845,533,583
591,687,507,570,828,386,501,430,319,278,355,982,801,582,406,557,1674,827,568,306
22224,203,144,395,767,584,510,273,1319,675,500,138,327,794,967,711,482,874,686,1215
1059,344,649,501,250,737,962,1232,239,235,1059,1522,680,21678,1001,801,550,511,595,382
