-1.0888127774605851,-9.999695467871883E-4,0.8536389753016038,0.8437867968774007
1574,1173,222,764,1135,955,1055,62,668,647,408,2510,2277,739,264,120,13,1419,679,787
487,349,16808,140,118,691,422,5532,349,350,312,810,915,632,8402,39,1222,209,743,461
510,579,151,789,1743,1579,1546,232,1650,434,728,1928,20,21,287,1318,0,1079,340,996
383,630,662,90,720,1276,257,3304,190,0,735,531,4417,602,462,626,167,349,718,193
1492,1001,458,181,423,393,356,274,219,1995,1066,923,806,638,6835,330,1068,816,873,320
787,49,50,1868,355,1217,235,608,599,143,659,194,0,2287,92,140,566,113,890,1362
1123,1992,463,37,623,106,1742,35,404,2180,167,1028,937,231,0,2345,219,172,1142,1567
1028,20,110,584,82,0,9,475,1563,837,1154,156,291,1065,592,364,846,297,22,1171
240,1764,273,1411,1511,2147,0,497,1458,1455,576,52585,6622,1001,431,61,454,179,248,1324
583,696,359,178,320,131,169,532,672,550,976,119,535,252,106,2,276,3950,272,179
1343,878,757,170,384,1709,216,14,91,1921,1422,392,116,1102,2142,221,309,108,2846,430
215,592,483,870,4,185,803,333,1578,127,69,1942,819,1260,1539,502,919,94,440,1161
92,1007,5,982,30,1080,490,1290,2320,1424,1109,279,1623,277,3366,1108,369,419,1081,877
8,1671,400,586,74,657,2006,91,0,488,221,133,404,541,46,1084,4372,0,255,728
1458,92,1031,1596,111,262,694,158,436,85,262,1131,144,697,741,1221,388,577,288,63
41,90,539,330,316,1324,151,785,75,653,313,12,72,314,342,0,556,285,306,323
50,1004,700,1469,403,565,359,323,190,597,528,972,188,496,456,877,180,47,602,315
455,441,133,263,472,234,539,1041,986,303,833,74,339,1160,3817,2602,1664,432,461,1898
60,153,287,1473,316,723,1600,2693,1754,2332,321,421,1384,925,286,114,176,1052,465,495
506,507,455,2128,196,543,17,736,1071,896,609,1171,235,1345,864,427,491,926,517,1481
