-1.1968611210177595,0.029703847768786665,1.0500906959097454,0.9172617543993467
5254,1340,2068,900,129,82,308,36,2353,465,1221,239,789,356,214,66,436,82,2786,6470
2230,986,4696,3661,1272,971,447,167,865,15,389,936,2113,85,758,3307,1140,3832,106,2423
1892,2144,1453,1057,9,1931,58,157,264,1478,863,677,1250,473,1819,752,1358,5405,280,2545
1172,214,2251,636,253,2885,239,9,1163,923,9,149,844,1101,1557,1118,1103,1173,776,3177
197,1443,657,184,63,4,801,636,209,1139,448,552,49,186,3,1222,634,123,2689,675
1083,2163,4,71,158,514,1229,954,1032,572,1835,1126,311,806,130,700,22,31,1393,2088
231,1561,1918,151,1589,466,1548,355,466,2826,376,379,990,24,342,2,212,579,3572,1368
1102,1455,681,663,252,97,99,91,219,434,897,297,0,490,338,68,548,544,206,1273
326,456,880,38,109,87,1177,78,403,1100,1498,21,596,742,661,341,1404,249,2174,525
578,2166,659,1624,1245,5,58,1711,453,181,58,152,2,998,2261,980,68,420,219,3460
866,2056,194,54,793,586,1687,110,27,351,51,1057,171,490,1868,456,51,520,885,423
74,2010,849,818,1244,338,2202,340,138,129,528,262,106,99,1497,245,398,2136,719,228
1583,548,672,338,1598,893,237,440,202,477,2915,295,641,706,468,109,32,420,1385,824
541,1736,5,146,1249,179,120,31,1675,102,333,795,181,236,134,2887,2391,1886,905,285
2358,1058,99,94,122,1213,816,277,527,331,1538,330,692,3151,216,153,350,607,967,1446
995,306,304,2799,28,300,1017,68,275,2,59,814,282,1146,37,2,476,612,2784,820
1352,1578,418,122,1068,1442,87,1698,512,148,2054,402,1198,564,1376,1541,100,462,977,526
616,1564,1351,1429,104,3300,149,110,835,163,368,1118,190,2976,353,734,2227,1264,1678,4
4062,1350,1854,973,34,1253,1480,571,285,36,830,1178,961,220,806,2786,3176,1647,3692,1460
5329,1035,6237,3504,2924,3170,306,857,1072,57,410,2772,1121,665,5262,3112,1824,3324,966,221
