-1.899828603820352,-0.001964090732804754,0.9906205600035599,0.8503787112646388
253,26,2601,45,408,1159,387,11,419,151,4381,3,108,2455,10,1,2333,435,23,1510
3688,904,346,1593,1412,1902,723,76,146,484,56,1276,24,4602,1408,66,471,5717,3,1447
3879,118,6642,24,939,438,2,153,1093,145,5,271,8,120,2233,182,4892,1,853,497
116,2,1085,442,80,34,407,15,789,69,1036,72,4146,5,52,418,194,5967,3790,4247
385,2809,524,50,141,72,309,150,985,398,232,2,454,71,3,1491,2,162,142,4210
4786,2,961,23,3870,517,263,5,1,468,62,1410,3233,21,2069,4,678,0,4,3297
84,0,1,715,1688,489,3,989,297,4,3277,1,599,0,2061,558,410,748,17,81
2464,2660,13,1,1,5441,5237,2,461,74,344,219,3,368,122,765,543,188,988,540
852,72,3,131,144,216,150,2066,1263,1081,25,773,991,2472,1756,771,1,7,2824,16
701,1983,518,24,266,148,56,1,15,2099,1662,159,102,341,385,141,1979,5,20,304
661,1,157,78,1566,125,2460,135,389,503,189,1,3595,808,102,5289,19,60,1768,1745
2921,1862,308,643,1288,0,793,4439,2,874,156,435,190,1423,400,1420,317,320,280,1
29,8,94,1,326,3,934,464,793,1,1,448,164,251,46,9557,263,3,11608,270
603,2,2908,1157,34,133,432,0,2,1871,1,2976,529,16,750,352,915,197,266,60
159,223,33,57,503,1668,355,28,796,157,280,1179,195,244,75,32,2620,3571,141,4125
1332,122,262,273,24,2,1123,195,2,883,455,183,586,2581,264,903,357,9,701,90
2400,12061,1783,4704,167,597,616,673,913,6548,8449,168,500,0,28,780,670,1733,632,3601
5438,135,229,1492,488,2756,726,1179,1,237,273,1612,286,506,3406,1162,556,1,673,73
10,18,4955,12,282,76,311,702,4,1,218,1811,1000,34,2786,43,1777,207,3744,479
1903,73,7077,2404,268,1054,30,612,33,501,982,1152,484,1262,99,5,2198,1057,6,1290
