-1.9129051111896922,0.0032596159978775926,1.0468880060245347,0.848413826316167
26197,589,716,1573,6,259,32,1035,666,0,1951,27,77,337,1012,514,1761,3133,18,6464
861,1537,2256,39,675,362,1306,18,1131,1668,1671,385,574,1,535,2838,142,3,333,2177
11376,3243,1,770,265,1480,556,2504,1176,110,1,21,17,1811,95,1856,2231,216,73,0
178,1,106,25,1,277,61,8,18,396,6,531,1,181,3,7248,225,1211,921,7428
5,1340,1103,4,22,270,80,985,10,37,9,0,31,240,977,2556,229,1079,3785,1306
1067,38,86,1689,1178,3,1188,1395,1113,379,1009,958,4186,310,2596,630,108,237,1696,158
669,1425,2,752,400,9,1,14,552,1594,1209,428,918,106,4311,201,29,689,26,25
20,405,16,232,681,107,2,2117,12,2072,874,983,1,704,17,13,47,1001,257,318
3410,1308,1,327,610,2188,3152,1355,409,54,2670,1435,618,495,4,8,20,5296,678,544
5,1584,7,1395,16,1,3,797,3,2365,1262,2680,235,146,1912,63,62,2633,1449,58
2231,511,638,1168,32,216,1,195,576,15,16,61,1411,589,1579,1,1848,671,1195,254
298,500,1744,51,1585,858,487,233,915,1155,259,600,260,1239,755,1,482,213,145,311
1006,389,636,15,284,2,3,890,334,139,2,52,56,265,434,194,438,51,1925,194
2188,1417,96,25,1022,581,164,821,5,3416,35,1835,50,597,301,188,36,56,230,1647
314,1,2797,955,443,215,2,1397,165,168,1206,88,1792,680,1323,162,1848,1647,1062,2
5122,5918,1002,4093,1,498,407,15,346,1438,224,588,141,726,13,2080,11,1478,1968,485
1,0,112,1124,228,5,1300,1,6110,296,22,12,961,905,133,3311,1186,782,2989,22
1884,1798,18,648,9,125,1,4,113,1,230,2201,18,908,4135,1,9,3288,1,867
3589,806,144,9,19,1180,2843,204,3,517,1035,1228,839,25,194,216,15,1133,2094,2980
183,277,132,3869,176,1663,1393,6723,1,517,37,7789,3,3176,290,4982,31,1,101,5653
