-1.7381700412818653,0.0050064493997730155,1.0574294571356406,0.8484804590609845
26197,589,1631,1580,373,274,17,970,892,1,1860,5,112,307,1028,529,1978,3133,7,6572
989,2341,1384,73,548,242,18,554,1131,3013,1731,381,564,1,1266,12,186,116,333,2694
11661,3374,264,638,265,1190,1,3087,194,214,126,21,114,1811,0,2320,2684,414,13,0
363,139,941,1053,1,154,61,20,157,376,5,516,32,172,13,6678,290,1502,208,7322
745,0,87,113,19,270,134,730,16,8,4,199,27,228,49,2743,711,1079,3785,1294
2554,48,93,1840,0,270,868,1246,1104,138,1175,543,4186,533,2613,569,141,228,1748,989
581,1792,1,538,317,7,1,175,552,632,1575,357,953,41,4311,329,10,1573,178,308
0,381,16,234,721,113,2,2220,90,846,3766,600,5,316,1,13,53,790,1063,142
2872,1051,1,125,1084,1868,3079,1355,191,8,340,1424,388,396,9,217,10,5300,348,128
101,1437,286,1296,224,211,1,828,28,2365,1288,2651,235,71,1921,233,166,299,1385,53
3688,317,1096,711,841,724,1,499,688,127,16,35,1509,1139,1148,1,2948,2082,1195,3
107,392,2115,51,1585,121,487,235,1136,78,152,1050,472,856,206,416,483,154,169,318
323,379,635,21,512,2,26,291,101,128,91,8,1593,245,13,188,943,78,1863,390
2210,1417,407,4,1496,427,176,1307,2,2149,35,2679,129,111,178,294,35,59,290,1647
320,212,2874,911,325,157,61,1399,22,106,894,788,217,510,1338,112,1377,191,695,62
6589,6111,1001,1338,11,24,407,104,346,1078,187,0,100,471,264,2157,24,1331,1405,2512
4,1180,1,957,203,5,1709,12,6402,190,192,16,961,905,860,3084,198,650,3386,16
0,1351,12,700,205,125,12,23,97,3,29,2554,16,1353,4135,5,38,3298,1,973
5036,921,52,2888,30,1180,1433,173,155,758,585,129,1713,20,594,158,2163,818,2094,3075
292,21,111,4085,250,1732,1409,6254,1,187,526,6945,3,2516,181,4348,31,13,94,4948
