-1.8259316370851306,-3.7337854351325567E-4,0.9912363474380844,0.8499394275579384
178,75,2613,0,141,36,864,654,578,142,2780,3,129,2125,305,6,2200,961,38,1510
3555,904,259,1593,1182,3733,688,115,143,484,72,915,14,3850,1408,13,7,3463,407,2565
2945,18,6206,14,1087,441,726,182,1095,320,71,10,84,45,3406,182,4102,2,1028,74
314,2,1034,74,90,78,703,917,771,302,1149,53,4465,167,52,2768,194,6108,2165,4183
388,280,420,71,135,72,436,254,1081,1244,332,2,1221,1,863,1511,2,53,329,2375
3413,2,961,3602,3994,517,276,5,10,128,16,1130,899,834,26,19,610,0,32,3052
227,0,1,702,1711,308,3,203,294,4,4725,1,576,1357,1826,542,72,162,8,1
2574,4067,246,1,1,4901,6556,91,516,1,360,296,4,519,114,506,641,296,876,425
839,130,4,204,47,202,119,543,348,1075,39,1122,1096,443,1981,1142,1,52,2787,100
696,1806,418,385,266,1,255,91,129,1787,1706,159,108,482,450,139,56,10,20,319
442,3,160,24,239,21,3219,121,319,503,189,409,5418,811,96,5221,19,49,649,2217
3526,1862,309,593,856,2202,259,1,2,874,182,437,203,4644,379,1210,141,6,261,46
111,68,76,1,596,5,496,0,576,1,1,815,1545,213,233,4851,5599,3,12421,311
15,2,1680,1157,19,177,349,62,0,1943,1,2639,2270,334,970,642,8,197,266,466
222,228,33,233,458,1668,326,22,1110,696,61,1993,106,193,64,2,2620,3713,154,1788
3221,139,288,219,7,1,1123,104,19,0,12,150,574,2460,249,1022,5,26,779,169
2493,12262,1641,4939,80,673,902,673,673,1293,8393,83,369,0,33,166,681,1733,632,0
5478,429,246,1492,488,2756,550,1179,1,88,2524,1555,264,482,3110,1538,588,1,3828,3
14,33,4704,521,244,36,319,634,25,29,306,1862,1008,38,2653,510,1777,99,4105,1151
1777,73,13558,1724,370,1082,150,2249,12,635,215,977,723,440,69,346,2243,81,10,1139
