-1.539755095699628,-6.675554717869152E-4,0.8481645456567817,0.8472254315990062
222,304,108,251,255,1305,525,171,921,947,527,3941,649,1344,457,1173,2057,89,12,178
452,163,593,357,684,337,1717,569,160,250,303,16,675,100,3660,139,14,344,725,513
1334,419,15,71,28,2798,3246,0,206,23,3956,388,389,382,1986,1175,17,284,2317,955
334,307,313,4307,230,5,2053,9,106,172,651,1758,464,1057,486,466,5,168,485,27
50,515,1420,523,5524,209,212,573,190,789,843,49,1125,182,28,355,131,1309,492,2329
3,31,21,1398,259,45,608,412,1016,36,174,679,389,2,65,54,62,318,13,361
154,1268,65,32,232,18030,7,3650,243,984,224,278,520,1117,444,66,175,2354,1992,1071
592,947,2469,1212,32,4084,7123,1904,7,944,5791,200,229,310,376,7851,310,1512,238,181
3933,3127,60,2133,158,702,712,13018,5,204,4024,427,207,654,882,72,390,4653,2524,31
888,954,0,611,1308,6167,453,611,661,172,847,70,43,6,5403,1084,111,1585,33,161
1400,921,2,4533,168,599,1604,49,61,100,1,159,1351,338,2121,26,3,988,2380,215
418,85,2,0,820,172,212,109,458,765,21,37,2739,40,480,283,1927,67,326,885
32,7558,554,242,1273,144,1131,1089,1381,12087,4,1283,62,122,101,155,1912,64,413,1
159,269,109,2085,1290,972,623,580,109,1359,2277,158,106,155,322,5,9854,1665,170,1776
27,850,152,48,3649,90,1892,79,876,946,629,962,5426,783,327,18,518,171,1076,1251
0,464,105,229,450,1240,225,447,482,88,3734,414,174,338,214,530,429,489,499,11
205,157,14,556,408,246,672,1610,156,44,306,68,296,1,5323,16,664,181,41,504
757,200,14,474,1699,0,28,1092,10601,1,274,652,4537,2114,21,4936,4418,638,1331,1842
1527,219,155,387,618,677,187,157,364,27,1079,2168,20,157,2671,1017,279,346,397,383
83,503,544,776,9,3112,933,288,1140,15,91,417,442,897,79,547,449,1,246,556
