-1.544207512778057,5.456652357233794E-4,0.9541229169157497,0.8494379665334316
203,8,710,176,245,392,38,2258,730,146,127,20,38,89,197,19,6076,3296,846,200
3803,420,268,2367,455,2684,1133,146,325,20,53,1887,72,80,176,11,103,404,47,2362
4096,1689,1306,48,946,160,110,170,1470,802,59,4,42,257,3726,554,79,52,328,190
292,22,51,21,4,31,346,52,252,187,898,96,1962,26,267,246,893,3268,2386,3570
216,2298,600,312,6,461,776,478,717,325,1768,7,4719,614,3015,2893,266,490,35,1469
466,127,126,300,1244,400,613,1471,29,95,5,191,2401,43,36,34,281,534,1281,51
33,142,98,290,1000,184,3812,982,614,327,5897,90,361,1231,24,200,1064,2429,512,378
2609,1052,89,593,87,4918,978,1,1046,1,400,6138,44,242,1,17979,67,543,1296,915
184,98,249,216,175,259,3309,1182,20,746,1769,352,688,609,802,0,186,55,6730,943
1707,1280,523,312,275,117,252,3,699,667,2555,599,124,192,90,532,15,30,58,341
0,326,0,454,91,4,1023,51,116,62,13,290,2059,300,118,1697,119,380,547,1011
733,247,55,1146,1678,2047,2469,18,483,0,133,107,2780,632,372,99,860,131,32,345
680,53,998,128,412,246,39,1472,537,325,36,0,182,780,0,7254,1084,529,1154,0
0,168,51,1189,21,16,584,875,84,2067,27,2125,406,420,4,505,944,2532,1868,82
123,797,169,88,832,307,2042,3017,821,1312,2811,2364,313,484,2070,1003,793,5,724,7459
4343,449,204,114,13,66,504,4889,32,694,472,24,1,718,550,218,352,7,960,426
2622,1274,700,1425,17,89,685,70,667,1111,15516,108,403,1039,40,311,1747,45,439,421
2682,949,766,4396,154,922,267,1424,322,26,338,1521,756,97,4397,2560,949,2752,189,5
750,3886,2158,3015,242,103,928,306,316,214,548,1163,361,71,2085,2167,2369,243,1206,1125
61,4,15810,7263,575,184,390,3336,47,384,37,1608,1,528,2504,425,2585,2609,248,0
