-1.5327482020634875,6.420913679747663E-4,0.8553365722040374,0.8504694123043828
681,967,82,574,243,22,1006,91,470,2630,406,1271,25,1234,360,1436,1836,87,11,157
526,337,790,64,231,337,1396,1811,424,160,303,0,699,112,505,134,0,344,580,571
869,284,20,47,14,0,4473,0,206,14,4110,263,389,92,2802,1493,16,340,1213,826
92,195,1259,4307,235,5,2001,8,44,192,702,1758,249,1137,544,787,59,332,353,39
78,109,749,526,6694,2268,193,236,177,607,843,23,335,180,28,425,131,81,20,2349
24,31,229,22,204,45,327,522,954,19,68,679,595,16,7,108,62,53,8,361
31,680,53,30,336,15331,87,3788,640,460,730,623,555,893,3483,38,592,287,1602,631
3048,947,1663,1500,52,3496,6465,1985,9,962,5577,329,314,339,362,7832,310,1427,318,277
4061,2208,57,1776,1072,16,712,11151,7,99,3950,513,163,812,1259,309,698,5949,2524,30
572,492,1169,630,1344,8945,2241,819,579,19,761,22,437,91,5944,982,180,8,27,128
1381,40,112,2925,327,634,1579,48,29,100,185,162,1255,536,2122,7,46,533,2112,184
539,2,55,382,360,204,9,75,488,742,571,54,2298,14,466,304,1156,64,326,1514
556,7639,568,310,441,321,723,416,552,8072,233,27,900,122,84,511,743,260,309,1
159,432,331,2498,635,1982,842,904,0,1673,1962,285,122,304,2800,4,8846,4027,512,1784
57,190,418,64,4253,118,2603,74,1490,946,1515,819,5645,1173,829,22,1755,459,1650,5129
78,435,582,27,63,1325,173,442,471,240,303,342,161,85,223,410,12,14,4397,410
529,413,98,212,374,89,29,2539,1175,65,36,366,624,1,5323,22,657,87,114,856
587,432,18,544,4230,0,232,606,9353,865,55,582,4560,12,149,1170,4431,730,3003,2453
1277,1354,1004,387,437,94,120,7,203,15,1079,4247,101,183,957,924,588,509,1077,413
15,348,110,189,135,2059,1184,703,95,5,329,97,324,1504,54,178,866,1,246,426
