-1.4034573699624444,0.05123772487424783,0.8069627789683599,0.9012518940265949
741,905,1032,3,31,320,83,53,2,116,11,992,2888,1501,339,195,1512,68,1145,31
196,91,765,276,582,188,3,1090,1469,33,0,47,46,691,531,73,245,63,953,465
64,2,1003,2,40,0,1,432,369,297,350,381,836,1596,141,45,471,29,325,397
76,40,647,827,30,457,789,423,102,51,601,310,750,1299,15,385,753,175,1435,1112
1618,277,168,0,493,614,683,154,1964,27,1188,893,767,794,203,815,251,184,3076,0
1303,201,1362,4,1009,778,1,1332,539,78,4435,6,2025,893,173,1833,35,23,71,2
1023,1436,257,244,4148,206,265,1725,2281,120,1042,217,1621,911,1263,1,39,2030,1527,47
412,1245,364,1576,602,1284,11,127,184,989,2264,285,274,394,537,2060,149,118,878,1034
1165,1106,205,249,280,592,70,4501,1662,539,558,3656,1569,1620,3253,2,1121,360,554,2644
116,448,177,409,765,132,1078,815,2249,976,2981,217,21,1702,4042,603,314,2474,1299,0
234,691,1153,121,186,364,1364,1921,2654,1074,3398,7290,3769,1525,1601,36,405,72,62,950
138,1106,857,122,193,1,641,915,3831,1350,2940,6933,3352,3367,2762,323,1187,751,232,4
1427,424,363,4,323,483,665,2193,3526,1895,6311,3709,1854,75,4112,4284,2125,1097,5072,135
286,103,504,1392,1819,624,31,276,1257,291,1146,1530,598,614,840,3699,5515,873,904,1052
202,1,87,661,781,0,2127,6,2367,51,2660,2199,2976,544,631,3679,79,157,351,783
1199,999,842,1123,1262,593,430,2176,499,1318,296,1817,150,2,18,1976,362,296,2749,910
3261,1536,17,545,338,534,287,631,370,21,885,334,871,3920,11,595,278,7,643,1605
80,292,761,24,3745,268,438,15,1136,1149,2358,654,6,1097,541,0,747,204,1047,66
937,273,231,3576,216,2110,65,1142,369,257,901,401,11,1617,1027,273,1300,895,2085,908
594,871,209,81,616,1351,4144,4381,2528,961,327,2278,2010,53,53,4,1354,90,2817,427
