-0.8570640924769513,0.04625463962433737,0.798416144437298,0.9433803374186042
187,325,755,644,1405,178,424,991,2189,1237,644,1760,604,315,489,241,209,79,35,363
482,805,1102,0,329,389,550,1144,718,407,619,363,11,844,721,729,1199,434,94,785
714,324,605,480,185,898,852,38,676,1206,273,450,399,684,849,297,641,1353,220,712
695,235,143,677,82,2248,1562,2151,1099,2847,130,871,561,425,695,816,592,103,405,197
334,415,1243,1413,382,484,1393,80,1300,1403,1637,1904,1010,4008,880,550,1086,2245,689,1559
790,499,332,307,1803,3412,79,658,534,28,555,1457,1409,2391,3393,764,2222,917,1063,474
518,685,1508,430,368,969,769,1740,1523,1432,1597,670,285,2586,821,894,280,758,346,215
162,774,954,34,459,1492,1953,1103,2395,767,1035,828,1212,1575,452,767,1873,1106,939,1403
615,546,2050,498,561,1201,2146,566,2432,1368,695,2026,2695,2047,2305,793,1350,467,0,497
1560,566,917,1094,2515,453,2325,983,1384,150,2008,1804,1221,1317,151,1034,3393,1014,22,716
264,1061,181,486,240,3269,1163,1336,542,4975,4706,3802,1570,804,1188,1374,606,1307,0,372
817,653,635,938,2585,3,69,1464,1090,5791,1345,752,1498,1620,7568,379,2052,820,422,905
633,1915,840,51,1650,284,1042,1059,4228,3058,3406,1001,452,1445,906,482,511,841,430,1420
246,525,0,1458,783,52,1851,1355,2605,1025,1858,1052,1376,1233,458,1051,29,2067,354,1
257,1131,498,522,992,1510,747,1603,253,78,3586,717,694,564,1045,385,1334,397,747,739
270,1181,768,781,402,651,1199,1490,2369,1627,839,1088,781,629,1088,718,614,159,1145,779
366,1110,92,814,362,1801,1107,1348,936,93,103,628,373,566,287,368,483,1226,821,1425
45,639,328,1200,1139,1390,758,224,2206,1155,1918,1314,253,1427,107,1160,867,551,424,64
280,1046,405,51,325,614,305,765,148,1258,160,1120,1414,572,513,968,185,381,278,346
118,516,214,320,432,198,1194,910,1363,1114,1393,390,225,307,243,1274,246,275,196,115
