-1.6983036106993104,0.005751765172512865,0.8216572473227161,0.8500937592094494
1202,117,3,25,2054,32,274,3898,516,257,877,1,2,120,2574,19,2,16,32,282
92,183,145,122,192,993,369,830,2152,2870,2026,1117,3299,634,323,11,65,14,446,2940
1001,557,26,269,11,1,467,2929,474,846,80,953,1088,436,69,76,135,548,317,187
3554,373,1416,2772,624,970,20,868,538,0,1538,5,21,429,1159,355,2800,923,694,50
98,2780,1,118,1,1600,571,0,228,25,191,10984,220,5,2776,1647,66,3,79,7
448,160,1587,357,153,2315,3664,1471,262,2958,684,327,79,3536,434,40,107,108,504,425
189,320,622,150,32,23,343,2987,564,1148,2011,83,933,46,1459,5092,358,5341,2358,267
147,19,3132,879,22,1537,86,4421,143,1151,2177,1394,64,1060,819,169,504,2,269,0
1218,119,234,293,1456,200,1108,122,11327,2749,658,2,106,586,871,1903,636,1219,383,50
2772,143,457,4072,12,211,1743,544,500,466,7426,9199,837,1579,11,537,3385,2059,976,1281
3,601,367,399,3,327,4589,7,6093,896,3998,1,241,73,161,19,2517,3690,1451,187
50,104,226,215,435,2075,169,131,0,868,2766,1033,21125,1445,0,174,7,236,27,114
1134,749,176,1366,90,24,28,1751,60,15,2426,219,1105,10,95,947,329,399,195,618
1053,0,39,1815,1225,6,7,226,5295,4,292,590,236,583,1447,937,513,7547,3273,788
530,8,14,104,9,1892,289,1977,187,10,220,1569,110,586,3380,227,1197,30,1883,457
2676,1,1,377,1,105,92,1203,17,0,32,28,45,1193,24,4,3728,84,57,681
366,14,694,1826,2261,44,706,133,1453,50,1056,3717,459,17,2766,194,1727,79,1087,1534
1534,177,566,397,3616,661,17,28,259,456,1007,859,10,230,458,75,268,1,297,9
699,251,1152,3,231,725,252,650,111,51,454,45,281,1453,2845,84,459,277,457,4301
941,2042,456,229,264,775,929,653,6,0,287,457,548,47,61,177,2184,10,2615,100
