-0.5822083000726285,0.008229611842072274,0.8259484495023852,0.8904462637552044
296,904,706,439,528,792,814,112,839,653,805,405,462,918,293,526,374,912,1043,432
214,510,517,796,646,958,1395,1009,513,1532,921,297,585,304,986,236,528,894,1202,131
791,613,668,579,704,601,713,350,876,540,511,618,284,3430,828,795,497,1215,432,254
422,1172,653,1268,659,670,823,1957,1572,752,649,631,15056,1229,898,597,1303,704,544,531
1588,402,548,429,1511,655,412,912,277,2031,730,869,784,1094,1251,386,305,348,495,1265
564,599,713,688,669,649,653,661,659,507,841,494,864,996,337,1305,1247,675,967,409
500,1139,129,1223,311,573,822,759,492,497,1099,380,600,437,386,1119,713,1674,250,711
863,436,350,424,1282,1241,890,698,540,593,310,513,885,812,1224,789,486,612,1085,1256
917,341,438,343,409,808,1032,524,580,794,313,33860,27665,468,544,1055,996,588,895,1106
561,565,307,373,540,997,187,716,478,1035,1603,715,486,458,227,809,1035,856,619,184
237,498,1031,818,534,662,396,618,322,572,384,1598,1341,254,1101,512,323,772,505,269
844,396,333,425,808,492,437,281,702,390,670,793,759,1212,854,1065,1144,936,606,843
866,1231,785,363,686,470,1313,1844,594,751,458,508,1124,203,653,781,481,1212,1000,385
456,787,1529,617,588,528,481,1769,1402,722,808,981,901,775,564,406,530,354,849,744
321,1393,969,7022,686,955,1374,658,486,589,951,556,254,372,1473,565,532,459,394,649
824,369,880,1007,1230,667,367,539,668,600,629,397,474,673,1228,478,789,875,727,1490
756,546,734,1394,390,1005,567,729,824,728,401,359,776,1212,593,9332,443,778,532,185
945,959,855,757,657,1276,359,1514,492,364,348,814,1046,928,579,772,984,460,673,619
310,1134,460,447,316,823,851,1614,688,1407,960,445,693,247,647,562,521,295,663,302
899,543,388,721,654,651,1052,506,1072,857,729,585,361,699,724,289,377,444,466,770
