-0.6418279520585053,-0.003971856831290602,0.9013931095594915,0.8487893191908457
377,1463,177,201,1171,590,689,232,803,1181,1141,844,675,554,960,531,318,304,737,225
514,237,536,852,1272,32,175,384,647,1920,470,60,616,503,1045,1303,180,1037,226,719
1136,895,637,156,318,521,563,855,901,431,263,584,1137,3745,652,942,150,483,1126,1733
738,75,878,804,600,834,1162,602,83,968,968,1430,0,1016,1117,601,197,589,390,1087
164,1625,573,19523,653,423,1031,622,599,563,779,357,452,326,2088,480,851,347,942,968
846,386,704,496,1238,401,938,250,608,104,342,1246,525,446,609,777,355,731,1245,655
1167,871,629,825,660,607,1136,740,703,525,830,930,692,596,428,816,240,577,441,703
911,102,588,1821,338,1720,811,398,689,504,378,1438,834,878,854,221,784,868,864,558
183,705,430,1028,859,685,382,725,451,128,417,846,396,205,806,957,509,489,247,586
496,933,459,433,368,1303,1181,1195,893,889,313,1557,592,773,773,492,753,735,1152,662
780,666,677,704,103,436,448,603,387,470,891,481,203,784,389,629,354,1192,368,310
164,515,497,1490,354,467,434,929,422,849,296,563,904,669,863,53332,883,692,502,784
427,746,682,676,184,662,447,723,752,265,345,313,971,401,1111,330,570,278,1233,546
722,725,1394,448,627,468,877,300,1227,263,1034,290,722,507,621,160,737,497,620,1013
1538,816,764,273,813,795,677,665,529,882,426,136,512,182,400,703,812,768,1262,519
683,860,1023,1642,351,276,1438,642,65,749,636,930,563,137,1392,494,1035,766,412,495
159,337,636,1171,807,237,422,642,557,563,927,67,754,687,542,611,715,508,831,471
552,146,707,564,335,803,366,366,628,370,690,631,356,1518,383,548,842,555,297,624
463,748,779,207,697,405,764,453,2170,576,424,1182,1717,1068,1072,413,909,1083,508,1127
2224,619,688,543,567,405,1173,1764,1285,1253,789,336,31956,993,522,434,689,1317,626,491
