-1.057621546261466,0.02662042364661081,0.8335072230560548,0.9035926977650384
859,1931,39,389,0,1640,194,1099,1035,636,282,2405,1192,670,80,3200,1106,406,772,50
333,755,1451,427,537,22,1606,538,450,403,609,409,249,369,87,61,391,405,104,0
1208,1178,1472,109,873,11,1210,243,278,273,113,191,1091,906,83,3175,520,131,241,317
478,679,96,512,0,449,775,257,1893,1567,251,648,52,1316,413,1341,277,1268,629,1116
0,73,188,112,0,2142,405,175,116,953,1347,706,532,1232,414,50,1530,632,106,54
321,1984,649,0,61,414,226,40,275,52,184,2070,725,862,289,186,277,503,2,534
267,1529,2770,1591,266,456,500,580,914,1597,571,1110,358,0,173,39,159,161,435,18
2610,1138,3377,1951,508,460,624,1043,855,1475,806,1390,90,835,416,357,10671,589,1212,1476
1709,534,1559,2478,1333,527,1478,1787,3358,1340,6986,1342,1135,187,277,0,499,945,5,660
202,802,2097,0,131,635,1696,4305,2513,4975,4752,1699,312,233,63,1510,1374,772,0,1257
1391,59,92,855,997,374,3386,1644,2081,1281,8214,1375,6742,1052,1187,509,330,237,4215,3304
848,1157,290,1152,0,465,567,351,486,8805,1043,2391,999,0,411,433,29,348,1093,1313
1772,832,551,465,802,1718,1248,886,11453,0,747,534,3993,1280,1433,292,849,561,787,17
605,392,472,148,1848,386,1011,996,1046,776,1777,1524,0,343,230,175,3181,2062,287,0
1183,210,2288,219,1299,417,400,0,376,2018,1421,764,975,43,487,459,3741,785,212,1228
1130,65,792,350,915,0,636,1273,563,400,0,350,1392,13,1067,515,59,185,1693,203
126,2195,2482,108,2427,364,519,265,531,200,330,1177,256,519,520,162,1489,1723,1824,1098
66,231,1467,2132,368,510,1564,1081,1214,915,154,83,435,456,524,727,658,285,555,84
709,79,295,731,53,152,113,472,1087,6080,2351,1884,120,1608,754,585,225,87,1165,1811
397,175,201,2058,678,438,776,2419,26,678,283,568,1598,1491,766,1522,488,744,793,711
