-0.8872569033101894,0.05188068115981555,0.8330506029627772,0.8993754499779487
163,640,155,121,474,1472,1414,1000,221,180,1340,1600,318,328,220,696,215,951,922,415
106,821,1270,136,272,1052,845,128,587,1328,145,100,861,334,385,602,432,772,804,215
801,405,446,317,887,1029,1160,1271,1000,418,1657,617,116,930,1931,384,986,452,1400,769
944,562,2393,357,933,922,889,823,1473,119,856,450,1560,546,214,370,321,465,1299,591
307,399,511,145,301,63,315,451,361,576,312,497,823,907,170,157,1471,713,169,710
2403,240,370,467,1838,555,410,771,225,562,540,1993,476,909,594,1658,522,1163,562,582
327,791,263,243,1098,220,0,866,590,110,779,293,568,1230,1197,999,378,374,854,2606
400,698,240,436,700,1236,758,254,882,887,1373,719,837,1865,2194,1313,554,436,345,695
866,323,1206,806,137,214,424,650,746,735,880,367,279,834,483,5532,731,218,477,818
175,1565,281,814,106,406,397,1394,699,608,208,529,1568,729,1572,12684,2204,122,4340,1
384,502,304,30,510,992,910,939,926,819,497,1251,232,25,6054,5648,4059,13453,1332,281
1596,635,297,1623,1529,95,620,1145,830,888,195,1201,288,971,193,3056,12977,205,675,2470
108,738,266,167,247,92,1373,1731,321,199,1080,584,736,2448,553,11914,13937,1651,743,4618
305,1783,402,169,1188,266,531,1538,1512,504,595,737,913,358,234,371,1817,2732,1217,418
1383,986,667,435,1653,1006,1072,1424,1700,642,494,1401,75,798,597,918,351,701,393,41
963,422,564,192,865,1470,45,655,3423,0,532,614,1316,290,515,1078,689,22,560,249
801,675,450,1287,407,265,757,1089,1132,489,318,313,398,888,781,2074,9401,1849,451,363
455,1170,2106,894,476,190,345,227,863,437,268,838,511,1510,298,881,444,449,161,526
130,642,1255,357,0,330,671,525,411,460,730,732,987,1615,239,950,316,660,1136,961
333,519,437,620,179,506,1467,84,636,300,171,985,844,1642,1071,351,1168,0,1392,262
