-1.3555893528350607,0.0538277925154998,0.8110100154633902,0.9023148306028873
906,339,1020,59,11,591,632,92,12,104,6,2531,2412,1265,413,189,3470,271,329,33
312,494,868,194,75,324,2005,1278,2002,131,0,555,0,1002,375,260,578,383,1185,252
46,2,571,1,104,27,49,1,477,183,197,168,985,1603,115,102,497,106,1057,1261
47,351,99,30,180,646,1323,1276,59,207,141,225,664,291,13,595,843,127,2827,1093
665,239,11,121,487,289,862,395,1997,694,211,1558,1026,484,6,1327,3760,362,1137,1510
1058,3,355,2,626,174,8,1416,142,175,730,185,621,988,33,624,1255,144,21,2
948,2212,359,295,656,417,448,1405,3052,90,773,313,1519,878,3336,1,267,1962,358,186
1193,54,511,1403,105,610,17,9,262,926,2856,165,400,11,688,2804,144,115,1089,994
922,1386,859,52,110,318,136,4297,46,425,614,2810,1569,37,1300,26,1130,885,730,1167
87,366,360,459,412,237,1028,2426,2992,1812,2981,1547,119,1552,4492,591,0,3459,381,1903
5,439,852,193,359,627,980,1491,4035,813,3309,7660,6802,636,1554,607,304,316,50,725
15,761,764,341,139,1,51,1379,4078,2155,3595,3270,3430,3092,422,273,0,26,32,759
1318,188,388,3,363,405,1527,802,2540,2216,6126,4273,1247,136,3537,3374,2730,523,4987,256
170,1460,498,628,1312,818,36,548,3031,429,1215,1112,552,174,875,4707,5411,426,1273,1014
1,2,114,6,1432,0,2905,79,1875,242,1917,3439,2815,718,1041,3679,705,94,375,863
842,838,1825,1468,516,476,65,1574,799,311,426,3303,64,384,98,1416,101,404,1830,698
3446,310,29,709,421,887,499,682,306,32,285,255,2012,2860,11,449,1010,382,754,913
171,335,650,423,2219,2067,1867,2242,2508,810,514,1728,185,877,1986,382,1368,272,787,65
510,7,69,2278,493,540,90,1449,53,1437,1045,1028,1233,2442,0,1142,0,1010,2511,346
417,1484,174,815,445,673,3508,5376,820,564,478,2111,882,3,66,278,206,440,2164,337
