-1.3807246168329805,0.05165906592472324,0.9034415383821907,0.899169109911273
250,540,1297,2335,746,666,870,486,997,539,3308,1,1037,826,1211,65,0,502,4007,2645
136,1974,1070,1394,81,710,2296,6,233,22,1393,2494,2585,531,66,147,2,119,32,1708
2860,1338,1377,211,270,3,146,393,1163,108,123,903,420,1090,1104,1445,1032,3746,1037,747
989,602,1592,271,46,570,513,962,514,159,161,554,18,340,176,2,786,1460,1027,332
629,108,585,12,492,616,978,765,1079,121,584,25,1744,1031,452,85,769,5,534,617
868,3061,90,869,645,1716,76,863,27,422,575,1176,634,1098,966,146,143,439,336,47
866,916,352,263,361,654,4,16,221,180,99,1359,233,1058,709,199,515,2473,2100,928
52,37,346,657,283,628,1386,184,10,5,3244,1559,310,1557,0,1235,2547,1819,1201,2276
341,2137,278,1499,211,187,141,18,473,1469,2743,64,513,56,11,1252,23,4,2235,861
810,163,1181,2079,316,150,288,1,87,1,999,1336,24,761,4543,3195,3524,730,623,134
1852,391,987,27,255,3,32,1329,1388,655,426,2170,60,473,4181,5193,8634,1961,6783,786
586,39,812,424,311,329,2183,1065,418,830,434,324,1435,2183,3749,8017,2207,770,304,733
158,296,420,1235,641,1626,125,152,6,1,689,253,215,334,486,6097,4361,163,926,3131
49,4,2205,2307,59,802,741,2753,46,475,138,489,122,115,244,2472,2498,3094,737,3069
3128,1730,995,31,1036,1385,686,4,1798,554,679,201,487,350,223,133,4605,1427,1110,7009
709,985,246,512,175,657,153,168,20,3549,595,0,285,1818,1042,367,679,929,1467,40
218,628,1,7,696,1107,685,156,475,833,561,1297,756,1444,5380,3783,617,88,1435,2284
196,2142,275,17,1073,185,1657,385,346,262,163,1832,594,932,899,1514,1324,419,353,1532
443,94,147,6,86,142,401,323,11,2720,1436,574,2938,319,74,2390,88,902,852,333
0,1492,96,569,257,2227,3699,83,138,191,26,18,2943,14,2986,4023,2591,79,294,17
