-1.3491974857169742,0.0509078090407362,0.896919739877891,0.89965249667793
236,434,1403,706,113,132,979,2992,1748,582,3308,31,748,261,1433,5,2753,1039,3943,3069
267,1234,1795,634,42,713,3839,1,1336,11,718,660,2272,318,71,144,0,119,32,959
2148,1425,600,211,61,4,161,257,748,99,609,2264,245,354,1985,1541,1483,4324,579,1189
840,184,1587,153,14,872,1250,888,254,18,131,527,18,427,181,6,261,536,2248,765
141,89,588,12,240,2140,973,677,50,893,453,168,1391,228,400,1171,757,2030,1004,1425
860,2824,1,1327,718,2109,32,1218,3,405,448,368,840,1190,1122,2522,163,102,536,145
605,1026,303,340,866,1447,241,23,622,304,99,2586,219,1425,724,64,414,3189,1820,1184
52,37,1164,1025,278,364,65,173,126,9,3988,1178,320,622,135,1807,1005,2442,656,1239
609,1974,276,762,509,1796,135,405,685,1372,3049,115,513,59,9,1170,13,4,2364,742
963,171,989,1676,80,60,325,110,24,2,1399,1843,250,564,3017,3195,3549,661,1712,1103
1945,188,1645,41,384,240,111,719,1467,1229,1728,310,179,304,6482,5463,7962,1955,6676,533
58,37,844,72,89,533,0,762,756,727,299,11,1183,2228,4125,7997,2118,6797,270,955
100,1291,23,999,406,283,1056,373,103,258,1120,259,267,204,314,464,3849,3,2241,5158
3,286,897,1447,86,371,588,2926,30,638,21,540,18,115,452,2157,3237,1664,587,2330
3094,2281,825,87,985,2445,519,13,43,434,54,55,449,254,554,166,4029,1744,1103,3766
931,227,151,934,175,259,182,205,39,2037,604,1639,412,1786,844,581,118,259,495,26
416,738,22,7,687,153,427,160,1193,1248,715,876,1581,1461,3783,4394,604,247,1374,862
201,2239,512,834,1028,232,1652,1623,56,448,1050,633,662,1062,218,1167,1540,712,276,1427
76,37,42,270,68,56,1117,0,5,3875,510,991,1949,379,259,3446,105,1230,978,194
85,1388,61,535,181,1035,50,719,129,490,10,188,3057,24,1914,3084,2548,547,306,28
