-1.7065570369015632,0.00801876378932664,0.8041566409030014,0.850443611190236
1167,53,7,39,818,69,116,0,582,13,2691,519,2318,46,1710,126,365,824,33,248
104,520,14,1,166,395,433,594,2628,2214,4119,832,3266,1918,285,26,0,79,0,1862
43,810,24,26,1,212,9,2417,301,5803,186,558,117,149,175,161,232,459,520,73
29,614,470,2788,412,367,10,342,623,1156,1754,147,1,489,2550,106,0,615,542,75
2741,1017,1,2014,64,6145,904,0,6,63,340,11092,317,3337,187,330,18,9,0,10
146,706,1230,1855,44,2392,2503,1876,153,5389,293,1014,60,3288,0,74,1124,94,374,1481
286,103,1410,436,160,3,342,3884,1050,131,1968,553,5749,9,1135,2394,807,24,194,316
236,5,2138,1349,3437,2579,413,1834,56,1062,653,1722,39,1726,732,185,870,3,273,78
1136,1000,38,212,2458,318,0,2717,10836,3761,536,2,47,232,1599,1990,98,1304,1454,365
963,88,265,4621,2,1523,1986,220,2,443,7448,5153,354,1042,329,427,2220,2309,9,459
3,2405,414,332,90,187,4111,7,165,677,3998,1,228,60,2912,54,744,3894,0,422
485,296,21,275,1,4,1461,158,3515,1205,661,914,20809,2157,18,31,41,235,347,594
181,749,91,222,351,108,28,2325,214,99,2515,132,1320,10,104,0,251,0,376,482
223,201,59,1815,627,3,51,3142,5282,10,226,455,2340,19,2894,2298,565,1442,50,2
16,4,159,1570,2,2479,1323,2221,7,8,212,975,0,262,2871,70,0,31,1784,555
4474,1,25,377,1,394,61,1203,453,392,67,12,57,246,2095,24,3289,9,42,617
252,132,694,568,2773,143,4489,13,1127,20,1202,922,498,11,864,270,1757,0,159,188
309,1813,3420,403,3617,1107,690,63,311,477,727,911,126,277,45,71,704,65,1930,1
703,24,866,2,1074,1166,394,669,227,236,623,54,1764,939,3328,287,96,476,1877,321
547,3607,238,460,149,114,984,551,257,29,1958,16,19,587,34,164,89,301,3065,185
