-0.734623728092392,0.04897008129288885,0.8936667301511333,0.9500043497002555
109,726,483,1107,1408,40,776,1094,909,366,934,6,1101,333,828,487,711,1463,1509,207
593,445,406,1483,380,1100,568,950,517,1825,596,862,405,1002,515,793,1764,403,1273,501
1871,443,1224,413,602,966,1181,1238,326,1336,686,159,892,1062,1052,1472,521,1050,1938,556
2323,741,1036,462,792,427,473,700,362,540,344,672,779,2710,512,3520,343,994,1465,662
1119,991,779,488,220,448,1707,206,93,481,434,1394,1139,712,2565,2279,3617,2911,392,183
1659,1313,1062,381,1030,1144,1199,307,203,479,1045,882,1080,1760,1485,0,1410,196,3041,933
1576,587,152,791,881,477,795,1104,1093,710,152,1286,1348,626,1193,1244,1581,1909,3576,764
353,23,1315,1294,130,299,760,1188,111,2042,615,496,1305,1163,0,572,8117,1359,3802,182
409,260,1054,579,406,437,653,1154,368,559,798,279,974,1108,1888,807,915,8096,2178,1234
701,539,243,577,2236,656,1874,180,603,1194,612,1838,76,1790,993,3755,0,1486,3053,1928
177,529,232,970,1864,1320,674,1006,1312,648,2339,1683,563,1371,1666,968,2191,570,1439,1740
1544,732,535,885,874,1031,1609,342,1199,488,399,2782,293,2999,3718,2171,548,2408,1312,1384
386,1291,432,343,599,484,1057,362,570,1194,507,1810,1243,298,1771,777,1064,1680,1706,477
789,178,1501,232,1208,2120,1164,673,183,312,885,1547,208,948,419,641,812,993,539,1330
1132,1240,1107,428,1805,926,863,125,1406,541,274,333,505,0,1385,364,2950,1981,616,1265
566,531,514,306,850,590,778,332,642,991,328,716,1092,103,1499,1570,324,0,688,49
1554,223,618,788,498,0,331,873,3210,585,331,423,906,653,1014,1882,519,796,293,2209
414,150,371,801,451,725,550,836,514,735,216,1344,966,2390,296,548,523,609,868,233
416,1186,2248,721,761,1861,635,2384,1068,698,82,1586,557,734,344,807,285,913,909,1484
1350,235,1550,206,323,1090,648,264,892,460,394,1101,76,189,593,161,627,1861,1027,469
