-1.132017993415194,0.010653469083935782,0.7994812331639012,0.8444378462512967
1032,376,47,379,1294,703,4,883,182,1417,617,398,1802,293,235,1364,132,201,536,957
446,218,580,206,501,105,713,707,139,336,453,1370,904,617,8341,87,398,367,1587,713
476,526,887,1,947,462,444,1447,1485,8291,637,2550,98,83,478,860,1585,2014,1355,1043
458,780,1310,185,466,1198,163,1450,1687,1600,1581,423,5229,609,636,160,145,86,867,614
1776,730,1144,163,1292,289,855,373,12,2333,1471,817,1112,386,7019,329,984,1595,74,257
488,1429,124,123,371,1168,258,728,493,215,443,21,345,2103,10,215,85,222,1093,476
1762,106,115,187,1571,350,2324,275,639,2029,280,557,503,324,1006,1697,176,43,369,2362
1195,167,73,248,537,401,13,737,1324,569,753,458,2590,848,216,1400,533,75,7,1281
111,406,142,989,51,856,206,614,634,1428,464,45293,26784,1834,305,87,381,101,387,862
1065,766,247,226,704,132,258,291,157,122,332,1636,101,324,1453,358,310,2109,167,987
1336,1496,1133,185,1894,837,114,7,410,2051,1319,705,252,1253,1147,67,913,64,2605,404
362,392,860,650,450,452,480,19,796,484,89,1607,990,1175,1446,1081,1039,300,445,20
76,672,8,108,2762,977,373,94,135,374,590,1238,1913,300,172,1547,147,156,1007,809
179,1270,428,298,49,1200,1556,6,0,783,303,266,330,17,947,989,1910,1499,83,1105
1270,276,404,981,201,272,874,128,449,174,109,1302,5632,676,1289,533,1614,808,98,324
186,35,126,1609,221,269,389,234,661,492,569,1010,243,61,627,949,722,93,518,159
345,25,715,1400,335,1244,641,860,683,558,192,3923,2,338,668,407,224,221,1,249
0,216,2063,839,156,836,221,20,705,580,1221,233,144,663,1466,1679,1225,373,50,1282
26,269,732,1646,871,1876,494,2844,1614,1497,757,539,209,1032,822,12,40,325,1413,345
70,179,774,2181,214,878,868,1060,807,1392,31,1087,258,359,268,556,878,525,44,559
