-1.5940268874096,-0.001562335685489174,0.9356520149051277,0.8503749691600211
647,1757,2399,3017,84,1,1379,119,460,124,217,403,23,22,784,3045,3333,335,3,122
2476,97,1262,170,1728,1246,315,244,1406,1507,1210,362,1595,2390,362,31,389,351,2706,1696
902,742,7,19,75,381,0,80,543,320,8237,86,390,744,1201,69,24,101,6,165
77,60,438,32,81,134,886,3960,267,429,1,1393,211,961,512,5141,2996,423,772,128
251,978,0,13874,493,1256,268,307,1702,1480,575,189,1463,2,1,168,7230,270,1,22
8554,1534,3374,1444,214,110,249,675,1375,108,61,66,106,3,34,26,116,302,57,193
20,17,1251,187,263,246,81,247,191,1530,287,549,189,174,3102,133,109,2314,1094,294
1375,1073,405,155,546,3749,3805,168,19,460,316,21,328,201,310,665,63,310,1647,186
2034,15,78,98,71,27,1175,4572,57,919,553,276,528,764,21,78,180,1845,2969,74
694,2116,0,520,3346,2386,12934,18,10,1,24,3,68,75,15,189,417,262,0,45
589,135,1714,727,1045,414,3610,458,0,58,1200,844,572,269,70,4880,276,88,286,803
711,1152,106,12,165,1618,56,15,350,3282,1880,134,681,1850,1119,242,1,1,1193,66
1042,296,792,64,325,99,1887,261,516,11169,941,76,404,226,19,1092,2,1024,114,40
499,2790,1148,815,1080,183,1169,237,474,367,196,2009,62,229,595,373,550,760,744,300
8,16,0,9325,153,1319,77,366,136,2181,375,1738,72,1460,3607,91,2,72,84,557
282,41,1164,592,1572,488,552,168,0,2325,206,741,312,502,1419,4495,1713,1986,2349,1479
380,25,554,4,220,2780,175,100,463,52,275,228,4180,3,3686,302,839,1183,96,349
5126,52,417,46,37,2875,52,125,4711,75,287,239,1196,655,445,1173,6896,2890,8125,5
3013,24,406,234,30,1710,968,105,28,1019,3225,99,575,74,1548,729,159,5695,145,155
344,649,2761,2897,6368,829,15,1597,2199,337,487,421,10,800,233,53,0,125,179,937
