-0.9444225361881464,0.05053195581588352,0.8462772927008838,0.9094846041189627
64,789,314,605,383,1176,791,642,310,102,1562,1995,3494,275,241,982,174,617,275,368
231,560,1162,175,243,1193,739,174,1329,224,75,81,1868,290,525,333,308,888,687,401
713,1112,391,743,278,318,637,1960,1286,1520,30,748,1752,677,1801,350,1082,758,1813,599
63,99,2220,325,1126,1238,271,765,669,65,396,116,2746,833,0,62,846,751,387,254
258,856,145,181,404,397,525,1437,350,681,16,118,896,231,11,684,427,621,351,693
1969,627,632,864,384,1353,113,110,574,515,961,2446,150,596,761,3517,689,888,915,372
754,845,514,669,1924,320,325,755,586,179,839,378,863,1314,1074,496,207,0,611,2138
395,750,702,254,755,1178,272,448,30,796,1819,198,704,3171,2009,379,821,538,248,746
882,6966,1097,275,164,197,968,852,878,1190,575,589,231,444,927,7011,515,263,836,322
159,1526,411,783,173,452,295,1655,764,103,374,3266,1536,33,1451,11709,841,39,4351,93
445,487,260,30,599,888,895,1431,243,694,1048,2619,212,577,5822,5772,4345,9297,1175,246
1291,685,554,1205,1457,87,591,939,1084,1383,506,1063,797,272,430,2537,10488,925,1139,3857
166,435,231,346,212,487,1692,2566,300,243,125,137,723,1226,797,7913,7618,3183,673,3547
262,1316,83,157,841,396,580,1658,536,510,761,547,609,293,351,283,1977,2817,1394,0
1074,664,1253,854,1528,923,1030,1313,1358,1915,713,786,608,408,1885,1010,494,1083,454,44
745,461,529,279,298,176,349,571,5741,0,799,560,815,164,1069,1979,878,0,503,776
655,353,258,1374,5,286,788,1992,1314,604,168,328,496,568,1271,2337,4213,907,1441,792
791,785,315,1473,674,162,2537,436,542,705,271,449,551,1801,1029,955,27,1095,49,922
361,152,506,415,426,411,401,600,421,1109,615,1935,1308,2165,518,960,451,823,1095,246
712,747,626,598,589,750,893,200,727,305,338,0,420,1259,866,585,705,532,1494,88
