-0.54117244405637,-0.002523442081078942,0.9373884767820136,0.9074941619565046
1202,821,1566,1075,1075,1335,666,731,795,1101,632,850,510,1357,283,0,428,473,1325,825
647,456,668,437,726,654,1014,393,1855,655,827,509,842,535,959,1223,350,985,1073,570
543,476,618,50134,1306,1007,551,914,423,561,943,1378,538,1289,712,742,866,668,414,784
421,512,1159,561,423,193,982,661,776,887,411,572,1442,582,1318,918,1064,1679,687,505
1327,489,825,1171,673,700,1184,1104,301,618,1194,537,522,1505,514,664,920,1954,954,291
699,1786,1431,967,561,2574,1071,207,671,501,1495,644,1011,8962,865,86,660,504,769,279
597,403,894,921,339,989,679,379,226,316,501,272,493,598,558,896,806,570,1113,1060
1195,361,663,552,478,890,639,715,1136,1769,377,673,238,1183,567,380,146,1170,984,507
1196,1033,1081,427,569,661,521,745,600,504,1350,188,1200,1216,1882,348,703,714,472,726
545,1295,263,799,333,765,541,1537,1230,598,380,393,1103,347,255,941,980,638,172,255
572,1349,819,653,239,372,644,393,1280,1165,356,1327,451,1217,1093,669,933,763,1358,0
422,981,893,918,948,150,143,1219,779,207,365,499,601,1078,614,810,490,538,1141,1401
1184,298,461,500,1092,372,454,546,127,361,417,870,1528,2126,900,1370,737,556,190,1153
1261,442,549,1064,1081,860,756,801,986,518,284,1595,846,1505,450,2039,822,884,565,680
768,537,1217,373,401,467,1082,545,773,450,688,733,540,669,830,1730,1078,927,1621,885
518,369,1652,0,793,890,927,1133,1017,118,1077,684,859,1243,822,632,707,738,864,515
767,325,744,1072,922,796,1466,685,979,752,825,813,554,263,1093,572,1240,1191,789,386
773,1310,422,973,823,728,689,423,540,612,356,523,203,1812,665,1910,415,675,1313,329
1317,816,872,711,540,1661,845,1047,545,1023,443,351,967,929,517,433,340,620,731,927
1457,618,485,1200,1323,950,664,1929,1091,988,1349,2149,1258,552,296,579,545,1511,367,1098
