-0.7898617781088112,-0.0012488793902842347,1.060256247345286,0.8553315678190496
37205,1050,468,510,778,153,653,244,223,459,502,992,609,126,126,318,1738,8,836,26177
730,468,890,1631,247,670,64,838,924,360,380,300,1131,838,791,289,609,1823,411,1718
963,430,763,549,210,316,871,262,158,333,1168,714,335,1382,843,977,860,540,700,1445
1407,31,135,707,892,812,625,1436,867,68,1006,2063,621,133,119,631,753,210,224,348
267,222,513,339,988,1773,206,307,1876,900,811,903,454,1484,106,1029,462,440,1697,552
533,2419,1182,1665,422,1615,1353,870,602,476,453,306,242,553,857,311,413,1685,1016,528
435,561,1354,906,561,375,633,786,898,375,635,990,594,341,254,244,611,625,1796,1138
429,66,428,615,392,200,143,0,1659,550,316,815,1141,1030,765,1051,416,977,352,240
675,742,906,510,743,483,665,1959,416,548,925,348,491,721,536,841,2798,1069,215,518
1337,520,546,274,87,542,612,1158,330,242,770,443,591,490,232,825,176,465,114,96
350,557,888,1197,768,857,180,546,94,1076,512,914,315,1177,1993,1226,878,355,549,447
502,158,2654,2535,500,620,810,1439,514,439,1206,1280,629,0,223,358,1691,173,503,442
260,865,85,416,298,365,1260,871,525,210,180,23,387,511,531,230,1109,289,500,837
466,501,1746,683,350,780,1127,793,363,161,1456,614,1369,715,282,9786,418,317,660,555
812,686,313,880,735,919,138,395,810,776,1464,1841,1293,1043,783,302,1098,1515,1098,570
310,595,465,510,261,477,330,1197,361,264,404,200,431,699,97,1077,1816,692,51,370
579,783,159,4132,504,832,626,729,922,318,507,207,1464,413,420,589,466,167,256,1655
535,922,2120,821,965,323,1020,260,863,187,511,784,664,1690,1035,434,662,1263,634,897
906,1359,259,998,1654,737,750,1032,450,457,269,796,388,632,42,1321,1101,31504,613,1519
1209,374,101,542,1129,419,614,852,409,657,820,136,241,900,1294,627,1310,1283,305,232
