-0.937581007678592,0.007534229192813481,1.0493998164748675,0.9163554211728578
25306,2763,2091,418,531,684,209,2079,923,1236,1286,640,178,588,2453,1278,1748,1006,1475,9382
1555,1608,1368,36,562,606,1301,2407,260,529,526,438,33,0,2156,673,1502,1108,1509,1524
269,3006,2217,343,667,125,796,1270,401,433,997,1988,1666,369,138,386,535,873,445,969
253,3001,617,1060,682,963,791,454,94,809,316,842,487,948,2083,1753,488,1516,2277,792
2603,297,401,413,560,272,2166,1035,61,186,548,283,3242,160,855,358,1853,1691,548,291
439,775,41,2095,10,1193,184,1028,820,146,192,0,313,356,72,838,743,603,734,1592
564,714,676,311,111,408,1912,849,1094,428,84,1767,2473,492,1,32,1561,212,178,982
283,535,948,832,64,439,571,321,471,359,347,345,683,340,1209,1143,446,2439,1708,806
395,969,1075,743,0,1792,886,900,37,436,1388,158,1403,263,726,1227,14,88,1227,357
665,490,1019,493,1271,586,270,490,134,439,260,115,426,1558,431,245,584,461,498,301
528,288,1209,33,0,597,2391,221,370,49,1221,265,687,967,1021,64,1082,228,1652,2282
936,1802,1073,847,371,260,965,834,29,778,761,775,5,1229,288,263,277,911,268,787
303,525,1350,1430,719,1188,1008,843,366,255,918,2184,179,703,773,611,254,181,1382,591
1131,817,2539,850,555,520,971,641,324,1358,1012,159,1699,516,904,222,1872,1279,409,156
3080,280,42,2890,579,853,544,1024,537,522,295,331,573,220,1191,1010,421,2429,744,377
1015,1910,437,0,12,2060,916,625,237,342,876,765,31,1335,755,1113,757,1225,0,53
679,732,849,427,1300,776,40,1934,779,1266,719,683,1182,969,2334,1289,78,1080,1786,1562
232,1810,231,215,374,1144,1629,1657,977,844,1330,218,104,1085,676,1504,3370,609,708,1944
863,1015,1967,508,2920,665,1019,434,751,429,247,616,487,2354,1447,747,983,708,3560,2309
4894,2923,1578,36,2376,345,488,565,821,994,1108,82,946,119,27,790,6679,1284,3,3323
