-1.138022299561106,0.05274386234030518,0.9090168782348593,0.8993895064212183
770,1529,539,837,396,2870,37,2058,1532,0,326,581,222,19,583,666,135,1330,888,435
1695,226,1965,1078,824,366,3808,2755,1409,1305,1033,575,1323,535,952,1370,416,214,54,1206
327,1427,470,1569,890,100,2097,225,2801,92,1717,894,704,3152,366,280,90,3046,152,1634
1187,444,355,503,682,2685,154,131,422,1995,196,4462,319,2101,1921,3,877,108,92,1016
994,340,27,316,473,0,204,518,442,958,977,1845,426,176,310,1074,28,265,38,132
1457,579,563,1,66,323,3507,410,368,247,721,717,185,164,165,525,1395,195,321,915
526,0,349,230,373,27,94,208,2629,935,0,957,223,2158,1697,81,323,1822,1603,873
69,8,480,179,1435,120,78,1491,249,935,2457,1107,22,234,624,0,365,2672,333,49
127,1450,87,3949,140,783,268,456,170,605,404,974,367,1104,482,3505,182,1487,0,0
522,84,948,251,1433,1184,96,668,1838,474,106,755,634,310,1638,5495,415,1014,994,3728
38,21,1144,706,1304,325,336,111,237,313,624,977,3,1675,5389,8305,9969,5947,1058,0
20,414,123,657,71,502,217,246,492,81,588,1490,645,721,989,388,7478,4456,972,3680
1953,341,324,32,442,342,679,104,766,243,1409,233,154,419,201,777,1203,6653,1503,10691
347,878,1412,342,316,267,201,106,346,1015,1361,1416,75,1044,1690,1119,615,3978,3654,7380
1726,1122,247,311,429,322,1526,521,362,452,839,371,1220,1139,213,38,872,699,0,498
4,550,1083,29,516,249,0,43,164,272,2446,938,30,89,81,636,798,1582,1673,237
377,429,1064,2877,1618,42,1141,194,102,592,1259,314,1118,65,391,704,1080,870,401,1018
160,208,1338,830,398,474,929,95,929,196,2272,162,275,180,364,50,408,7,744,1546
1566,1521,2608,640,861,971,553,3590,468,685,4308,592,897,171,933,471,1045,1512,67,1087
1011,273,1056,425,639,2232,995,1098,1750,2129,579,181,455,721,513,864,778,2560,994,549
