-0.6004463226025744,0.001171192147061054,1.0541609462302484,0.8993921691356825
30296,667,236,948,1641,473,342,376,728,1323,682,617,276,1221,704,1344,997,1066,391,11209
761,2018,56,1411,1294,1070,369,1352,493,859,1112,1497,926,1322,833,1329,941,493,1165,570
554,1320,695,1222,245,705,455,722,686,1545,594,453,846,815,353,456,357,499,1016,1108
1399,380,502,766,517,1181,607,997,700,341,639,333,1024,0,506,1376,446,1187,478,941
447,1088,668,724,349,413,440,687,1140,397,372,927,288,629,1211,272,499,638,1133,733
658,278,848,843,865,1203,430,498,1338,945,512,645,634,216,332,417,829,1197,259,257
778,209,737,0,1389,972,472,439,231,1537,0,604,317,866,613,618,214,2296,609,810
545,379,668,1336,1123,832,453,996,1500,447,1057,1070,853,1054,604,227,727,559,411,326
298,906,902,3087,616,648,627,322,680,736,321,756,1274,853,1281,529,685,841,778,905
496,370,1175,532,905,606,350,379,1058,792,1175,1224,617,425,532,456,779,1203,721,611
1338,200,324,418,703,437,389,634,652,504,1225,888,697,899,372,438,861,605,1253,204
616,2090,528,1435,1259,544,393,1280,833,732,660,338,728,2246,652,506,163,1007,685,470
509,415,503,840,533,1375,731,685,676,967,204,1259,371,1856,574,636,1160,1086,1001,454
901,825,632,911,685,962,593,358,848,856,688,361,960,510,0,572,210,399,794,771
1017,1725,1527,409,365,1536,339,799,784,635,165,858,869,0,647,774,459,1082,575,1194
965,1367,669,363,377,1011,382,1522,672,812,582,494,0,675,397,636,1620,520,375,644
1776,599,824,5182,170,482,627,1030,564,570,1046,749,323,1060,380,509,1203,531,1062,470
1445,439,666,1244,928,605,1031,355,382,1156,566,847,221,952,1625,811,559,337,1306,0
937,240,1288,762,987,121,1083,566,824,715,655,873,1104,604,864,584,1271,23331,839,637
818,527,927,453,1166,1227,931,527,1019,423,383,586,481,381,789,1479,1279,621,954,16094
