-0.9122809480238868,0.0012216582575771803,0.9259209127738517,0.841790813627222
211,894,353,669,1058,1173,853,1543,1255,614,454,204,687,412,205,1133,539,783,399,481
1688,990,716,0,673,1211,0,101,856,658,375,984,781,1080,944,983,550,338,10,324
51,890,270,336,742,1412,71,362,296,587,605,315,895,4297,40720,1021,2499,1737,756,683
131,342,2048,1369,532,409,86,541,187,1084,532,536,21360,711,759,1723,754,231,1434,747
257,457,1169,397,1404,1022,0,702,916,309,720,541,417,268,1140,2029,436,314,62,1622
551,1256,474,122,959,546,1644,88,32,464,399,21,1277,995,115,722,339,600,312,974
1047,380,596,2067,313,679,269,0,210,264,563,1077,73,987,1353,1041,78,34,481,637
1572,24,577,1112,1177,1052,405,41,1020,1138,123,423,1939,510,697,130,594,473,39,750
1008,936,647,329,1473,501,0,126,573,806,57,911,389,488,641,748,477,288,601,98
704,578,37,229,26,1078,685,212,1384,515,570,2186,198,913,245,1340,632,655,1203,0
262,900,1756,792,669,598,124,34,762,834,681,738,950,31,399,275,376,504,643,507
710,268,934,552,146,410,91,33,743,83,1159,787,1971,712,0,11793,1137,1259,656,793
274,759,1050,1268,72,1027,219,690,288,2207,286,577,727,1,794,760,777,402,295,564
14,447,656,517,435,211,1694,728,1097,498,250,1426,790,730,636,330,633,200,1004,726
376,269,527,1339,155,771,251,419,139,780,449,2360,448,436,848,333,587,0,764,662
569,640,358,1396,255,186,1112,306,232,486,973,249,372,349,1116,512,954,323,651,1286
1163,208,1499,1884,983,353,216,1109,283,305,41,773,886,858,2034,896,723,28,798,969
915,223,328,50,0,2013,1218,489,1264,349,46,1760,467,137,351,454,68,560,1188,1005
374,2316,3221,454,343,401,451,991,1094,906,1022,1495,257,642,724,79,724,582,1542,1032
0,353,550,50,364,143,2647,2110,1149,729,600,293,32706,1004,632,329,603,1101,963,219
