-0.6346238958286783,-0.002172420070068067,0.9761633691023897,0.8867310986565885
916,1023,1744,256,92,1132,1170,1525,1228,1395,216,213,601,316,0,3026,253,152,678,412
1000,704,1705,629,575,1152,1021,699,2474,301,657,920,184,471,1049,541,138,854,1086,520
1179,1321,980,427,1110,248,368,0,1598,780,179,399,830,326,694,964,734,416,684,59680
746,443,49,612,1172,1289,874,1092,1175,1632,599,682,626,1446,861,931,1039,359,389,1204
448,911,0,582,1043,303,840,785,492,0,1229,1229,402,357,398,314,834,533,885,736
423,569,872,994,1088,1164,1176,1625,929,183,1183,735,692,425,476,97,1244,1957,433,778
560,442,400,558,411,1120,1165,402,1198,723,751,586,761,131,518,855,990,703,1124,198
609,555,1029,1122,1045,413,908,1873,91,270,624,808,842,1132,452,1774,296,508,731,3
1177,1638,486,457,751,496,2318,505,1181,970,1064,1584,963,1035,712,630,668,566,983,775
540,531,606,668,655,1178,1125,873,2321,307,1173,93,1888,1152,930,797,1758,475,1195,333
982,1663,934,410,0,745,1105,263,2216,584,2229,227,311,614,337,583,629,642,1188,263
909,432,296,1152,708,157,803,1093,723,741,503,303,259,307,267,198,0,573,924,715
1990,238,706,734,1413,664,2191,1786,652,947,1647,468,617,413,1140,1949,282,688,1761,861
603,745,1579,328,462,2147,47,615,398,1254,1138,1055,650,1186,356,284,40,289,451,569
841,746,641,1031,826,0,941,606,655,880,582,1394,398,549,927,208,657,1462,592,668
455,1072,1548,1119,220,773,843,199,609,971,233,1648,562,110,761,679,425,834,635,170
94,224,923,739,295,630,1195,744,968,996,610,704,564,447,504,663,599,843,740,748
675,1380,1064,1173,1086,283,1287,830,903,862,31,618,925,626,649,251,760,1117,436,890
732,0,1655,715,445,1218,372,953,119,1108,347,792,1566,253,522,506,1787,2363,893,366
1736,722,570,1374,766,488,767,611,584,688,1199,1013,574,510,474,1710,1134,794,1357,1429
