-1.3300414480075993,-0.006611476476748069,0.9139531733051974,0.8502943499786277
3941,94,1028,1224,1593,117,2987,0,598,1406,1070,972,876,70,667,1160,632,422,1194,97
2333,193,8,1202,95,546,390,491,37,34,220,1173,532,833,776,377,441,149,31,301
201,371,221,474,996,241,311,21,694,226,387,0,78,672,294,2838,255,325,1172,562
1663,307,403,167,3904,374,3,1262,171,531,240,1764,253,45,4411,184,2022,758,667,9450
784,1487,582,324,1403,4030,82,77,1470,189,1174,9,1897,1816,358,88,2555,608,1194,2021
7572,1090,429,703,420,559,579,3,3,265,1365,583,169,463,1351,65,44,742,1101,410
615,253,134,259,1305,86,58,0,499,116,40,0,592,1475,780,823,1011,1161,0,24
737,1333,27,643,0,0,802,74,229,4600,529,1237,286,38,1230,320,2,57,63,1128
2720,91,1655,1840,94,996,1673,4228,268,335,1160,724,175,1748,763,5083,4,819,93,252
706,5508,1992,1247,111,136,1856,1266,23,73,2314,2,165,493,867,28,7401,220,443,2653
986,82,575,1911,666,2282,312,612,1163,358,199,1375,2176,163,131,496,0,538,604,1890
956,29,52,244,189,755,580,339,700,13,109,369,1496,326,1168,477,331,50,310,1556
373,572,2294,245,560,1736,1496,107,1008,332,405,1014,405,412,0,375,90,1549,9,1654
673,1213,593,434,1957,1374,490,1096,258,204,16,11,356,61,1242,462,85,2,2158,295
2060,26,354,2271,302,929,158,960,841,43183,527,1503,486,147,1029,4976,4637,8,4772,25
285,1060,414,162,418,1033,358,102,372,495,132,1174,1556,738,1390,161,948,114,1923,514
279,145,272,25,217,806,128,30,576,417,241,674,4,501,70,402,2095,1263,459,781
4536,5627,947,1295,1270,3140,2019,325,796,2248,931,548,172,428,432,23,954,2,235,3689
221,11,2249,672,744,1072,958,1066,67,107,52,28,216,2096,21,92,1772,1515,132,516
40,130,242,0,84,182,1402,6591,99,1753,303,3102,482,133,513,155,29,362,39,106
