-1.5455202401707386,0.011591522961806352,0.8301333847257742,0.8553450767506897
4352,47,424,531,821,56,50,3105,0,5,1047,60,3964,45,2390,30,22,187,26,300
137,211,666,1,99,26,334,3978,226,19,4438,996,2188,0,54,10,36,25,76,3425
43,493,2,273,4,363,11,2929,818,5793,80,953,1238,609,80,664,271,468,11,80
1,2808,272,2768,171,210,315,600,1775,206,167,1891,0,105,970,1515,3620,614,875,97
123,1044,621,134,446,5463,301,547,100,249,549,10110,106,1047,198,229,1351,244,69,12
710,409,2148,340,269,1721,3664,280,172,5389,357,498,60,3482,223,40,1305,381,346,398
196,201,306,79,9,753,526,3471,10170,383,526,180,2954,22,893,3206,553,25,2564,321
133,3,2144,738,0,3463,128,4594,153,1462,387,843,354,1548,367,518,1175,758,254,135
541,1360,221,282,1579,159,0,0,14192,3738,336,1,0,547,1705,2247,361,1220,711,102
846,123,60,1058,2,1104,710,76,612,309,6926,9798,929,123,305,916,1315,1802,22,637
240,840,1330,767,94,157,45,1124,299,537,4380,1,74,754,2957,38,337,4484,2818,422
801,214,139,283,0,528,1220,25,2122,1205,1773,843,9982,4194,10,1728,35,223,81,29
106,545,86,999,51,51,884,1508,165,57,1520,326,534,1481,104,948,124,406,230,644
130,165,11,1726,561,131,19,191,5863,43,83,115,2821,146,3341,1745,586,2236,404,665
185,1664,430,142,2,0,248,854,399,314,395,2768,256,158,2214,531,302,28,3938,205
4483,272,1,265,2066,595,129,924,1212,435,67,1,1272,91,19,3,4552,17,42,379
374,185,812,1843,2026,1030,152,1160,242,185,859,517,157,13,612,39,187,260,11,1802
1779,72,542,308,7053,636,333,23,232,596,927,124,21,185,355,72,46,290,2935,286
799,200,578,185,39,1236,415,671,269,440,321,172,0,1090,2678,871,604,277,1886,2846
1231,1801,291,359,762,2,1183,300,522,1239,917,61,525,2,59,177,88,27,3397,28
