-0.6145755673153397,0.011016039509842307,0.9999614560768464,0.9619398379582144
2170,1343,2338,4028,878,265,710,1776,1423,1185,719,1289,1297,873,735,770,1325,1329,1008,12301
1101,1012,854,1099,1320,0,1149,1835,939,355,11,742,1327,991,919,1581,1145,787,1044,1199
1085,2162,488,1195,561,759,1425,945,261,663,563,565,1108,2501,1227,457,931,1478,390,681
887,1299,609,639,1046,907,2017,1818,53,731,369,531,930,691,309,656,1120,1419,1971,1486
1301,1051,1318,483,1221,1429,1757,1078,711,1050,258,794,994,413,996,431,181,1168,1495,562
1020,806,512,1388,952,475,410,557,201,639,235,321,1419,209,775,830,1237,1257,1361,562
825,1048,733,679,264,742,0,420,1677,518,836,310,476,387,532,211,1008,393,1220,766
298,1117,542,260,686,563,350,2262,1525,405,1162,522,1271,757,686,913,1389,1974,1048,2217
3475,955,1265,694,422,1446,455,447,1161,893,872,838,1437,344,794,245,580,1193,369,713
1380,1903,131,854,699,411,1014,734,1296,643,752,687,524,1251,901,979,843,400,339,354
1511,2055,2042,541,848,1097,405,472,843,670,447,1058,335,1300,210,820,672,798,707,209
537,219,474,16,497,879,766,1499,627,389,577,695,961,793,527,1122,1318,467,1019,603
813,1127,39,89,676,760,1351,339,768,656,257,303,607,921,134,2137,1751,518,1199,504
986,1307,1440,1185,528,1099,511,455,494,326,536,352,582,1902,1472,433,304,1318,1237,853
708,856,662,1011,168,251,480,687,746,754,132,597,846,704,1077,1259,1385,1170,1145,2136
813,658,824,1024,697,1192,1407,636,948,433,1829,186,962,254,760,384,689,1745,613,504
2327,1644,1047,849,539,500,1025,23,927,1860,1262,942,481,611,599,669,1970,899,2618,1398
562,1943,2005,311,586,2854,322,744,904,1192,437,1437,775,303,1457,706,914,1290,1096,1975
2451,462,1014,942,1421,561,346,1554,1350,665,2197,1190,873,432,2296,547,152,1658,744,3144
1206,1389,648,888,1907,1076,1269,650,840,1771,357,0,920,1003,2039,1756,682,187,1698,1941
