-0.6439168854680327,-0.004761438032677807,0.9971435158718198,0.850111086769786
569,596,687,423,814,860,835,268,427,767,1007,905,1403,1029,442,37281,891,455,317,509
989,484,531,565,337,340,593,368,539,444,440,376,430,363,414,344,434,704,541,1067
1084,312,674,663,660,641,947,786,1503,161,856,1157,549,146,469,288,427,783,298,307
308,303,242,711,367,559,901,288,440,494,465,684,126,501,617,507,898,290,400,1123
815,246,607,1054,675,386,776,236,1258,481,745,629,938,119,642,698,2038,595,1102,569
132,498,607,808,780,333,795,1272,505,722,1017,312,833,554,386,588,727,372,625,626
1063,324,478,483,15528,413,242,377,885,561,570,720,243,122,1627,602,754,1408,763,1225
556,417,682,1045,511,446,970,390,762,227,595,327,967,848,745,427,326,954,504,406
821,506,640,463,593,815,363,488,971,799,833,875,472,391,797,723,341,1012,876,889
486,15686,466,461,1085,291,1053,401,577,1095,1274,676,395,241,427,1178,731,450,595,655
638,277,803,307,560,809,274,342,151,7192,435,206,488,993,1328,401,519,260,295,833
571,470,322,749,425,432,461,304,377,641,459,602,1092,345,664,457,556,1178,664,15311
576,1546,1050,641,473,537,219,984,354,995,437,670,586,508,545,473,1214,387,524,240
1163,687,332,608,484,259,726,526,815,609,611,280,974,754,762,1451,988,994,620,228
434,1128,438,813,389,762,597,1006,1733,550,1148,577,468,303,990,699,363,718,838,619
451,1132,216,825,104,224,682,319,933,519,814,975,292,201,1566,552,1572,528,444,149
500,767,285,207,493,652,671,383,712,713,938,908,348,545,518,468,553,642,277,833
571,819,782,750,406,503,1018,509,518,359,416,568,1035,686,441,507,1832,1047,584,237
22360,832,318,553,544,725,552,216,686,789,329,267,338,1010,805,645,669,831,537,1107
546,662,702,535,556,619,347,399,725,88,1027,1246,446,22064,707,808,498,740,1159,436
