-0.5478320320574567,-0.001299219549182757,0.9291020250520056,0.8927045955735549
787,843,1255,346,626,690,722,593,541,1685,332,273,400,451,591,212,176,944,1690,759
295,1254,411,233,2171,652,2219,564,1343,539,675,888,626,854,438,569,367,588,817,1039
406,434,1160,60410,1080,0,688,551,803,334,662,177,361,1888,841,407,1338,677,1230,643
966,1125,1502,1027,1316,319,1755,569,296,940,1040,217,1060,1463,378,598,1012,304,793,1113
1100,1818,119,1066,297,1246,402,680,860,603,1761,973,1100,815,913,704,1613,1410,446,349
910,689,1139,344,1152,1441,517,411,1001,1153,701,342,950,320,970,816,586,613,1101,767
1456,478,507,758,1078,574,626,379,946,820,1328,855,731,490,1259,1326,939,908,464,716
1052,618,333,617,370,521,142,378,1120,252,905,1439,1175,533,706,191,556,411,1389,416
549,313,1405,706,1216,789,1015,923,1103,357,1192,433,1032,169,397,481,1354,969,505,719
436,588,1778,1261,580,0,1519,522,494,212,284,558,634,553,419,800,170,216,350,999
583,702,872,1385,714,50,698,265,1340,1364,912,652,658,1166,1280,1300,345,1036,600,652
480,1081,304,0,657,427,1070,980,372,723,659,559,1023,795,1206,1273,749,560,2066,1743
620,1005,1112,755,1412,440,1045,1211,903,225,444,1405,1084,425,852,855,410,1898,728,178
1708,1150,263,549,740,801,486,1189,321,524,840,2002,1499,1468,507,1208,1288,602,807,841
513,463,930,363,687,713,673,1274,251,758,420,1245,448,936,913,1326,947,1394,870,966
758,890,1159,786,599,655,886,666,205,212,766,1129,308,1848,590,441,527,238,643,500
1088,597,835,515,534,951,387,942,836,432,816,872,668,735,364,525,1292,762,364,414
713,857,257,715,1292,726,1200,856,1066,698,557,1427,664,991,326,1466,853,1382,968,87
960,803,820,442,1070,490,178,1928,300,1612,801,362,1724,1120,245,689,1156,538,487,518
202,1186,412,829,704,701,862,893,825,396,912,280,1009,677,213,938,446,1050,718,1297
