-1.84624472699695,0.004791757464194102,1.0472044623732684,0.8478778658110351
26197,599,716,2767,39,303,31,1010,615,1,712,21,77,454,1028,514,1761,3232,18,6939
565,1537,1860,31,675,299,1110,18,559,1625,1671,399,251,1,1702,8,186,76,529,2544
11379,3243,4,421,246,716,1,0,1184,96,1,60,12,1811,95,564,2232,482,16,0
130,1,80,17,155,219,61,8,18,723,6,386,376,82,3,7248,225,2117,819,7644
82,1340,1103,4,22,294,429,985,10,8,9,132,11,240,977,1962,216,1079,179,1360
1067,31,93,1690,1118,3,1193,302,1113,379,1009,914,4186,312,2596,568,124,448,1696,500
2260,1771,2,531,307,838,1,14,773,1142,851,325,1303,390,4311,334,59,689,33,25
799,558,16,13,732,114,2,2117,98,846,1841,971,759,704,1,13,43,1411,233,288
3468,1273,1,328,610,2188,3356,1345,655,54,2670,2377,618,495,4,8,1,6256,267,2079
244,1437,7,1395,16,1086,3,1774,3,2381,4478,1713,338,122,2464,63,62,3206,1878,115
2231,530,638,1168,44,147,1,297,762,15,16,68,881,155,696,1,1848,242,1337,127
468,487,1744,49,1629,70,487,200,915,660,119,1311,0,829,307,229,482,41,317,853
1006,389,636,15,292,60,3,890,334,139,2,47,56,265,1028,202,666,251,1922,200
1803,1647,96,1,523,581,467,773,5,2493,34,1602,74,597,0,190,31,311,38,1475
270,61,2797,1186,391,215,2,1348,165,95,159,88,1919,680,462,237,1848,1436,1117,2
5122,6455,4420,4070,677,156,492,15,27,812,230,531,374,594,13,1508,11,1471,2594,485
167,3866,1,1124,228,221,1299,1,1606,296,16,4,2417,683,126,3311,1498,782,58,22
1486,830,18,648,1,208,1,1,113,123,234,1372,203,1131,4367,1,30,3288,1,1413
3589,560,180,1247,19,41,5832,14,10,1167,1070,1776,1028,25,564,30,19,1137,1875,2977
172,170,111,4838,122,1663,1393,6723,1,1047,37,7799,2,1377,290,2392,31,1,100,5653
