-1.6567534881841863,-0.0011003355856299849,0.9750881861315018,0.846957189900411
522,540,2600,366,1990,351,366,733,483,1,2177,264,10,275,1028,336,1883,1961,24,5770
477,1553,314,178,2716,1428,379,93,1237,1156,1909,1226,553,1362,149,3002,467,267,211,2086
11964,3243,245,614,92,1852,2206,306,367,54,1,103,29,2125,408,545,5607,796,1109,0
39,76,569,63,1,158,128,542,165,768,0,59,22,133,505,7506,0,284,415,4326
5,1573,3818,4,16,3112,177,1115,471,46,273,709,52,543,375,3505,301,1104,4093,168
948,58,0,740,423,52,1160,37,223,304,437,599,4923,9,1474,25315,149,845,1539,926
896,2444,7,661,462,2,4,0,0,243,1228,210,225,1249,449,165,845,466,0,0
431,0,136,491,1075,38,1,592,7,1716,874,628,490,1950,28,1149,18,1155,121,96
3555,2264,406,245,79,2029,3615,430,581,120,8113,1306,1051,489,143,5,2,12,6,25
169,354,557,631,886,284,904,35,24,2483,1789,2639,74,1031,2100,42,495,2,1872,633
819,1851,1528,563,1,0,212,271,0,1524,6,1818,964,1267,871,1,1910,275,287,1670
150,286,1934,51,805,68,452,74,58,663,66,1206,1404,3216,20,141,52,253,3410,710
707,213,504,6,258,0,2,0,2080,432,2,48,5,190,271,746,452,294,1949,72
2445,504,84,794,84,937,40,1054,0,3152,585,2053,165,432,2383,185,10,313,29,3090
350,1,882,32,1274,27,128,1321,51,748,1132,867,1011,1815,1301,261,884,1037,23,3
424,2956,4307,1086,0,158,0,37,322,1015,151,1966,680,532,26,1988,4,639,1,257
1241,605,15,334,58,365,364,197,6547,83,583,12,751,355,86,1812,30,231,2869,1174
192,619,8,237,722,203,55,1,347,947,160,3345,368,205,4429,18,1118,2999,1,291
1370,941,120,535,4,1396,2253,165,62,164,880,868,844,22,565,140,14,1133,4290,310
749,0,21,10691,1036,914,938,7295,27,47,237,7723,398,4612,50,660,26,1,117,5662
