-1.108302973774563,0.04918548539047062,0.8450977263079763,0.8937875595811755
432,270,632,64,90,224,659,707,903,180,106,610,138,1671,782,175,1551,161,581,240
1159,580,298,614,714,636,39,82,196,511,1118,841,988,535,0,731,276,1597,810,313
234,272,165,892,220,658,2060,577,763,275,169,823,327,125,1248,431,102,603,2570,695
356,2073,746,685,1533,387,373,487,995,454,1209,2722,288,390,260,1354,417,3,584,236
2725,270,183,861,2504,944,318,50,53,708,102,1960,75,617,2120,1409,147,5,275,1217
1098,190,0,2,1538,938,38,265,452,567,610,81,830,84,607,354,950,365,274,494
774,1368,538,374,429,669,2139,1001,724,3046,1085,1380,40,240,1187,1595,1491,300,1372,1675
1091,508,1551,449,183,1592,706,343,0,971,1594,842,1305,97,426,3718,311,661,759,3011
254,802,174,659,470,372,481,469,1556,16,452,477,0,600,1091,5155,1829,2611,446,253
2371,1156,223,55,428,129,78,132,129,1941,342,505,426,2216,1256,5284,2851,178,5805,1162
423,98,1255,973,2049,350,293,2144,555,817,858,1417,1215,34,9209,553,3359,12709,1779,638
564,277,232,125,291,501,1047,1978,396,390,418,830,1018,1280,2,2134,12745,3891,2,137
142,74,430,247,372,281,846,1275,501,1067,2065,210,422,77,1485,9897,3929,499,1379,4356
196,434,71,447,670,750,738,482,1578,637,1106,105,0,682,189,5716,1116,570,70,668
1249,63,1307,147,1314,62,76,191,247,715,552,1745,227,771,163,701,2348,1786,1424,202
67,44,295,287,642,171,931,47,345,895,1015,1010,1753,192,244,773,8453,1182,788,5410
6,708,54,1282,363,2351,1216,1140,3258,169,455,2840,1109,208,897,778,1124,724,152,1153
1495,579,83,87,166,81,48,248,788,69,1253,1866,337,457,154,401,1357,413,120,673
175,986,300,0,61,435,324,909,318,5217,1091,159,198,2909,264,2753,437,649,804,1001
317,648,109,725,1134,0,632,457,837,1137,1313,304,1607,625,491,212,801,1932,7023,464
