-1.6796109698752533,-0.0027784134944121882,0.8702273662809135,0.8468342742826195
263,57,39,604,390,4,700,1798,431,2630,470,4498,25,6613,380,1436,1836,87,11,1
371,1,681,64,802,337,1453,1246,254,187,303,121,0,112,224,134,33,344,1012,550
1359,365,15,530,22,0,1587,0,206,15,4110,388,39,141,2802,1558,137,318,964,557
43,164,1067,2541,230,5,732,259,44,153,224,1933,387,605,899,475,228,168,477,122
127,891,1420,57,6694,2268,123,3599,197,607,885,25,891,195,28,425,131,81,50,2535
0,31,24,424,809,45,243,523,2021,68,68,679,588,306,2,155,62,84,7,361
26,1268,53,30,499,14631,7,3793,821,664,1108,203,2375,1250,3483,73,318,832,0,841
4974,1138,1663,869,45,713,6857,664,9,944,5741,401,297,175,382,7832,299,1020,337,46
3913,2977,63,2104,1793,16,712,5971,8,120,3955,297,207,909,987,82,94,4653,2524,32
710,539,1169,611,1637,7457,2241,457,618,4,515,36,43,5,0,778,111,3,27,124
1381,921,7,2925,139,646,3090,4,14,25,21,130,1255,3965,2122,37,0,1040,2090,62
621,6,229,0,982,203,15,71,1,765,624,53,2739,251,480,794,1927,100,326,1034
57,6833,473,310,1737,7892,354,99,527,3286,4,1283,61,104,91,544,369,89,246,1
159,682,413,2571,0,1647,662,904,0,1710,1653,153,122,123,3013,3,9854,3343,238,1776
56,186,415,54,4074,118,3006,54,1436,873,559,910,5369,1173,60,22,722,445,0,5129
27,1267,149,22,45,1240,286,0,509,240,303,530,184,131,223,787,20,24,401,16
205,82,98,476,385,877,29,3017,151,76,36,23,837,1,5323,22,657,69,27,1118
1357,44,24,544,4230,384,0,1092,9833,5,210,632,4718,1,21,1170,4431,176,3920,1847
1545,1445,25,387,421,94,120,234,150,18,1230,4013,115,147,2792,1370,479,522,687,383
15,537,544,232,4,3077,1328,764,1685,5,6,51,301,1506,76,3314,357,1,244,402
