-1.315598047757199,0.0519613047540276,0.9054949839208138,0.9013466953153005
250,540,1412,2136,715,746,870,486,997,539,3308,1,574,826,1410,65,0,502,4007,2542
127,2165,1130,1394,81,710,2296,0,213,22,1393,2494,2585,531,66,147,2,122,32,1820
2860,1338,1377,211,247,3,146,348,1163,108,6,907,416,1133,1115,1493,989,3746,1094,747
982,602,1592,271,46,260,455,962,514,158,167,554,18,340,176,2,786,1383,1027,332
629,0,585,75,486,616,978,664,1079,118,584,99,1744,945,420,85,769,5,534,617
1207,3061,90,869,645,1716,94,863,27,427,585,1176,634,1198,1140,146,149,439,324,51
789,916,352,263,361,654,8,16,221,180,99,1307,233,1068,715,286,515,2529,2063,871
52,38,346,657,203,628,1381,184,10,5,2673,1521,355,1557,0,1235,2572,1825,1201,2276
335,2127,252,1499,211,187,161,13,433,1469,2743,54,513,0,11,1120,12,4,2235,861
810,157,1181,2079,316,150,288,103,87,1,1036,1336,24,761,4543,3195,3524,730,623,141
1875,310,987,629,0,3,84,1329,1388,655,401,2170,50,180,4456,5193,8634,1961,6783,834
586,39,812,424,291,329,2183,1065,408,916,434,324,1440,2222,3749,8017,2207,770,304,798
158,269,446,1430,641,1511,125,183,6,0,689,253,228,287,371,6117,4349,63,1181,3131
262,136,2403,1914,60,851,670,2753,46,520,138,722,122,115,244,2472,2498,2967,732,2474
3194,1730,995,31,1033,1110,589,4,1915,554,679,201,480,350,229,139,4731,1427,1110,4794
670,985,242,512,175,483,153,173,20,3773,562,0,285,1816,1042,295,722,929,835,40
218,726,1,7,696,1148,695,176,1130,833,561,1297,756,1521,5380,3783,617,2303,1435,2096
791,2142,275,17,1073,195,1657,385,346,262,163,1832,594,932,899,1516,1324,419,353,1532
443,94,157,6,86,125,390,323,11,2720,1161,574,2893,319,74,2390,90,902,852,333
0,1715,89,569,192,2227,3679,83,138,191,26,269,2943,110,2986,4023,2706,91,101,17
