-0.9922664691605732,0.051498867207284214,0.8992807727535806,0.8998867584262115
2126,711,1168,487,2253,591,557,619,457,327,334,610,1179,512,766,257,3121,1885,1570,757
366,265,418,271,746,1001,693,1609,2655,1522,279,922,986,747,233,1055,481,449,1501,611
474,974,86,597,355,244,273,787,303,736,741,277,901,272,129,467,266,690,245,319
788,1189,369,1886,754,396,245,130,127,615,512,904,78,24,904,1482,453,576,252,507
221,826,615,1752,859,1100,402,695,954,483,727,552,67,250,147,565,177,407,1420,1944
639,525,1098,918,222,87,604,1461,355,231,1227,398,322,60,295,275,1053,422,3204,916
3058,642,418,1098,1130,378,229,127,384,104,593,733,483,921,1430,2601,329,1411,757,328
300,291,96,420,33,957,113,0,97,739,184,1069,434,370,608,110,1615,389,857,350
119,315,785,15,585,720,85,665,602,778,470,877,632,633,200,8120,160,264,1075,290
478,1316,1075,329,938,798,1542,589,1392,903,942,324,4731,159,1248,9813,1200,1221,51,725
107,107,725,171,908,1266,99,188,689,81,1187,497,253,1077,13382,7043,9695,5054,771,255
605,608,349,1852,3137,2046,656,547,687,192,834,192,1066,22,1451,2407,8517,3868,450,182
180,970,174,752,224,185,1043,797,1467,575,607,764,12,1620,526,6144,6187,0,1876,4174
404,2190,59,1511,335,521,247,2030,952,112,4,716,487,654,269,62,209,521,6794,5495
468,1032,311,2577,558,2727,760,602,430,574,282,418,333,178,439,301,2319,1839,812,604
1301,1005,417,815,226,246,478,303,334,264,1045,464,465,854,637,595,1447,1248,617,805
1,295,350,672,1560,454,305,1860,75,289,8,370,1327,530,1500,190,1381,155,696,573
757,491,442,235,480,253,745,329,295,779,570,1496,229,656,372,622,2693,323,83,360
1045,655,733,356,133,321,899,296,478,302,344,3053,361,1010,1252,0,942,2929,3157,186
8096,277,633,2675,1213,327,717,211,889,751,805,335,715,262,320,1028,1889,1150,3316,2345
