-1.959190448877815,0.0013437904483588235,0.9424890628068642,0.8480552118377004
2908,1965,417,33,2880,49,22,177,1556,106,730,464,2,13,72,0,1,226,1019,3
146,3,1493,77,1100,1,1,4,3,1568,14,1675,2147,1000,490,2594,1128,2760,1,1076
178,754,2725,222,0,39,477,119,0,8,14,453,3,680,84,484,1427,89,459,1906
807,100,82,417,24,335,67,846,2,230,1126,388,61,490,674,2190,2,1760,3,9706
1161,111,341,0,174,3723,1385,897,24,228,39,347,101,1590,107,643,2,507,72,20
103,6800,392,1,86,2501,169,73,40,20,60,1,32,25,2070,1736,879,255,1,22
3246,27,1573,3,0,330,142,2785,86,0,34,682,393,4745,1271,0,2133,2,4607,8
11278,5416,936,10,1540,740,1314,612,174,0,3171,100,356,4113,245,190,1497,2787,344,424
2858,843,65,1205,2258,6,181,999,1,82,2,163,102,6,225,211,2509,112,606,2108
190,233,233,41,28,244,665,499,269,5128,6038,994,22,6427,983,1245,1348,14,178,54
1448,8,8,276,385,918,2051,1,2,627,25,51,528,710,266,240,153,228,54,42
27,306,301,3176,4646,879,190,2,19,1481,3478,12,545,196,2274,1821,5,344,1761,156
115,7,1814,80,169,10,1620,1,1631,5027,354,571,2896,228,2060,738,1,1356,19,1439
1,148,424,1951,2189,2324,12,521,228,115,205,378,204,2149,27,329,10,11,6235,4893
100,82,141,395,3413,1,226,1,1367,1044,451,74,2479,8062,6980,259,109,2833,476,1855
1952,826,577,1,3067,95,1,2390,32,155,42,2,4641,629,786,641,1193,970,2593,1
6835,947,2542,9,383,854,892,386,2554,1255,177,1,2699,1,16,6,51,653,3,215
5009,4834,745,934,37,214,1647,227,40,2718,67,2514,63,69,5716,1244,5575,44,26,1
1279,12,2719,1426,440,1651,82,668,2,515,173,42,883,103,434,253,404,2,41,249
67,1186,109,962,252,980,205,875,169,5865,1,1747,1256,105,234,213,737,2,1,8453
