-1.6531924358325145,0.0038012110995018005,1.0458654099421651,0.8502816425872578
26214,570,617,2563,3,492,3,346,432,1,1656,214,93,306,1042,1149,1375,2587,39,7325
527,2755,1780,531,520,539,2074,13,1131,1242,1872,198,473,1,474,2893,321,4,312,2197
10958,3243,4,827,256,83,566,2223,997,863,9,61,16,1400,283,872,2697,457,26,594
0,132,73,6,1,38,51,511,18,376,6,334,208,223,61,7795,108,1395,1045,8029
4,684,1120,4,118,909,42,1848,10,8,7,538,112,246,1464,2703,117,824,3098,527
359,191,13,1827,135,1278,981,665,1331,8,935,976,4186,125,2563,326,479,153,2131,1112
393,753,32,617,258,141,88,615,469,3677,6,381,831,88,2455,356,20,647,941,114
18,613,22,735,1981,91,2,556,284,691,159,963,1,645,104,188,90,2400,827,1904
0,548,103,330,617,636,23,974,768,248,3415,816,24,272,4,191,1197,4990,581,321
4,418,4,1268,15,1,3,769,521,368,1303,871,194,68,1013,129,58,2251,1796,4971
594,492,414,1219,46,216,1,1532,583,15,311,26,2025,645,679,1,194,681,1238,251
915,945,1867,116,257,274,852,117,0,1155,199,0,271,1504,281,434,368,1083,55,224
1098,452,525,2845,281,235,32,204,535,590,2,52,66,78,357,185,743,475,844,119
983,2405,116,1,290,512,282,1364,3876,2235,237,1928,2328,828,207,11,2643,74,73,61
97,1,2914,1352,424,318,145,6165,322,168,224,474,2021,722,2105,329,198,82,1064,833
1014,6544,1004,206,26,2311,101,72,348,1582,189,463,1256,824,76,522,0,1471,1350,415
31,907,1,662,102,436,802,1,5648,319,17,11,933,201,756,3321,934,822,413,30
1740,558,0,652,11,126,0,370,3523,1,224,2521,270,908,4608,55,115,4745,17,735
4020,806,149,2105,19,1583,0,186,3,530,934,319,1650,25,384,146,45,1006,2615,2977
391,139,245,2843,535,2396,1380,6541,105,322,18,7631,162,2993,133,6366,31,13,42,5653
