-1.4714606307299838,0.003397206453145609,1.0551536622566475,0.8497740728347218
26990,198,1094,788,35,0,726,468,653,9,3095,121,339,337,1373,292,318,2,843,7023
5,135,374,192,0,0,901,720,1256,656,0,605,194,48,437,1142,779,30,0,579
12379,4775,277,1277,1665,2248,86,1688,514,47,50,89,64,774,442,1799,581,1864,0,0
3942,34,17,887,6,844,569,760,277,627,229,28,98,105,2156,3068,934,388,457,8129
31,1076,58,5,74,240,398,1915,6,8,22,0,434,933,1617,2031,226,856,4717,1773
875,18,1081,347,1843,102,46,1855,4359,356,597,1,2449,0,2955,1512,598,268,312,991
432,493,1194,0,108,18,30,422,226,914,1363,1779,0,99,827,374,20,597,1,3817
37,5715,209,2776,1117,1522,54,2233,9,175,762,279,412,232,42,1,446,490,743,438
3747,2776,67,434,794,2017,937,938,0,11,367,1239,176,1080,100,126,0,2583,245,361
408,1806,412,746,1,146,744,2276,48,3,639,1705,645,2422,1158,31,13,3589,1434,1057
914,336,71,1926,52,792,91,131,469,813,399,1517,41,1228,322,159,993,704,569,729
51,595,602,422,1305,764,74,773,234,0,212,345,170,47,881,605,479,1953,880,496
1140,90,251,2239,584,9,471,559,105,18,81,171,668,187,3,1965,180,1329,2291,2054
26,33,730,75,408,910,172,284,234,587,284,539,186,0,876,412,107,164,166,911
717,537,1008,957,43,1156,179,2479,23,0,1460,3,3064,503,67,220,0,822,2305,444
5584,5933,0,258,20,1802,499,304,476,833,0,639,160,338,17,2567,286,421,0,540
853,785,178,215,734,404,1889,0,4952,346,65,542,1477,220,282,5180,744,630,3182,153
1013,1333,1016,0,208,26,2,286,719,381,222,320,929,912,859,158,83,3920,60,293
4471,2784,154,2497,67,250,1052,160,247,92,482,1205,33,57,45,42,318,1467,1432,7940
23,178,655,510,361,6346,310,4947,19,1217,236,9328,3152,1454,0,1463,35,1,805,828
