-1.2819011597309005,-0.0017139520399782951,1.0108194464252651,0.8520757675832699
37652,197,0,2921,78,378,553,93,503,1135,1093,45,205,694,525,78,192,2482,98,1820
1045,713,858,572,687,3145,572,1483,1159,2185,77,2260,652,4,2274,1507,3534,114,1569,345
1423,717,86,124,50,486,334,1044,0,29,49,766,77,0,2489,151,2793,519,542,30
3439,1378,56,446,21,1139,675,0,75,2455,1,24,1156,1085,3402,7594,427,1317,0,489
276,787,824,648,1000,56,225,183,296,205,17,263,670,165,670,377,422,236,960,601
3144,265,40,31,19,164,893,1506,82,847,210,917,380,356,19,780,1751,430,258,52
182,664,892,1973,974,62,192,193,2061,241,313,1837,489,58,466,109,108,2324,45,1293
641,898,633,0,60,239,164,138,641,323,842,682,271,18,1169,88,209,187,0,427
1593,4430,157,385,2164,11648,594,469,371,1531,2607,1696,664,143,279,342,1062,411,337,824
159,4176,792,389,417,1189,1311,3,455,436,301,335,1115,139,497,795,1328,200,2207,805
249,593,2654,368,89,175,648,86,2004,488,316,56,289,0,1132,573,2090,2484,109,770
60,1238,157,49,954,306,22,310,1995,497,2671,4033,89,598,545,611,589,1826,623,61
74,535,0,266,156,184,1911,914,3819,360,2,560,720,24,996,815,840,177,933,270
9,147,1816,498,570,320,593,729,58,4965,0,1945,505,1327,331,125,648,433,118,258
150,1245,0,1526,425,520,377,1137,115,303,249,412,361,2037,68,882,500,835,380,75
197,6094,772,620,482,19,60,1788,474,900,401,925,3,2246,100,4323,6219,313,811,48
685,1385,270,250,3090,610,233,145,22,744,401,189,647,428,206,0,1930,1148,4135,546
535,177,622,634,147,1666,34,754,658,300,1214,878,919,972,343,850,219,57,4,999
592,78,630,639,39,638,509,156,379,1,1,0,962,0,724,409,1967,2718,2488,1456
84,204,530,632,7251,1858,823,28,1885,2556,80,13789,1341,1439,912,1206,861,2276,235,4297
