-0.4210338301245109,0.053560220732287715,0.9040142930072717,0.9840511790247939
1255,273,1265,1253,2332,2148,1025,1092,917,614,775,550,792,1226,1353,1044,1496,1011,1666,454
635,792,843,727,1230,441,497,1453,1021,1340,827,747,1899,2001,1211,1518,741,1346,780,866
749,869,637,604,685,441,768,1092,895,748,782,967,1484,1063,755,300,1393,1455,1644,1314
436,946,633,881,760,695,1294,543,1435,975,987,233,1257,879,1147,1069,1361,1940,979,1663
982,954,893,1360,623,1498,910,1083,821,974,1119,1018,1195,1275,1132,1207,2447,2176,1168,521
830,796,974,733,1480,430,560,1963,1877,1629,2080,1833,1353,1849,1462,1589,325,1685,1361,1190
760,1180,1378,703,633,616,714,699,692,1664,1072,1952,873,2020,1491,1088,1046,1149,1298,795
880,350,1368,666,1018,734,1023,983,1059,1327,692,1667,1389,1359,1388,1852,763,609,1322,794
864,656,1221,1050,1144,1001,729,784,1254,1427,1425,1272,2027,1146,963,1227,1180,1642,868,671
947,1107,1004,752,287,684,590,1423,1084,1586,585,0,835,1124,1407,759,958,802,1827,1527
465,1341,1134,432,374,1086,434,999,998,1350,852,1582,938,890,971,830,1786,785,852,688
395,431,472,1214,912,53,990,1128,1045,1255,1382,798,3,658,864,1264,764,1097,949,502
910,493,794,924,1464,935,727,1090,1231,952,695,1762,1178,702,1230,1747,801,772,503,879
969,1224,792,278,691,1047,1195,813,1293,1269,593,1331,789,641,1954,746,707,343,1220,1190
633,710,748,703,540,1095,892,770,966,1103,430,834,428,902,1116,124,615,887,1088,1303
868,950,717,1713,886,339,889,856,1224,569,442,148,718,783,561,638,1215,1004,1252,191
880,955,1016,1131,566,747,425,1018,689,747,494,1133,1172,1500,642,468,827,671,903,1013
685,823,675,559,404,230,1058,1162,786,757,614,1331,460,879,840,157,580,867,1059,1978
387,663,901,1171,416,643,408,406,906,1376,385,789,2183,1180,494,868,888,409,448,410
898,981,823,805,1408,487,1332,481,1363,492,1047,888,538,1347,1568,738,745,778,825,428
