-1.3101920713167816,0.038016217247991826,0.8948609840846854,0.9001182971615953
1610,284,307,457,517,31,1306,153,1190,748,1637,902,0,1014,1000,502,2558,536,1047,1315
1114,924,2647,1375,755,185,3482,677,123,692,646,2884,1228,93,1856,515,640,95,910,1082
336,920,477,302,65,14,13,331,410,373,2763,218,635,149,1232,3158,1059,3839,123,798
270,704,2884,2081,628,2319,6,167,567,373,1151,659,49,1072,2,2209,1766,189,602,97
1462,532,149,23,0,1298,813,3400,964,430,431,3,709,252,219,120,1976,1424,278,635
73,75,275,326,6,2044,220,578,345,96,13,67,521,367,317,1,34,670,370,1568
2307,406,288,2242,110,0,89,180,128,332,583,263,4380,504,946,9,1,3168,137,1510
1655,383,543,1599,951,258,1005,354,136,1074,2794,472,171,9,3,1083,196,5263,2346,1449
2676,240,654,1785,50,143,44,777,739,635,1253,611,925,309,1105,1769,1105,2226,488,2066
777,456,0,3489,357,97,1130,33,9,230,1392,1084,29,711,4905,4395,19,1771,0,25
875,88,212,893,817,168,1,451,842,2304,357,55,563,14,9343,6372,2004,1932,6375,671
260,142,839,2448,1633,1019,702,697,799,324,5565,113,1185,383,3036,4660,2617,2062,418,199
1266,1007,165,1472,108,2357,354,321,44,28,544,1194,100,21,724,5941,4067,3929,1276,27
658,216,3339,1129,321,70,1499,1382,252,155,367,241,0,860,22,2574,3370,1867,1152,3250
316,599,1625,30,906,487,23,1526,248,422,1,946,131,1707,478,486,6526,1418,0,1906
274,285,31,52,404,3121,1254,972,937,2702,0,1877,913,571,318,400,1602,17,715,419
1200,120,1166,59,638,692,152,167,1069,158,279,23,403,195,3437,1261,1408,21,1025,2023
1548,858,837,93,176,189,507,386,48,39,181,174,539,2157,648,198,1798,168,916,1881
1191,860,6,388,128,24,1891,174,793,3577,480,184,408,166,244,2179,510,2546,651,661
44,501,297,133,489,2900,98,261,177,763,1695,21,1536,69,2666,3329,554,150,119,152
