-2.0539355262765735,-0.0026340326540177975,0.9531014216994347,0.8498617982687158
2726,3155,598,52,2873,582,3216,146,1807,5,702,456,25,0,86,1,1,226,3,3
5,3,1949,85,1225,1,1,4,3,1133,12,1666,2018,234,891,7134,1124,2103,35,1158
145,1375,2781,898,48,6,1258,86,94,1,0,155,10,135,5,426,1329,34,1196,2288
630,32,23,450,1,4,2141,4,2,426,1578,378,386,484,810,2190,4,1354,1,6417
900,49,733,733,386,3715,1197,484,3,208,173,228,0,1809,8,398,2,614,2185,24
4,9597,770,1,107,2696,65,75,34,2,1,1,1,241,1965,1323,1488,260,457,22
321,4,1638,2,671,327,4,828,401,37,61,5540,356,3999,2171,277,1885,6,4501,1753
11971,4664,52,9,1479,374,1419,256,5,745,115,66,21,4170,558,2,1198,2989,611,555
3085,1637,50,1006,1823,397,633,733,1,5,7,2546,378,3,219,265,2170,175,90,2006
23,156,311,21,2,97,3670,499,170,4175,3932,984,8,5908,493,1395,2037,7,451,3775
1853,415,20,276,392,255,3301,1,2,1522,64,206,434,83,461,424,197,1802,45,72
57,46,401,3159,5336,899,310,3,153,52,3149,0,487,284,1647,2450,11,335,1776,279
946,18,1781,51,111,10,2180,1,273,136,393,245,3094,173,1389,1208,1,962,15,2772
8,86,658,1435,1918,601,10,7,159,65,351,452,555,2002,86,57,12,13,0,3429
83,116,159,324,3150,1,228,4,1432,1076,663,85,1488,9751,6303,8,700,2470,574,1437
1898,869,549,1,3012,247,1,1548,12,96,57,2,5002,344,858,1015,1071,5,2318,1
6648,1589,2690,10,0,1002,456,302,1850,300,192,1,1606,1,26,7,14,468,3,60
636,2719,798,17,116,183,1811,92,155,2166,37,2763,313,315,5692,1406,5692,1133,26,1
1231,12,3051,1317,423,1829,179,642,2,729,256,42,929,122,330,397,77,17,1,5
78,580,193,2007,527,2220,140,954,169,5865,1,1765,1090,916,10,21,734,9,1,7921
