-0.5662052956182135,0.037424541510868645,0.8563343502928349,0.970861653835665
432,255,359,394,800,475,746,1500,0,845,601,883,600,1354,1245,561,580,300,1132,595
322,308,780,538,608,983,1540,57,180,509,921,32,793,424,329,1210,1503,216,475,1545
721,648,807,1324,1959,1921,262,518,877,1341,689,1531,1222,1600,1494,1104,393,576,520,868
1080,1294,103,855,1157,0,847,1525,1390,2283,201,1201,1433,384,946,1539,1428,922,428,528
876,740,518,510,1791,469,756,2481,1547,390,757,1292,1573,987,910,742,1321,1651,1274,557
467,888,438,762,812,1017,1216,1526,481,1842,980,1643,2584,1302,679,705,1468,742,219,831
500,1759,674,526,884,571,1346,2793,2550,1003,4578,1051,614,2494,295,941,810,1618,371,495
615,1557,1980,1586,1045,1295,1402,1293,1435,801,1136,2307,2203,640,2581,1142,1145,606,395,553
629,1158,883,47,1239,1368,1854,1068,1032,1067,1051,2112,1084,749,1350,999,1355,1173,798,434
1121,680,816,983,1551,17,616,2212,950,1238,1336,905,1538,1193,1876,1641,1090,1611,148,622
658,963,1392,761,862,468,1318,1811,1292,1485,2362,848,1282,1045,938,1288,1472,848,420,639
1373,671,596,717,1223,678,1422,2052,1491,1244,1714,1066,2172,929,2450,782,553,749,1203,219
1219,906,813,760,1697,1485,1020,1004,532,28,998,1982,2264,1291,1514,1211,3099,455,447,369
646,652,706,1256,1492,817,1357,671,719,1637,114,1497,674,738,1447,710,1149,998,349,656
942,512,725,592,458,434,321,546,1403,373,0,297,1675,2433,732,873,1007,1157,1286,486
967,819,751,1806,793,418,39,370,1442,1781,1375,402,1011,883,932,582,913,1038,834,1218
728,227,1216,865,626,0,1154,1250,900,1148,918,513,1100,1878,856,1382,2012,624,150,578
512,689,343,617,391,1006,647,724,1600,1387,1174,820,381,553,63,763,1298,391,1061,823
3222,1221,720,959,828,637,612,894,539,1645,536,0,1416,964,1086,1116,1073,1138,250,687
708,955,337,250,280,387,517,652,728,643,667,814,818,313,495,445,425,1262,1061,0
