-0.854855372761651,0.010139115373818347,0.7925363472351465,0.8520685268207563
681,132,334,299,796,1141,542,274,1411,336,1214,1892,948,700,748,105,1069,353,680,1049
395,1285,1342,99,968,1049,537,511,850,119,246,0,499,170,941,1770,1735,916,645,407
1169,336,542,1634,812,374,319,537,454,421,490,182,1005,6549,267,571,681,514,64,1108
783,979,155,421,4482,1882,83,1394,284,490,790,350,19370,242,692,1522,1013,184,603,1609
1007,537,0,783,702,812,777,327,861,1250,315,441,548,224,557,614,848,1014,202,615
1082,40,702,300,86,394,536,404,487,597,2282,106,828,1291,89,492,152,610,412,353
1012,339,1123,656,164,238,11397,340,671,1962,389,386,10,1376,563,605,470,247,1230,776
821,595,790,1057,1919,655,1156,1357,766,1529,1557,1124,677,478,469,853,27,1314,665,282
170,368,191,158,452,1114,1160,1062,1221,2409,1004,40901,28971,2037,397,853,150,130,1996,1244
1679,924,379,1739,1698,675,338,643,117,621,98,1127,511,60,1010,243,1164,570,318,114
1090,571,803,497,157,62,226,432,1284,316,586,413,597,513,230,262,772,877,1398,969
682,1250,12,652,310,829,433,228,1086,391,1132,523,577,612,684,236,1428,152,714,329
277,817,536,837,897,611,414,836,1097,220,618,618,1915,542,221,323,560,1082,1242,902
639,630,344,465,1495,483,350,100,1494,271,867,155,242,383,58,1846,647,912,930,1212
375,1604,619,2196,1119,645,149,830,324,874,793,1066,839,549,583,560,1786,476,605,275
358,165,616,792,964,1028,96,305,601,379,201,1746,1325,104,359,722,686,451,792,1198
263,1347,189,1404,520,218,922,704,700,175,1075,130,739,56,678,634,556,48,113,651
701,37,1475,341,221,746,615,1136,391,609,567,772,619,278,1268,586,204,541,786,216
895,245,37,1048,331,1759,596,2048,97,701,1016,336,487,323,85,1082,138,564,543,140
1020,63,185,91,469,534,454,518,135,296,1336,137,907,576,312,512,319,756,333,689
