-1.020230149220979,-0.004972967084927575,0.9308364820278281,0.848283736640157
1202,44,1224,79,1283,1711,322,875,623,224,105,65,1467,1733,567,34715,285,989,800,228
154,1157,102,39,443,644,403,461,158,0,479,340,465,770,662,189,185,1117,787,263
979,1426,452,235,688,101,282,435,954,452,299,1323,766,426,478,329,837,328,142,34
993,537,63,1118,365,407,486,58,1322,838,452,860,494,620,0,534,829,289,1502,1287
179,505,692,2081,533,373,610,362,857,619,284,1310,642,807,938,1874,1383,618,659,3547
1056,531,2918,83,61,229,1840,249,864,632,1336,1005,88,2076,761,1020,559,193,897,877
168,1075,199,1670,14113,160,4600,537,909,464,778,478,811,182,1142,376,6608,0,625,15
548,226,367,1217,548,390,697,90,713,1243,916,291,269,474,906,160,866,115,113,1020
1570,0,93,1702,677,33,707,3929,908,706,879,724,268,302,1442,656,520,346,225,679
1700,15639,169,1232,2556,884,637,440,394,420,878,1584,197,85,290,191,1577,2443,1057,1229
1071,537,198,377,1546,710,339,194,282,873,1035,0,92,1600,9,453,17190,810,754,382
183,1301,118,1003,340,464,675,969,86,196,151,129,1338,235,309,669,585,734,282,529
758,1709,727,78,173,1199,737,695,57,328,2036,327,96,276,1993,1174,101,640,333,1062
579,617,282,698,500,1361,591,1287,2370,12439,152,357,514,1211,696,1886,1213,619,352,753
471,561,0,277,117,1286,656,457,656,753,20,1479,1177,822,1135,70,163,1056,185,862
683,1352,37,3391,459,60,579,203,1063,973,173,52,138,963,464,281,1609,272,201,78
2614,326,673,26,44,305,8,477,104,81,124,1091,777,264,198,39,203,968,531,595
83,30,1378,160,497,571,1108,258,475,632,213,492,334,278,1085,620,2015,394,667,519
2878,1038,632,274,549,1165,1618,1336,185,373,459,360,439,385,393,959,625,111,124,357
814,632,417,0,57,440,332,1095,720,301,1025,1932,9,16217,700,1290,556,901,112,186
