-1.6143984692534719,8.673433168224939E-6,1.0492824749049308,0.8505292330174573
26615,299,12,1885,5,58,32,396,651,39,2091,53,165,337,692,1004,2174,3342,212,6371
803,1683,2438,17,675,250,1312,13,0,1185,97,324,559,52,388,1827,181,3,497,691
66,2538,4,638,266,882,866,1968,1320,24,1,19,441,2952,976,1790,2053,0,214,931
128,12,80,1,1,725,77,151,17,793,23,137,482,183,17,6299,23,2025,992,7644
281,1344,1107,152,270,661,79,1147,9,373,834,58,110,399,534,3258,360,634,0,1121
1050,336,89,1609,975,142,159,537,747,165,2276,960,4698,77,2857,26,240,242,470,126
0,787,2,920,284,416,375,34,581,1125,975,2703,928,34,4311,201,16,171,0,244
340,0,8,180,0,1066,560,1939,532,1255,146,577,29,366,1513,13,1073,1011,1484,142
8287,681,1056,345,831,781,1509,906,179,54,2722,1527,524,984,4,79,323,4270,2067,30
421,1731,140,1370,1,1,506,118,5,2219,1660,2236,227,81,915,165,2254,1139,2083,43
378,100,1071,1195,28,240,65,102,1110,258,1,410,1212,686,1185,1,1845,601,819,811
310,1037,1600,18,705,91,187,129,1362,1018,248,1606,559,1504,0,302,532,234,185,341
350,308,567,715,282,239,285,667,271,232,4,88,36,194,355,323,438,343,520,471
1073,312,78,1,1170,1004,606,867,79,3143,13,1958,95,1483,327,188,881,58,37,1733
200,17,1321,808,466,36,49,1282,172,59,697,0,1285,413,446,158,2040,1885,2487,181
4030,6096,969,2221,4,480,14,20,1217,957,216,561,302,142,98,2480,125,1798,1133,823
262,3141,1,1370,364,153,3486,1,5464,117,21,616,961,427,97,4202,1174,74,2200,23
1303,1724,102,700,1644,382,149,4,1413,40,138,2435,12,8,3416,1,28,3495,193,826
3494,806,106,8,15,144,3118,206,0,517,0,493,731,25,638,106,51,1155,2094,1695
75,12193,148,3906,1256,469,1789,7806,57,1220,1,7566,111,2191,286,4763,125,4,89,8473
