-1.0730998464011896,0.050614014967268854,0.7764829667310926,0.8987950095369678
413,571,397,863,550,162,1294,264,128,817,378,92,514,2106,141,304,559,535,80,213
1385,1715,1195,7,2027,208,292,4554,317,389,1454,511,1731,681,325,133,400,1198,601,815
97,320,891,1602,1451,552,787,514,656,432,6,437,2279,0,420,10,865,149,1005,455
1524,142,1125,155,160,1289,0,427,764,764,647,329,0,1304,304,468,248,12,797,466
651,315,763,118,514,382,4406,432,34,526,422,1718,399,540,445,216,2004,802,1781,805
301,146,129,2163,81,185,388,509,129,265,1101,1354,293,1624,805,1304,969,402,2209,626
221,392,426,860,1558,197,1182,1338,448,941,376,1110,600,1087,978,51,219,635,107,513
855,503,212,2098,222,416,307,120,686,863,79,2039,599,44,1042,171,732,1473,1057,36
771,588,540,1413,330,34,9,1755,2563,299,6627,516,895,693,0,299,522,83,244,580
4,680,382,300,412,619,213,6440,3147,8941,4687,512,960,727,537,781,2657,548,10,1246
269,722,2062,177,449,871,526,3177,1501,201,5949,2735,5126,840,2024,677,1100,1859,615,444
238,575,2782,75,345,142,914,441,706,13025,1710,8012,1924,579,3374,57,1129,597,1265,1623
464,671,1,631,1382,2666,1388,622,7019,13680,1323,6835,3175,283,1170,1256,671,586,222,316
459,455,307,1581,92,1068,6819,4173,1171,2103,877,708,192,318,1038,352,453,261,321,1236
33,176,686,778,1201,424,552,892,1458,882,629,624,1180,253,270,878,2585,817,245,553
766,1074,624,142,4,21,524,972,810,939,66,474,1252,477,203,769,1292,350,1618,102
1953,767,29,678,0,924,1012,841,415,126,1041,319,600,1167,735,307,52,605,723,348
3,85,1300,5,562,407,1869,596,65,489,254,1558,630,991,427,1814,6,1659,381,708
934,903,0,1192,142,1343,863,523,104,381,1512,555,1256,2181,23,830,513,218,1091,829
298,1290,436,568,1600,374,617,790,401,0,464,1289,839,670,347,949,642,409,604,659
