-1.00272007597349,0.04680445177246507,0.9096462548975094,0.899307643740808
2126,291,1198,487,2253,591,557,631,457,327,334,610,1179,512,766,257,3121,2014,1570,5251
408,271,418,271,746,1001,653,1609,2655,1522,279,691,3161,938,233,1055,481,407,1612,419
80,1079,86,597,355,244,280,1002,303,827,741,277,901,272,129,491,266,690,245,319
415,1189,482,1886,435,522,245,130,127,222,512,904,76,24,904,1419,453,576,252,507
221,1072,846,1752,859,1100,81,695,954,483,727,552,55,250,147,565,177,407,1420,1965
639,525,1098,1126,222,100,645,1358,355,189,1375,70,322,60,295,275,1053,422,3204,787
3058,642,418,1098,1130,233,229,219,384,98,697,1126,483,886,1430,849,329,1411,549,328
211,465,96,358,33,957,113,0,97,516,184,1069,434,370,608,50,1615,389,857,400
447,315,767,15,1008,275,85,665,598,778,470,703,635,633,200,8120,92,218,1216,172
478,1456,983,106,925,798,1905,589,1392,906,942,324,4412,159,1248,9813,1200,1221,32,725
107,107,667,239,908,1266,311,188,683,103,1187,497,253,1077,13382,7043,9695,5054,771,255
605,608,349,1027,3137,1834,656,547,687,192,834,245,1065,22,1451,2407,8517,3868,450,182
180,970,174,752,224,185,1043,886,1467,479,607,764,12,1620,558,6144,1687,0,1876,4174
315,334,72,1546,322,471,247,2030,952,112,4,722,790,654,269,62,209,521,6890,5495
468,1032,311,2577,558,2727,760,581,421,574,282,418,333,150,439,301,2319,1798,812,604
1301,582,417,807,210,246,546,303,334,267,1045,464,465,854,1010,595,1447,1248,577,748
1,295,573,672,1356,494,305,1860,33,289,0,790,1327,530,1500,1942,1387,155,735,573
757,510,442,235,480,214,382,329,295,779,570,1496,229,1461,372,622,2693,323,83,345
1045,652,733,356,363,321,899,296,466,302,344,3053,361,1010,1252,223,942,2947,3157,186
8096,277,633,2675,1213,327,717,211,889,943,0,1160,715,312,320,789,1889,1150,3316,2739
