-0.7152411249745896,0.0526231141521658,0.8952779205663158,0.9493746062924642
161,682,571,498,1503,932,789,534,843,301,3118,821,853,300,1370,483,613,1426,1367,599
576,429,388,1214,355,1100,443,950,387,566,646,860,584,998,485,963,1433,556,1313,723
1936,701,1160,413,460,966,828,1183,518,1370,470,159,678,1078,1052,989,521,1615,518,375
1607,392,969,463,441,489,432,700,371,292,321,528,939,1818,488,1844,628,1118,1135,693
738,937,779,734,569,298,1148,322,718,517,394,1624,548,403,2719,2895,3365,2792,217,233
1640,998,1192,430,857,1162,1334,595,534,1796,832,744,941,1605,1520,0,1349,3922,3086,1182
1577,570,77,900,914,327,655,1126,1206,331,386,1274,1429,595,898,1161,1337,1909,3462,1231
315,37,1325,1802,210,201,889,519,258,2468,506,898,1305,1209,720,669,2473,2032,6566,260
444,254,816,1008,739,383,458,853,435,319,811,279,670,1395,1933,752,693,8096,1296,1482
600,474,306,684,2218,157,1771,210,603,218,612,1826,75,1905,1302,4847,0,1533,3239,1948
291,478,188,949,1001,497,124,1200,1235,116,2874,1933,563,1240,1666,991,1911,834,1609,1825
1544,826,408,847,904,1115,1428,227,1175,1570,472,2815,298,3523,4981,1913,592,2434,627,0
386,1229,419,357,1208,845,760,390,570,1317,693,1053,1209,479,1485,852,1305,684,1732,653
444,1153,1348,322,1222,2120,473,683,126,734,779,64,208,867,538,863,1017,1028,849,1645
1132,1249,1577,0,2095,1486,1124,183,1322,583,249,388,519,0,1084,388,2888,3735,694,1079
566,531,525,357,897,590,786,285,295,676,819,738,1092,79,962,1608,311,769,697,145
1595,75,482,739,172,0,345,1635,2844,517,331,383,1135,618,1050,2221,516,569,569,2203
497,152,428,754,451,725,442,1038,391,468,224,823,1273,2390,338,488,760,460,2121,225
421,1719,2168,374,774,1434,203,1945,782,1166,0,520,806,734,474,193,282,1358,954,1484
1134,357,1238,408,0,1027,964,239,665,460,338,940,438,1817,678,146,497,1641,793,834
