-0.6191068890213537,-0.0038661304102551824,0.9006821180545047,0.8495516584290558
377,1503,272,237,603,590,689,334,834,1026,1060,854,899,587,548,474,396,335,737,225
670,191,747,845,715,8,283,425,719,1920,470,155,556,727,1080,1303,200,1037,273,714
1136,895,637,391,600,577,663,830,762,600,263,512,1151,3745,518,942,261,483,515,1716
768,83,622,764,487,872,1162,602,82,1414,881,1178,0,1005,919,300,386,528,365,866
219,1623,573,19523,650,425,767,584,0,719,675,431,394,316,881,451,827,347,912,1097
846,386,683,496,1280,380,961,242,465,118,966,1183,525,513,647,757,254,578,1158,646
1051,836,650,751,652,600,1136,740,677,525,830,1166,777,571,496,923,279,577,329,703
1351,139,588,1661,340,1682,811,790,689,438,351,1423,807,956,854,256,741,792,1000,391
215,705,430,824,1389,685,382,725,609,388,371,1173,347,190,806,957,509,471,247,793
790,2101,459,465,368,1303,1181,959,914,863,351,1602,189,773,607,900,753,750,393,654
604,826,925,704,852,436,447,563,387,563,731,510,208,654,470,608,693,1247,368,295
214,515,514,1090,287,315,466,397,422,849,629,988,901,691,923,53332,1069,692,506,535
452,940,682,1197,277,662,447,473,752,265,301,313,904,412,1111,896,111,397,1233,546
722,759,1388,529,653,482,877,595,894,170,751,348,706,588,552,343,649,497,609,1013
1457,490,764,273,937,781,488,665,529,552,426,627,355,182,400,669,830,521,1115,508
683,820,1006,1606,351,206,1438,658,54,692,690,746,721,195,1435,697,1031,642,447,490
628,337,636,817,1063,237,422,277,557,1305,485,71,837,756,414,625,843,550,831,351
507,413,707,519,335,803,491,366,592,331,690,669,383,1518,383,548,842,644,297,989
576,843,757,211,677,88,764,655,2170,576,299,1182,1425,1400,999,704,919,1136,731,1127
2365,457,688,516,536,336,1163,1741,924,578,780,263,32199,783,489,434,874,1136,612,489
