-1.3802286196467688,0.050742102982293605,0.9106970684955752,0.9095423195653084
13,1666,3282,1719,416,524,479,477,325,759,10,1974,1813,54,1599,1305,292,140,469,3629
150,2352,1118,1539,1858,222,67,654,1089,764,979,2365,403,1,1271,747,1041,5565,18,3325
10,360,3191,45,867,5,1466,1044,1443,145,114,680,582,356,1962,1145,131,500,1209,828
1137,282,355,363,1660,155,58,1728,380,31,484,894,1680,405,3981,674,28,149,940,800
1309,418,762,693,272,414,1064,86,571,777,1244,1,970,3403,1691,1127,596,1088,1064,596
1124,241,13,674,1687,610,1353,1656,29,71,863,2229,2866,2236,737,90,51,3,3056,495
221,1727,7,797,294,288,687,766,358,1015,752,283,2459,0,7,1834,3,1937,2165,2700
85,208,1539,4,414,52,12,184,203,594,1537,0,337,1,1,4,2644,3307,593,516
1232,1442,1200,69,2,72,43,145,1312,721,445,7,31,217,1510,4379,564,4155,1762,2244
228,1400,485,2204,138,1,176,56,28,82,238,162,561,0,6027,755,361,488,849,509
203,192,344,1858,1159,168,550,1945,3,26,761,376,1107,607,2740,5930,753,2089,1,241
22,253,676,249,8,672,2201,30,324,493,483,0,180,194,4637,5177,6247,1154,2018,5049
28,480,46,1222,809,860,0,765,680,382,859,360,1333,3725,972,1967,4264,74,717,4023
406,410,428,1096,1624,1529,171,2091,81,1284,1,330,419,714,1,651,1358,2899,97,4369
657,1335,407,25,598,71,1404,256,483,847,207,39,3330,501,289,2161,2799,1542,335,940
1354,1,1,226,1191,489,1440,772,738,871,17,2408,22,1539,498,1868,448,486,2549,22
165,329,347,95,1194,576,699,2040,134,2341,498,635,577,2563,12,1458,1179,2788,597,1057
265,774,196,1115,987,477,188,417,1242,833,647,399,960,167,1349,1557,2734,2804,304,2342
414,120,2,1200,46,775,9,982,241,1718,1184,3125,652,107,660,3153,1924,2100,229,44
378,15,1415,23,316,735,270,948,797,188,169,229,1046,723,600,2478,1946,4193,336,1706
