-0.580309843470746,0.014102624927497007,1.0000478867394293,0.9657178223823466
656,1963,3244,1534,717,1604,1094,1349,446,1401,1686,810,1364,1144,1383,963,1787,2063,1011,12571
605,894,1167,614,866,426,932,1151,1314,842,703,646,2785,1456,682,1645,218,1111,1001,2069
1762,48,278,2651,853,620,1137,1770,760,122,553,430,947,1258,683,172,826,1383,915,1006
1105,1283,475,1151,612,1296,1977,584,1270,608,315,745,228,954,467,631,716,1266,1183,1623
1322,133,1964,827,1274,1120,662,1589,476,599,210,1444,2134,349,825,188,1409,504,1311,1307
979,899,791,2331,411,629,945,875,170,901,1063,615,1029,658,578,644,1152,1252,384,980
847,1051,775,508,58,499,1097,410,473,501,610,282,1249,983,452,572,1332,1035,1286,772
566,979,705,1271,1157,587,727,269,414,739,692,881,875,1452,588,768,234,1404,710,1681
3760,969,2091,644,646,1015,280,1037,433,1244,659,528,1272,605,659,881,591,422,174,1421
2041,1798,1644,1398,715,552,375,384,151,651,1110,814,626,1025,1385,982,973,384,83,513
1061,24,716,410,769,585,326,363,901,469,126,617,1065,1466,376,798,803,947,1030,433
873,812,503,370,389,1050,964,767,532,547,1929,1119,507,1120,545,527,1355,41,11,721
821,1021,703,650,1202,430,1967,1026,1043,110,284,751,1507,686,625,905,908,648,967,1475
350,1264,1836,539,1316,297,510,398,500,415,516,563,269,1698,734,560,988,1205,560,589
1485,789,487,1114,727,354,467,278,309,407,714,774,386,688,953,1035,1344,890,1257,2029
547,392,1051,938,271,880,702,693,720,667,933,627,1565,385,806,878,642,1422,553,909
1303,1735,1338,485,1110,1486,1638,787,862,2434,630,508,309,587,384,849,1276,787,1675,946
2037,1686,1170,1409,633,745,769,848,1645,1381,1478,752,1057,463,1008,493,276,1481,624,3362
1533,1964,950,827,1843,342,594,762,1248,905,1589,752,1148,509,1418,840,646,1817,906,1743
1021,1292,1036,665,1987,566,1099,791,552,984,1082,910,1105,997,1517,1611,1800,507,1876,1770
