-0.48367575698644966,0.0011061349268637996,0.8466471800849183,0.9477528173993112
1011,764,480,1027,1045,556,800,1021,1221,464,713,646,591,997,719,902,487,557,204,537
1013,694,831,813,935,1605,782,1442,310,796,1109,1102,247,1272,433,1019,139,135,836,930
1067,52,517,277,845,945,442,531,1728,1209,1084,407,521,648,1511,270,737,638,401,412
729,379,644,449,686,774,1215,1877,1306,1505,1125,616,1198,738,903,818,1210,600,547,755
0,565,830,584,956,622,842,1439,306,786,1713,806,885,362,1540,426,1236,886,814,639
1070,508,1084,718,535,366,632,1103,1308,1524,455,1746,1046,2038,1030,317,748,853,1232,842
501,1166,1033,746,164,934,532,731,1649,813,1055,828,917,1038,470,405,401,681,1200,1005
1089,637,1463,1073,545,902,1430,1214,1888,1295,937,1127,496,1217,808,804,200,620,271,528
1165,1843,729,1147,1862,964,250,1866,735,1318,810,31385,800,863,772,768,1003,948,468,940
935,917,1105,1301,1267,740,831,866,1022,827,1147,1159,943,1102,1923,1100,1419,582,658,761
1145,749,1998,271,659,975,306,1287,1224,655,792,2348,1917,1309,1056,636,908,1020,1365,2101
721,534,569,1927,1166,1001,1114,936,797,906,876,1236,1466,1163,1546,580,361,397,1239,516
337,616,402,1095,533,788,514,451,979,598,1123,2802,750,401,358,1077,283,659,587,853
1020,992,1084,1169,1782,2516,510,1537,999,184,585,1203,487,530,548,1224,885,328,572,960
683,373,890,885,1117,318,1226,504,1057,1819,646,1149,522,1153,1052,695,1021,1255,1246,1431
887,449,840,237,1106,823,987,359,350,1394,660,866,905,609,1010,768,945,690,898,449
266,329,1745,1012,1048,899,449,1335,733,1269,1459,1545,855,1370,938,1207,1024,1011,631,418
661,344,836,662,972,553,1072,1174,564,709,1499,690,404,1171,971,414,541,668,731,403
524,318,1014,945,672,1346,918,282,765,260,552,327,912,603,760,539,1150,556,1080,1255
939,863,710,1135,1021,1144,1006,549,669,1416,776,661,863,875,854,919,308,382,326,652
