-1.5416831951171732,0.004211036535606193,0.9999190721888769,0.9026767915296657
2654,2851,467,1396,153,911,6250,1678,442,428,17,2074,2413,3505,2120,2,885,349,973,2045
3293,728,4565,877,3562,11,552,2478,312,796,1837,177,924,272,1044,2685,5575,2243,1661,603
876,2490,1346,126,2698,574,1279,48,1183,342,167,224,1062,107,1406,128,8,94,226,538
2174,501,394,156,1088,57,110,1036,844,365,261,406,1550,130,685,891,271,1869,4805,1
1232,1,200,1202,930,335,265,2480,399,1291,56,672,99,203,919,1857,580,1004,1805,685
5,91,864,1034,600,171,192,630,1404,505,1754,1,27,652,2765,1846,1313,780,326,502
117,1992,892,9,663,3,1656,821,8,777,697,649,3567,458,893,3093,1772,1165,771,652
1709,4,1888,713,2690,764,1347,517,6,996,21,419,4,103,2692,249,121,95,2170,529
2,960,296,40,271,12,241,2,98,2373,239,9,986,316,4492,3,1106,97,238,1735
328,410,1,908,4,4,338,180,28,6,10,336,24,599,130,773,1138,2216,315,1605
3384,1030,1357,32,595,2,1091,4,616,201,165,259,1592,512,8,2895,1445,9,1906,1994
140,456,2452,41,339,379,613,1534,1052,429,104,64,738,1193,950,983,1602,51,1319,36
747,1565,1885,1,523,3637,81,35,1987,476,350,2,315,812,125,115,8,28,1389,339
6,2089,2,0,865,907,2617,1597,2283,3,371,3199,3614,43,53,133,192,1298,2241,1017
220,2408,603,2920,222,8,1,93,288,148,1173,369,268,775,1989,347,1034,72,5162,32
802,2007,415,237,488,332,2193,2289,2126,618,258,41,1691,11,154,299,205,2077,2,1785
927,2684,5150,221,2348,25,1494,630,1243,798,169,514,592,19,45,2276,17,4287,637,595
4701,2405,1,1269,677,5,207,14,779,1372,89,99,229,11,3879,167,846,12,20,1097
3474,920,145,397,1613,1661,144,3921,808,1605,183,14,7231,201,261,8,3,983,1190,2402
2813,1485,5,1127,1761,876,609,3,2280,2183,637,917,558,579,5083,2674,406,952,319,407
