-1.8497523831271268,0.010681506399399507,0.8087674089200948,0.8490044364345428
1202,53,7,249,2428,69,255,1206,564,5,913,4,2061,39,1377,50,2,945,33,282
192,520,181,2,10,29,439,514,3146,2060,4438,980,2933,2070,285,11,55,59,340,3262
43,297,24,44,1,1,15,3185,471,2046,89,953,862,328,76,147,232,381,317,79
2,373,264,2580,468,830,10,0,464,1,1494,1,1,118,979,824,2711,614,855,12
55,1,1,114,1,5463,1149,0,102,63,99,11227,446,2208,187,244,9,4,90,11
167,814,1612,2038,263,2293,3664,1876,153,5389,357,747,60,3472,309,39,544,470,500,398
266,283,576,396,1,5,368,3471,613,87,1940,62,4223,24,1705,3136,729,24,661,184
156,5,1974,921,3437,4538,36,4514,153,1122,2411,1451,84,1082,769,168,825,2,269,146
1177,1000,296,482,2458,165,1128,1538,11336,3731,655,16,110,404,0,1473,196,1219,626,46
1030,135,439,3429,2,472,1817,488,76,556,7448,9199,929,1482,3,1000,2220,2331,9,1324
3,944,309,414,23,153,3528,7,165,685,3998,1,210,77,1292,60,744,3902,1715,422
786,61,161,394,1,4,1461,24,3546,1205,1742,839,19409,3484,44,3,35,764,279,1940
171,756,91,1433,88,2,28,1841,62,47,2535,0,1355,10,146,947,133,1464,350,639
940,174,60,1815,514,4,52,233,5340,11,123,535,2002,244,3608,1175,613,2016,46,2
20,10,26,101,2,1718,1012,2221,275,8,220,2540,172,152,5593,204,279,29,1763,457
4282,1,1,377,1,394,57,1203,1140,704,67,115,45,491,19,3,3363,9,135,313
338,21,4441,1810,2061,36,547,2,519,31,974,1129,499,13,783,4,1757,259,31,2441
1599,59,587,293,3616,624,326,63,248,477,1011,910,16,230,147,75,2,1,2847,1
794,27,2024,3,330,1414,528,669,14,105,437,54,1353,1587,3512,151,195,277,1867,3007
744,896,238,367,828,302,984,651,34,1236,1187,74,527,418,7,160,88,73,4428,104
