-1.2716544929851243,0.05200482988948966,0.7998196936826963,0.896326073779622
39,221,2506,306,1162,429,1617,408,59,518,33,275,4,6464,148,1064,149,1299,29,158
170,249,1100,1129,1036,5,1921,476,10,832,244,1,613,323,467,924,337,337,0,38
261,356,662,359,276,177,390,60,151,218,263,105,4410,280,895,1884,17,241,290,369
0,871,29,228,611,442,1405,574,1567,78,13,464,853,990,476,744,1197,492,1132,1224
1935,6,31,71,54,163,1788,4434,1329,278,385,1421,679,124,621,10,985,180,179,197
1149,1945,638,1438,275,605,406,1012,126,80,586,34,133,1776,346,684,649,52,407,95
105,1070,233,335,351,839,1014,1350,1004,485,16,1090,1032,1198,15,1326,91,447,1273,1446
95,324,221,426,353,1350,1432,808,183,1737,2545,26,23,432,592,2614,96,607,275,55
838,1663,985,342,41,669,188,300,1980,476,608,0,1883,1866,2499,263,0,260,388,575
598,135,212,956,512,471,1789,3082,532,1533,0,4978,462,2199,1053,3281,2424,1917,306,995
505,1761,3215,385,733,326,166,1419,5871,0,7517,10061,2930,3801,721,674,271,229,1218,193
84,633,522,1348,176,266,380,124,1250,2784,1449,6673,4823,4384,350,613,121,3865,1349,634
933,10,155,192,240,474,437,10,3570,426,5211,3890,4079,99,2900,1982,1778,4721,4336,383
42,1249,1770,358,2930,941,42,12,662,2298,3754,1530,2556,707,61,4644,2368,0,875,421
371,262,1278,165,902,159,3921,1667,312,206,1287,4322,2235,341,199,1756,32,1182,930,788
1631,400,10,614,203,866,3627,438,3659,2198,618,202,214,85,2,732,1638,260,1262,103
686,286,255,293,107,577,158,635,286,107,888,646,1330,1525,77,1533,218,2307,1372,69
571,820,1145,63,2242,81,1389,280,900,4276,777,94,923,210,5,24,2343,629,127,111
1488,48,1168,1390,1079,822,1400,333,142,36,19,487,26,2288,656,658,866,251,3131,599
321,1165,84,1177,147,26,152,2849,220,100,561,421,15,220,432,540,1463,523,1662,232
