-1.552848251735246,0.05204363566571667,0.9007400971451509,0.891754842255388
581,1180,2491,917,620,236,1728,1463,850,554,2990,1,776,826,993,25,2470,1106,3729,1960
388,1024,2428,231,49,406,863,82,928,47,742,2875,3111,75,40,148,869,592,596,1419
1,715,1167,39,260,146,12,1376,565,135,493,689,3909,160,1026,1382,351,2690,1978,4170
1,185,1777,20,5,438,198,365,898,263,25,379,92,250,214,2,1086,94,1017,309
1088,1,233,161,365,2547,1311,386,215,1,410,34,1268,1770,407,367,666,2367,1549,2784
896,2871,0,944,114,725,556,619,1,55,1393,1,0,720,2136,824,198,1000,156,1009
827,376,12,93,580,312,1,180,688,194,53,1,2267,959,31,32,199,1755,1701,1265
8,187,367,135,1673,411,1037,185,14,238,3116,2474,311,31,50,1328,1487,1749,1406,1661
41,2145,839,1924,84,321,103,116,455,1154,1774,103,628,34,166,1688,102,2,893,86
129,895,532,1191,5,39,1069,20,20,1,742,498,217,1373,4614,3379,0,11,283,20
1084,163,1789,102,1536,1610,131,67,2272,460,329,1288,1534,329,5930,5408,8357,3354,6288,698
72,183,10,513,982,562,1241,925,659,1178,618,14,910,1728,3192,7345,1671,267,1363,22
270,802,141,1783,45,204,288,599,8,76,1120,154,92,58,9,5551,4452,9,1093,2732
251,5,920,147,221,430,124,2168,232,519,1,145,75,2130,20,3657,3615,3352,2277,2416
3842,16,1204,1066,1113,2581,10,95,304,470,1,121,953,166,1867,82,5439,3782,373,1246
1095,1023,525,244,154,301,259,534,152,3470,38,1908,1405,2627,1421,740,906,342,1262,530
1105,402,2,1258,706,893,265,0,957,1736,94,942,860,1210,2506,4700,484,907,3825,1035
849,175,259,2,193,570,1731,128,406,209,190,578,754,917,75,1239,2419,2,152,1260
580,33,1,482,90,1,763,84,13,6390,301,381,1358,724,60,3531,8,199,1182,578
454,1459,252,636,124,1084,3734,866,114,173,2223,728,2583,19,1348,4315,2904,1,474,13
