-0.7293038957597772,0.009957368069441452,1.0015010055133504,0.9526959967436602
2391,502,2346,3854,804,1571,1293,1457,1458,994,746,1280,84,1386,1187,1117,1888,272,737,12196
750,92,1499,1546,1335,191,1496,1994,904,724,32,787,1303,1176,1259,1861,943,1273,1399,1348
1048,1890,500,957,462,603,2561,925,116,505,641,784,1651,1177,828,1080,1020,1242,180,109
1097,4,1122,435,1119,1960,1271,1981,71,810,711,1573,881,691,309,1357,1016,1662,2555,1024
650,1011,1364,538,1243,1598,1881,1078,476,1049,275,965,1306,534,566,0,380,1191,628,433
762,1257,956,2093,706,1052,122,619,340,1158,910,461,1608,519,969,558,714,471,890,574
456,1271,1633,609,616,740,0,1552,1603,518,726,205,775,933,467,460,894,154,1469,1544
89,1516,564,311,822,690,334,1971,934,892,0,609,618,524,668,722,718,1711,0,1431
80,20,1280,1630,1816,1458,424,788,325,749,874,192,2060,341,491,29,98,1300,631,301
1183,2180,273,834,578,687,526,723,255,1286,1139,260,470,1028,1095,907,757,1104,120,376
1337,0,2221,1114,94,1044,339,101,576,602,526,1156,0,632,201,743,978,1075,1688,616
462,212,369,827,326,917,868,1596,551,563,568,685,1049,1754,424,545,1752,267,1117,1039
1169,1200,16,856,3206,790,283,884,616,628,257,892,219,1328,1,700,828,1594,2604,490
579,947,792,1098,63,1352,859,24,314,394,222,0,0,2202,961,1297,188,1605,1776,841
779,1449,498,1034,16,325,773,180,648,785,0,453,565,697,1786,824,1180,1338,1168,2337
426,142,539,1770,575,90,95,741,739,360,1410,115,650,617,972,117,1679,861,1028,756
2589,3405,1941,629,1137,608,266,1412,1164,1749,1272,0,384,263,473,493,1145,1274,2244,1605
1144,3331,2148,808,521,0,1468,1016,95,1516,807,1613,753,320,519,725,332,1107,1131,1708
1590,868,148,1072,1307,1277,1003,1714,3015,1032,685,1093,817,190,748,484,659,1253,2051,2874
1682,563,1033,896,1741,907,1334,685,1394,710,1539,632,1076,1289,1408,1746,812,1484,2151,1249
