-1.4755457385559043,0.050686038543968026,0.898295677425741,0.9053346675118585
12,2745,3705,693,416,556,1645,164,87,773,80,370,1993,26,501,1305,182,7,758,2572
103,1986,912,1114,3805,532,522,161,0,1483,694,344,510,1,5,536,1575,5389,17,3325
10,762,2281,70,590,4,1481,1337,1778,145,120,874,729,389,1636,782,1155,940,1760,1052
558,344,92,71,1925,118,58,1611,473,172,1615,2044,1946,58,4194,1,28,152,11,281
741,312,95,677,1,390,1011,43,878,777,1443,1,778,3403,2,1127,603,677,1004,426
161,151,13,720,580,10,1758,1526,45,81,926,2323,2866,2048,691,110,15,3,3472,3335
1095,1644,793,533,891,329,559,1027,488,915,261,414,2469,1266,16,3205,3,2297,1355,2310
85,1268,1565,4,545,221,25,268,75,594,1385,1486,584,269,1,4,2644,2416,649,508
1163,643,905,641,2,48,43,63,423,736,95,8,20,773,1656,3850,1,4113,2258,2059
15,1854,195,2941,173,1,123,77,174,124,236,289,678,700,6058,500,2359,516,678,371
167,98,58,1905,479,402,10,2579,676,0,1689,124,6,724,4861,6145,1969,1948,9,239
176,147,1633,148,16,904,2432,14,118,819,500,1707,215,416,5032,5177,5675,1154,1715,5019
63,558,46,1619,25,689,92,456,638,351,1213,1,2439,2742,772,1967,2147,0,788,4023
348,485,311,2327,1162,814,294,1776,280,982,1,2344,1063,1082,1,609,1330,3028,71,2580
2104,188,365,10,365,141,101,838,466,64,3,43,2207,207,458,2207,2723,1424,422,442
956,1,2,392,1472,488,1058,930,136,431,3,479,137,1836,357,1362,441,494,3459,22
280,747,560,164,1549,576,699,2491,134,2339,631,227,580,2387,36,2273,2327,2231,256,1057
583,735,789,1115,875,169,508,417,1242,1175,311,399,1322,726,1294,1480,2742,2534,392,1157
591,74,209,1200,42,187,20,1683,241,1186,1368,2579,598,162,743,3211,2099,2181,384,60
541,49,581,23,316,641,316,932,746,918,64,5,1246,1142,732,2571,1990,3994,336,25
