-0.8107165692275914,0.01953413086827592,1.0007886560632109,0.9501359400646169
1522,3194,1031,864,1451,804,1800,1384,246,267,163,345,129,199,1970,1256,936,349,228,4558
1545,1376,2185,1236,1484,1942,930,920,2772,745,39,1861,1335,704,1640,1471,1950,5069,1039,1546
1046,508,819,1098,1429,462,234,1293,386,122,2040,1204,220,549,1135,1079,856,1435,995,157
133,1800,1455,1002,2282,1354,369,1926,1084,1832,2099,475,816,1547,273,629,452,396,1203,1748
1489,207,1517,81,299,801,1401,1440,626,439,903,1207,642,216,1178,1864,526,4905,241,1631
1330,3003,918,1014,269,291,757,1485,214,747,232,167,1390,1819,858,1946,1320,2347,764,1167
178,719,890,302,2001,18,339,1773,149,317,521,483,404,320,989,1230,610,609,91,779
299,843,608,177,1535,736,949,209,661,595,134,491,242,406,429,1303,201,162,1043,1947
396,230,317,554,632,376,0,344,534,354,1225,102,61,189,774,817,244,630,724,1030
532,3817,260,585,1333,1033,508,5,453,42,795,22,664,934,3481,399,1008,1254,2342,502
720,898,1093,359,826,883,312,531,997,104,824,649,652,1355,200,1030,1425,1448,1761,1759
1040,986,727,2542,143,450,412,338,458,2428,604,419,652,114,116,958,906,345,608,556
2348,946,1181,1522,66,429,1393,775,743,1693,1106,263,23,1064,730,299,2255,490,725,1041
1758,906,1107,460,516,293,1328,392,1059,1687,810,166,406,411,276,53,483,129,1151,408
658,772,133,270,177,1233,1470,224,120,737,465,1004,457,368,397,585,711,415,315,529
242,598,662,1251,432,1162,652,188,116,877,1330,1071,87,326,2175,1458,757,1027,2634,1371
2450,667,263,494,1054,547,2252,1231,199,245,609,544,1076,133,1501,907,1275,1301,1863,1858
1336,755,232,1088,145,722,752,0,587,2702,475,357,414,3274,2879,2662,473,1693,1899,1570
1447,845,631,2729,660,1102,1890,85,2390,745,2143,803,896,588,1024,218,2795,2284,2127,1563
2421,998,3164,1348,915,235,2856,1376,1532,402,543,2292,1705,70,330,1559,1094,2007,2064,1201
