-0.614989182469542,-0.003843823815808319,0.8455414301732862,0.8907742057415334
1064,1410,579,473,556,851,601,106,1279,539,1135,430,191,681,701,848,1058,358,1489,369
1286,1736,956,1319,470,671,635,815,1049,565,424,1271,982,262,925,1131,129,1640,585,1183
1015,943,1499,723,302,198,1003,542,1051,338,418,846,513,1256,888,918,297,627,559,1107
595,732,907,36,159,1491,903,414,921,246,176,391,660,619,1105,1782,1318,402,682,435
401,1352,1043,876,124,403,781,1435,1443,437,1191,442,1063,1372,1407,248,1272,122,1100,113
926,698,1125,123,1167,1116,521,1431,559,724,27,588,629,605,204,890,876,949,603,687
373,366,199,1001,1048,1335,802,1068,549,1263,940,731,1067,618,1246,292,327,1096,744,493
915,604,1140,795,1012,573,670,2460,1054,487,1202,859,745,892,1091,86,1238,1634,2249,1002
1021,435,807,848,514,219,390,416,642,1762,619,128,1489,764,706,1169,733,556,1056,630
869,499,1383,788,1138,761,510,60362,913,1106,50,1037,822,494,388,570,739,558,1340,175
1414,1792,1916,13,597,560,718,610,1108,181,273,572,618,1060,992,590,1694,789,843,95
306,711,350,865,641,954,606,752,657,1342,426,412,1009,687,14,819,1362,728,1004,481
1589,795,206,342,633,382,273,1084,431,373,858,1099,421,823,891,487,635,948,1164,493
628,884,1120,391,943,440,1255,393,291,1842,560,743,948,761,687,242,810,705,208,1124
829,836,97,771,525,2055,501,480,828,312,394,931,617,52,2503,278,1203,58,742,855
312,877,900,472,1045,1474,956,686,1756,431,660,1824,840,608,535,875,303,931,972,446
965,468,422,591,123,1082,844,1504,446,1926,432,941,281,845,468,1079,412,324,640,819
355,1797,972,465,1077,25,262,774,322,745,1922,846,486,1127,974,1118,884,1479,1179,447
848,999,844,776,973,828,762,1631,314,428,678,989,1094,520,645,562,1491,978,323,909
343,741,1038,1167,712,1500,560,1435,570,1315,937,435,719,258,534,1343,1774,777,264,427
