-1.0352064833352244,0.04052774879142256,0.7945083771194487,0.8970476059678
424,289,871,376,881,335,630,357,1854,178,1265,251,1349,203,25,321,0,1103,3872,255
1092,2273,31,1191,947,136,180,2244,2071,365,1610,470,615,572,604,106,98,244,256,138
385,734,705,1036,2722,138,625,813,381,912,100,1159,3077,306,35,604,92,229,1014,716
1198,118,687,268,862,60,879,1373,1718,186,361,471,357,825,98,676,66,539,951,77
427,256,843,997,482,803,636,745,320,472,172,870,486,592,807,409,1339,97,2715,2
532,75,656,2832,928,1,401,50,285,859,237,503,359,466,834,294,677,551,633,1034
873,503,301,1235,210,1279,1392,1000,2101,1135,214,0,896,2271,191,807,949,516,430,632
1043,717,190,3228,2337,1027,271,97,829,399,699,0,1080,732,2299,0,473,783,1200,543
823,317,1053,1877,69,150,1171,1139,2120,17,5380,1063,1732,2653,137,259,234,767,424,2685
75,1229,165,437,40,840,0,2761,3422,8525,7110,1036,952,961,1148,746,2499,862,313,1201
482,1294,795,371,180,322,689,1278,1169,337,3992,333,3091,329,605,230,2089,1716,587,1279
222,692,1698,429,570,42,738,268,3102,16109,956,9210,835,1611,4569,249,846,149,1147,818
755,361,33,875,834,584,842,363,11271,7752,508,8155,3099,234,1300,1466,108,1575,263,0
795,338,309,1091,250,1605,7247,2840,1347,1672,468,22,1245,82,410,1167,36,658,482,452
22,737,328,614,461,385,380,1178,757,829,397,944,557,239,137,188,2814,551,550,299
3510,1072,328,339,131,203,862,1529,900,672,560,511,1007,287,138,169,1465,186,71,301
743,554,1745,84,287,0,894,3177,483,111,211,264,710,192,327,313,139,2198,52,178
1476,522,879,172,380,277,1270,427,77,1303,880,1474,757,846,331,2012,1515,1043,638,805
179,390,476,55,589,753,828,7,141,276,1699,298,230,258,304,400,941,797,959,879
283,1099,415,551,1152,650,688,605,1362,686,70,257,3747,642,262,704,967,535,744,134
