-0.8231805288834172,-0.001803237722990348,0.851326355590361,0.8416935793923013
329,786,1029,547,820,72,554,819,919,387,1365,847,365,738,456,360,314,1111,0,1023
1454,328,3135,131,490,888,253,1132,895,556,531,1511,669,346,2971,0,682,1154,102,894
1210,552,539,909,1048,545,755,227,1858,224,321,2033,444,3782,640,545,137,785,188,564
680,659,832,263,1018,259,301,952,1956,1041,214,1048,4925,412,515,732,357,839,423,1256
818,484,222,831,466,96,264,698,1162,1373,379,880,639,1238,450,15540,1496,530,459,1128
28337,1434,626,354,229,334,1497,120,167,643,0,371,629,812,654,262,160,27,258,215
579,1414,958,1561,529,896,89,663,913,1697,777,341,351,670,805,833,466,930,768,504
1088,449,58,548,464,1951,652,486,493,1162,1270,42,861,19,148,245,967,662,789,1023
291,1191,280,390,1016,1952,1254,214,952,1479,402,53658,5036,261,0,434,1811,511,258,593
1353,62,602,1226,558,47,889,979,754,478,586,697,237,1413,562,601,583,118,0,302
330,1114,505,626,927,866,346,690,2361,491,839,174,827,422,279,391,498,279,1157,690
227,1542,216,1098,336,696,1249,957,1636,636,867,781,88,1807,493,1264,0,1142,921,791
980,326,877,403,243,647,551,159,1216,421,1002,105,497,234,281,142,1457,750,176,628
641,440,359,625,1225,47,525,215,410,717,150,196,1577,2453,1084,948,574,1846,1142,1200
281,638,1048,0,588,593,472,1138,218,610,446,409,1385,231,726,1221,289,605,673,400
423,468,1782,956,276,795,214,364,828,296,729,108,290,225,163,81,416,296,1292,192
731,290,121,1493,388,28,887,131,169,578,683,439,546,39,1469,1018,1095,488,527,385
1067,64,458,399,573,883,959,772,516,1382,345,998,119,430,784,1115,1148,0,370,919
932,1225,153,395,240,2338,501,1158,425,274,838,366,593,300,108,194,62,230,504,478
1794,463,348,377,588,370,1069,719,861,1542,227,340,2098,936,222,593,264,506,0,798
