-0.8324451454210678,0.0628760780435745,0.7998891166792313,0.9503199570239771
155,553,254,177,375,1031,301,1583,168,130,1105,288,831,318,452,225,426,79,122,89
390,828,624,219,533,595,270,1575,179,1075,1725,1356,1054,851,101,201,897,467,102,452
348,1576,279,330,797,990,783,1864,1562,246,877,137,562,474,909,157,913,145,119,578
733,1010,785,287,558,559,744,218,516,587,239,1420,689,327,347,498,767,269,37,527
1712,1297,933,906,176,340,2164,1678,2072,498,50,423,785,649,1425,438,939,854,285,295
170,2472,190,585,132,3141,1289,2502,3192,1683,2056,1671,1726,650,1726,812,950,1197,2729,50
749,839,356,846,48,546,1431,2541,3209,766,644,904,1557,1572,928,1055,285,275,1133,749
261,559,1057,772,797,117,2683,541,1294,542,2334,728,1671,2353,771,1251,474,1619,923,1089
311,97,1660,3778,1638,1056,1427,1565,440,1640,2566,1799,649,618,783,1016,919,349,109,381
160,68,663,224,1463,2082,1978,1759,684,2926,3668,2458,748,876,2354,811,0,1277,806,66
1744,341,1704,33,434,1640,2899,341,2352,3282,3147,2416,2130,2494,446,1972,543,942,1057,320
1122,74,971,1601,1821,1730,896,1166,2430,3236,2403,2461,1690,1933,555,1930,4938,1566,524,466
601,278,820,1209,534,368,985,1315,1374,1159,1314,1560,2783,1120,816,920,74,692,547,1070
633,852,621,346,413,1236,1478,136,2008,1426,1705,292,1278,903,771,863,1332,573,141,707
258,789,261,1266,497,1125,394,2403,721,882,1168,2025,1175,952,3582,294,933,1209,1227,1399
311,82,831,519,549,2484,1383,1640,1314,966,1622,2224,1203,343,983,1543,2002,1376,7,554
856,2008,527,103,374,795,329,304,2498,475,626,108,813,621,903,881,6,1424,12,533
204,129,713,726,490,670,1443,1695,1092,509,304,759,515,1428,1601,496,864,1726,452,435
498,494,292,1128,359,1801,308,666,1707,1261,1860,648,1107,664,1663,664,463,726,699,542
171,412,216,634,604,4,24,594,84,150,563,901,890,228,1124,841,410,424,188,783
