-1.6444865511555586,0.005973628614392546,0.9571668845940458,0.9034590568707174
1221,119,1396,217,15,9,335,270,2897,948,395,10,1057,3065,1006,514,252,253,78,1633
1,553,97,170,823,327,998,785,1835,944,2560,529,3,1,440,1568,2185,696,4328,1415
3292,325,430,583,2,2557,105,6,411,469,62,1268,4,1795,1551,2080,64,5082,214,2888
3628,101,596,913,1487,3931,1,2366,27,1108,313,169,1977,3032,135,422,2050,944,1101,433
223,9,13,171,5,682,3006,915,1,32,1670,12,165,2382,571,4289,972,2355,1,1
1,1,70,1291,743,671,551,5581,7,579,652,4910,26,1447,211,2362,736,1362,592,831
449,482,7,31,1013,545,45,723,1095,723,1848,106,1,4438,1392,1294,319,503,683,2227
295,358,1633,657,46,638,1190,35,103,264,1218,424,224,101,144,6,1264,7,1399,661
301,103,1434,1686,1358,13,530,884,2,233,198,357,2,8,929,1860,0,865,1523,550
7,2476,2315,733,560,33,3373,290,459,233,1468,909,190,2212,16,271,1601,2,1,1
783,0,1262,590,14,913,1377,1141,773,2155,467,105,585,663,14,212,2049,1191,638,890
134,1420,685,905,3879,2212,2113,1,418,235,14,757,246,773,100,1,21,137,1,437
158,1593,2700,1,3495,24,274,764,174,295,1,57,26,407,2110,8,361,212,2785,0
1597,8,3665,33,2,10,9,2315,1196,2,705,1121,39,2885,2595,1,1743,24,2951,4616
191,120,5,1162,663,5,1446,77,1363,242,2153,1937,54,756,3799,911,213,965,206,2396
1102,677,18,4000,531,1808,944,336,1138,4,1716,908,1476,5,1266,2398,0,4180,2187,369
1323,303,616,475,125,419,1327,190,1510,2254,329,29,83,529,1408,867,926,190,1849,3894
2807,1646,770,1071,1101,1752,773,670,3334,1327,2956,544,1,1185,5,1097,2841,813,1142,1367
1572,2161,10,727,91,188,1351,0,346,4,1520,956,365,2473,2076,3293,5684,812,697,1015
2286,2079,110,20,1300,3,952,3,5529,1140,1263,229,812,14,1496,2045,40,2167,767,2148
