-1.9444585344742507,0.0030546681562063057,0.9983105142361128,0.8515156834665965
233,35,2601,40,3,36,375,748,432,153,2780,3,121,2456,16,6,2200,759,39,1510
3688,904,346,1593,747,1430,756,76,146,517,56,1141,5,4647,1286,13,7,3472,73,260
3257,273,7185,11,1083,438,2,153,1093,357,56,10,84,55,3512,186,4845,1,1024,148
122,2,1080,507,90,47,812,32,773,72,1149,90,4146,5,56,406,194,6108,1945,5656
385,3088,524,1090,200,75,315,150,985,398,232,6,498,50,3,1478,1,162,1,2262
3343,2,968,22,3870,460,295,5,65,79,62,1054,3233,5,26,3,348,0,4,17
3087,1,300,702,1688,602,3,1894,294,4,4725,1,576,1601,2196,558,296,60,8,1
865,4067,24,1,1,4956,5237,2,1023,1,356,296,4,379,114,473,639,196,906,537
839,10,520,204,119,216,106,2066,137,1081,98,365,991,398,1756,771,1,7,2787,16
555,1983,418,470,266,4,231,2,19,1713,1668,198,87,365,272,1314,29,2,62,295
493,3,159,5,130,2,2347,157,389,503,222,1,3013,817,102,4042,19,60,1743,2191
3533,1862,338,638,696,2337,784,1,2,874,172,98,219,1734,381,1526,283,360,280,646
29,8,207,1,339,5,894,1385,793,57,1,914,2,199,116,6466,5631,7,10740,314
1,2,2908,1161,15,1,432,0,2,1943,331,2639,2442,16,752,828,8,884,228,471
231,212,712,59,503,1379,355,26,1029,136,280,1993,195,210,79,33,2620,3565,1236,1788
3596,139,235,273,7,2,1123,99,1,1783,39,166,586,1764,258,901,1,22,706,158
2767,10978,1633,4704,328,3420,458,718,913,3031,8444,97,402,2,33,298,652,490,576,3666
5438,442,229,1313,477,2935,553,1179,1,83,276,1612,300,492,2627,1418,588,1,3804,3
112,18,5268,27,283,76,353,702,426,18,218,1690,460,1281,1795,645,2156,177,2677,1354
4160,71,13558,1991,366,1061,27,2476,33,635,103,1135,629,1374,59,5,2198,1057,7,1411
