-0.5361593891878292,-0.0025025824201488044,0.9384447684546955,0.9077994793747337
1202,570,1566,1075,1220,1645,666,727,795,1101,632,850,510,1404,296,0,428,473,1325,825
647,456,668,437,746,654,768,393,1842,655,827,653,1254,535,959,1223,350,985,1073,816
543,476,618,50134,1306,1007,551,914,423,556,943,1378,538,1289,712,742,758,759,414,731
421,512,1159,561,423,193,847,530,635,887,411,572,1442,632,1318,1036,1064,1679,687,505
1327,542,825,1171,673,522,1184,1095,301,618,1194,537,472,1505,514,519,920,1934,954,291
704,1786,1368,967,561,2574,1071,311,723,501,1469,644,1011,8962,865,86,660,504,1561,279
597,403,894,921,339,1202,679,337,230,316,439,272,493,548,666,1027,806,570,1113,1060
1195,361,663,552,478,890,639,715,1136,1769,377,673,238,1079,567,380,146,1170,984,507
1196,1033,1081,427,569,661,584,745,495,450,1350,188,1200,1216,1882,348,808,965,472,726
514,1295,565,799,359,765,541,1537,1230,598,380,549,1103,347,255,941,980,597,172,255
572,1477,819,633,239,372,707,393,1280,1165,356,1327,451,1217,1093,717,933,763,1358,0
422,981,893,918,718,150,143,861,779,207,365,499,601,1078,601,782,490,540,1141,1401
1184,360,478,425,1092,372,684,602,127,361,391,958,719,2126,900,1370,737,556,194,1153
1261,462,549,1064,1081,860,756,801,986,518,297,1595,846,1505,445,1948,822,884,565,680
768,537,1217,373,401,467,1082,653,773,450,688,733,510,669,712,1428,1078,927,1621,885
518,369,1652,0,793,799,927,1133,1017,160,1077,576,859,1243,822,632,707,791,864,455
767,325,744,1019,922,796,1466,685,979,752,875,813,554,263,1093,572,1240,1191,789,386
773,898,422,973,883,728,689,423,540,612,356,523,203,1441,693,1910,415,675,1313,360
1229,816,872,711,631,1661,845,1047,545,1023,443,351,967,929,517,433,340,620,731,927
1457,618,485,997,1501,950,664,1929,1091,988,1720,2150,1258,502,296,579,545,1373,408,1098
