-1.2807901773923256,-0.0022388211392343395,0.9671345951204835,0.9069565302838616
2606,1054,5,392,1426,1128,474,175,475,204,74,859,1609,3528,936,193,705,1560,887,2707
966,1365,4347,1071,637,337,131,714,444,3,1726,628,214,1503,2671,976,4293,2518,1447,270
1028,311,1802,714,7058,34,2489,4248,1127,202,1030,0,1461,516,1905,245,997,30,334,271
495,918,249,142,1349,43,214,419,3719,494,209,16,243,422,3265,23,446,1790,3721,81
953,125,0,1,1265,392,832,1860,110,1394,329,555,393,295,1311,1244,263,1400,396,115
132,403,647,2545,3342,401,419,526,1871,523,671,16,906,963,1833,0,2302,350,311,1507
190,2090,1948,855,820,1581,853,2374,75,532,502,1107,1368,996,1689,2314,2137,0,6,17
3313,4,991,40,178,287,1149,402,0,1238,2751,161,51,1661,839,3260,62,0,1252,147
173,399,96,1463,71,583,716,11,301,3815,121,33,1057,539,350,2503,1736,1350,16,1010
1080,258,54,811,556,360,159,1098,98,18,79,0,2709,49,1811,348,1871,1072,1110,799
68,1248,2655,29,1642,478,637,1178,105,160,1093,0,6,149,135,0,326,286,2346,3349
952,276,1721,341,455,433,50,565,11,1703,141,62,516,1362,2165,0,395,291,67,78
1429,130,3690,3144,23,2689,2539,3,90,1282,207,1,210,4566,80,6,989,3476,714,89
164,1256,433,3493,541,610,933,1614,9,1029,623,179,2262,540,33,202,57,4272,2781,521
12,2637,756,0,282,0,454,576,395,617,290,916,11,37,0,1780,111,2857,2964,40
300,1211,536,133,512,584,130,1309,0,231,0,511,1914,432,422,586,1119,2115,32,2156
1414,374,6704,1731,1221,532,2,215,3280,575,416,1307,1501,1276,2101,2392,692,3555,294,97
2372,2258,14,643,466,14,156,4,2343,3174,370,99,0,361,1032,2394,453,47,1741,220
3183,683,2953,357,730,2089,737,3879,346,1584,1123,200,2369,687,33,206,32,649,617,2952
649,1427,116,708,1826,910,312,635,273,473,991,61,390,99,5499,1842,1934,804,547,402
