-1.802558724048197,0.004030682054646011,1.0479618594281077,0.8492264401363376
26197,470,652,1573,39,303,31,991,615,1,364,27,77,454,1028,514,1375,1547,18,6939
975,773,1860,39,675,266,1174,9,559,2219,1671,399,574,1,675,14,177,462,529,1550
11931,4010,4,540,265,716,1,0,1176,96,1,60,10,1813,862,269,2232,482,37,64
178,1,80,25,181,277,61,141,18,396,6,531,343,181,3,7778,225,2117,921,7884
108,560,1365,4,22,294,101,985,10,7,9,607,11,240,977,2101,229,1079,2654,701
1067,31,93,1687,1178,849,1188,321,1113,250,1261,809,4186,1306,2596,463,124,237,1696,500
669,1610,2,752,255,791,1,14,40,1116,851,332,918,106,4407,201,29,865,33,158
21,561,16,232,72,114,16,2117,12,0,1841,971,585,704,1,13,42,487,146,318
3410,1407,77,328,310,1597,3179,21,242,54,2670,2377,618,495,4,8,1,6256,333,3048
5,1437,7,2175,14,359,24,1774,3,2381,1288,2439,696,122,1912,63,62,3211,1449,58
2231,511,638,1199,45,216,4,150,691,15,102,15,1012,667,654,1,1857,1329,1191,254
1281,523,1744,169,1629,274,481,200,915,1155,119,1184,0,671,482,1,482,701,145,91
1006,350,640,1601,153,2,3,123,334,139,52,29,113,265,320,202,666,251,1184,0
2867,1417,1033,1,590,581,274,766,5,3150,35,1820,74,597,0,182,36,311,46,1717
270,66,2797,1186,391,206,2,1397,165,119,631,88,1792,680,462,1900,1848,1647,2386,2
5186,5927,1084,4724,677,135,426,7,346,812,224,588,239,508,2,2480,28,1471,2594,485
4,3930,1,1124,103,88,1326,1,4667,1023,22,12,2417,683,133,3311,1232,1350,2989,22
1486,845,18,472,54,98,1,133,105,1,232,1372,203,908,4135,1,20,1550,1,1655
3589,560,144,2838,19,220,2843,60,3,1136,1070,1960,1987,25,378,205,0,1133,2094,2556
144,277,111,4381,176,2075,1393,6723,1,1026,72,7888,2,1541,290,1730,31,20,0,5609
