-1.3983964909753073,0.041404110856361864,0.9031325629220528,0.9094860727690682
12,2745,3783,427,416,556,1676,164,87,773,80,136,1997,26,501,542,182,7,758,2572
50,1986,912,1114,3805,222,522,1203,2133,1110,694,344,510,143,5,536,1575,5389,327,2283
10,762,2281,1,590,356,1802,1337,1778,145,155,874,729,295,1636,573,1120,940,1760,532
198,289,92,71,1925,118,58,2091,349,106,2638,825,1946,58,4188,1,28,152,11,135
741,1347,95,693,1,390,1011,21,878,777,1202,1921,1662,3403,2,1127,618,736,1004,426
255,151,10,1093,196,6,1097,1526,45,81,1462,2323,2866,2048,691,110,15,3,2825,3335
1095,1173,793,498,879,329,559,1027,488,915,261,414,2453,1266,16,3205,3,2164,819,2310
85,1072,1565,4,558,189,26,1348,75,594,1385,1486,708,269,1,4,2644,2416,703,516
1232,643,1020,641,134,138,43,63,423,736,479,8,661,688,1656,3850,1,4235,2288,2059
0,1854,219,2941,1289,1,123,77,231,218,236,289,1339,700,5400,522,2359,516,678,614
2448,136,58,1905,479,402,10,2405,676,0,1689,124,6,724,4861,6145,1969,737,9,239
176,88,1633,148,16,904,2432,14,118,819,500,1742,215,403,5032,5399,5675,270,1715,5019
59,436,46,1619,350,448,92,462,638,351,1209,1,2439,2919,694,1970,2147,402,694,4023
233,485,311,2327,1162,814,271,1776,79,910,1,211,710,1082,1,608,1330,3028,71,2580
2104,195,365,10,55,141,70,838,466,64,3,537,2207,207,458,821,2723,1424,422,442
956,1,2,1009,1145,488,1058,930,98,431,41,491,137,1836,303,1362,403,173,3459,22
280,1282,536,133,1646,576,701,674,134,2339,663,227,580,2387,210,1921,2327,1205,256,1110
1794,735,590,688,341,169,411,417,1242,1395,977,399,1322,1199,271,1480,2734,253,392,1157
591,74,209,1200,42,187,10,1683,161,1186,966,2549,598,162,743,3226,2099,2100,459,38
541,246,31,23,316,881,316,933,776,918,1450,1039,1246,1142,793,2571,1990,4193,391,25
