-1.1068522070958828,0.04945543453207561,0.7792951139594617,0.8980700593606175
440,571,397,592,550,162,1294,264,128,817,378,92,332,2106,137,304,559,477,83,254
1385,1715,1195,7,2096,208,292,4554,317,389,1713,511,1731,681,372,133,400,1198,601,696
0,191,891,1602,1451,552,787,514,656,432,6,437,2279,0,619,10,865,149,1005,455
1524,141,1125,155,160,1289,0,427,764,764,647,329,0,1195,304,468,248,12,797,466
651,315,763,118,514,382,4406,427,34,526,422,1342,373,540,445,216,2004,837,1811,805
264,146,142,2163,81,185,388,509,129,265,1074,1354,293,1624,805,1304,969,399,2092,626
221,392,580,860,1558,197,1182,1338,382,1123,376,1110,600,1087,978,51,219,635,107,513
855,503,214,2098,215,416,307,120,686,863,79,2039,599,56,1042,171,732,1473,1057,45
749,588,540,1413,298,34,9,1755,2835,570,6627,516,895,684,2,299,522,10,244,580
4,680,382,300,412,619,210,6440,3147,8941,4687,512,977,727,595,781,2657,548,10,1246
269,66,870,177,406,871,526,3177,1501,201,5949,2735,5126,840,2024,602,1139,1859,615,481
238,575,2782,75,345,80,1771,441,706,13025,853,8012,1924,579,3374,57,1129,597,1226,1623
415,671,1,770,1382,2666,1388,644,6385,13680,1323,6835,3175,283,1170,1256,671,715,205,44
459,455,307,1519,92,1105,6819,4173,1171,2152,877,1084,192,318,1041,352,453,261,614,1236
33,176,596,778,1201,424,552,892,1458,882,629,624,1180,253,270,878,2682,817,305,553
766,1074,624,142,4,21,489,972,810,939,66,474,1252,477,203,769,1292,425,1618,102
1953,698,29,678,0,924,1012,841,415,126,1038,319,600,1167,723,307,78,605,723,55
122,85,1300,5,562,253,1869,596,65,452,258,1558,630,537,427,1814,6,1659,381,708
934,903,0,1192,207,1343,863,523,104,379,1512,555,1214,2181,23,830,254,218,1091,788
298,2936,436,1202,1600,374,1273,790,518,1,464,1289,839,670,347,949,642,409,604,698
