-0.8944881254474227,0.028973208093830676,0.8575763556174449,0.9472687491480863
340,3,89,816,87,1268,844,1074,1344,17,420,732,960,1390,450,1015,1996,68,416,694
1094,1864,908,203,990,635,1170,2775,1523,114,2272,729,1116,891,1127,291,443,321,627,37
692,904,2248,1099,595,887,1308,1310,1845,608,303,2070,501,1461,579,249,898,983,1226,329
15,429,171,670,1522,584,1500,211,1181,438,451,598,2148,1534,4,1827,391,1216,1740,1443
119,369,244,0,233,237,1102,1277,711,3010,1740,611,684,978,1829,38,1662,1104,1932,1514
601,935,31,1502,467,154,769,514,112,1744,746,135,396,1769,850,2066,1523,300,609,249
579,1931,1586,686,516,1206,2904,85,1845,1483,1093,496,2360,807,1308,371,444,2139,1850,917
1065,901,633,1512,767,114,1596,286,1246,2185,113,248,1069,2553,3113,262,1271,3310,851,388
801,196,474,1067,166,1715,2540,493,1681,1434,933,396,412,220,2487,1572,805,1051,1857,2630
97,532,302,511,144,993,2328,394,904,805,3397,1250,1257,1836,2802,720,1501,426,1174,751
288,1098,485,847,977,181,2481,1772,507,2326,2757,960,2646,3504,1430,3341,3405,469,190,1253
831,294,275,938,623,1530,1123,905,2173,191,3737,2625,4197,1870,1663,1919,409,967,563,507
1658,621,775,508,14,2156,891,1227,3464,507,1123,1523,105,697,399,2851,1306,80,173,1238
319,600,40,205,1754,49,401,796,361,77,1239,1122,1050,1682,182,1410,426,1683,419,762
1495,1856,251,336,1031,1833,490,1212,480,270,3309,1592,3276,1709,514,1214,745,126,180,1347
153,430,2,1712,69,29,312,291,214,582,203,1215,151,381,803,78,1230,763,244,1126
1803,398,284,922,456,626,1069,985,1476,841,270,1232,1197,1099,628,323,983,806,3730,405
2158,1686,442,490,571,901,195,471,1034,1802,737,162,1335,1471,672,169,800,10,1136,1646
87,337,285,1517,1082,120,2304,253,969,601,27,1131,934,0,113,282,778,1589,1062,47
303,1661,1350,479,259,232,1421,71,17,585,792,1071,875,585,779,2124,974,1088,354,382
