-1.5041478426704205,0.05396414410994073,0.8001422265606005,0.8942390784647142
741,276,1032,48,30,320,83,53,26,162,11,2531,2888,1506,339,195,1512,77,986,185
194,91,851,174,543,188,3,1227,34,22,0,62,56,1150,775,546,249,63,953,396
96,2,556,2,40,69,1,1,369,325,350,381,736,1596,141,45,518,29,325,397
76,40,114,158,172,518,1036,358,102,42,1093,431,705,307,15,385,753,175,2867,1166
1618,277,202,198,285,614,683,154,1964,27,1188,913,767,130,7,1195,251,316,3076,0
1269,3,1362,4,1021,534,1,1467,129,12,4435,7,2467,893,316,1042,42,27,121,2
1023,1657,407,281,19,415,440,878,2217,120,1042,236,1373,842,5552,1,248,1925,239,43
412,978,828,919,11,1469,11,10,184,989,3257,233,292,13,537,3062,149,118,681,1034
1165,1106,205,249,261,592,70,4297,1662,402,558,3553,1569,113,3253,2,1121,1301,554,2644
68,448,177,409,383,121,1063,1731,2249,976,2981,414,10,1702,3979,614,493,2434,1299,27
234,534,1052,121,290,219,1364,2514,2654,1074,3398,7660,3769,1546,1469,36,405,52,63,950
138,1101,836,890,85,1,36,915,3831,2391,2940,6933,3309,3337,2762,364,1187,2006,232,4
1427,446,387,4,440,483,665,2193,3526,1895,6311,3709,1854,75,4769,4284,2125,1056,4692,235
127,103,504,1339,1819,624,31,216,1257,291,1133,1530,551,261,840,3699,5515,873,904,1073
202,1,85,4,1186,0,2127,12,2367,5,2622,2265,3230,544,480,3679,79,157,314,1192
1394,999,842,1260,1176,593,430,2001,799,1318,396,1663,66,2,18,2015,362,486,2749,910
3261,2190,17,854,422,887,499,475,292,33,437,334,713,3920,11,595,176,162,907,1142
51,292,761,24,3460,172,438,22,1136,1847,2031,654,6,740,541,105,747,204,826,1
937,62,266,3821,437,1317,83,1519,1,192,322,1028,49,1617,1027,273,1300,895,2082,349
137,871,209,1756,607,1107,4144,5417,2348,824,283,2278,2010,62,53,7,361,99,2164,358
