-1.2603538367928948,0.0319108846023976,1.0542161085823414,0.9116285013917439
5112,465,2090,267,44,39,497,111,1364,294,582,416,0,3194,607,135,236,61,3398,6524
728,2023,5027,3065,419,851,1438,54,4,233,120,1204,2089,20,0,2098,1548,1492,96,2451
1650,4832,2339,892,128,376,19,1470,1579,1877,1752,993,773,811,1622,766,2259,6709,20,2982
1699,196,31,1212,1274,5261,51,260,1465,955,84,17,595,519,410,1296,1011,2466,37,1156
612,1110,970,51,28,817,53,647,1828,132,837,613,515,131,3,1779,569,1579,2847,523
762,1448,2,1530,324,1024,2426,954,2625,621,918,2167,95,609,105,414,8,142,1464,276
220,1033,1909,315,1006,211,534,398,236,1078,241,274,161,217,13,2,34,707,3509,2567
2372,1555,271,14,294,58,68,250,489,369,285,264,2271,1264,1,253,3073,88,82,317
388,606,2119,39,391,343,494,2,673,387,1032,191,785,216,1198,873,788,626,688,569
1010,4267,519,2197,1052,17,49,1245,403,285,110,101,2,1496,1225,2179,243,577,250,1805
883,1251,299,79,801,145,2093,180,439,537,288,1472,200,370,724,822,34,574,892,161
399,1585,166,1580,648,505,27,549,165,48,2160,360,428,974,0,52,248,2961,295,153
1873,829,1461,17,1494,213,678,697,128,408,731,158,379,727,143,93,32,42,1099,930
599,1871,179,78,987,1015,1177,3,1037,0,3,783,655,116,40,377,1658,856,631,156
2471,1944,1172,377,976,1770,1511,182,399,499,1173,171,1019,2,175,109,185,73,370,974
752,254,271,2482,103,393,124,504,66,284,190,86,748,654,87,24,107,699,666,1297
1664,727,231,22,496,1165,263,942,1005,2491,113,508,1791,1358,2652,1360,1279,509,586,2179
1812,1051,831,942,1958,1448,187,172,721,148,36,226,3037,324,260,841,1883,1763,873,519
5063,2194,2523,2264,69,1409,1741,513,336,13,580,444,586,136,761,442,1858,3867,4070,1565
4036,2534,5145,3703,3689,3046,1039,942,915,53,695,1561,16,1428,3338,4014,2819,2596,966,1632
