-0.5244012294159569,0.051332816256075865,0.8505257927668768,0.9749925206556361
165,353,587,301,959,366,496,1474,1206,1204,577,1801,1168,465,390,258,686,1415,1201,838
186,983,922,250,1064,935,1394,369,278,347,1131,1073,748,530,1428,604,1247,507,377,478
745,429,1170,1332,800,1825,227,532,1600,1148,1446,1408,1134,557,1300,1822,93,949,226,1163
1359,1052,674,773,1850,1232,923,64,1628,2472,441,741,1580,1065,873,366,1930,0,649,781
1301,1075,821,313,929,482,889,1270,2063,1058,791,787,1466,2548,682,366,678,2202,324,689
80,713,701,598,776,1259,381,1267,502,1187,1885,1498,2822,1183,996,2541,471,494,488,811
1029,1309,449,821,874,1281,1156,1599,1590,1062,1391,1864,0,1742,1133,1383,1151,1579,912,584
635,655,897,261,503,1262,1146,205,1154,703,1226,2353,1724,760,2073,1099,915,843,908,451
601,590,1068,1103,776,267,1486,994,1237,1344,1979,2291,1276,908,906,1316,1353,1523,832,429
1178,623,653,973,1387,1343,637,1877,984,1519,1109,976,911,1691,805,1525,993,2054,1506,492
935,781,929,1016,1101,652,1168,1834,916,2313,2757,1393,846,1325,893,658,1284,898,944,648
711,820,381,904,2372,676,34,680,1336,1298,2071,1498,1406,1522,2559,195,696,467,1205,298
1172,517,384,1417,1315,2787,760,1348,477,1849,2144,1981,2263,1267,997,1241,2966,313,858,979
1038,849,717,1404,1030,809,1193,765,373,1400,585,1455,1170,669,1090,1067,1487,1187,429,821
936,1162,1091,655,920,588,1339,585,1597,1660,999,1149,1884,2012,846,982,1251,1203,317,262
515,458,750,594,1249,498,813,318,1243,1692,904,1169,886,727,444,602,464,612,626,736
534,541,325,612,1164,1133,1052,299,961,815,1220,485,1321,1682,849,0,1166,593,129,578
567,543,372,481,518,613,785,685,1534,1175,1171,947,1374,798,1287,514,806,326,307,868
688,1319,409,1142,520,1019,770,1043,717,609,667,1203,340,976,1634,533,159,855,412,1050
936,955,542,308,716,694,248,652,412,722,259,1263,924,579,437,755,1233,397,160,617
