-0.9912582295967443,0.054392737670761755,0.7620858441220446,0.8917558337806166
460,577,890,747,721,409,576,1451,857,441,1181,361,1349,256,25,370,935,851,694,129
1042,2012,91,527,955,328,604,2071,318,657,1299,1497,811,504,556,446,457,244,392,161
392,734,771,1221,901,138,948,813,240,503,586,749,1008,321,202,401,563,188,1147,308
1749,118,664,205,374,305,766,983,1559,438,252,471,364,509,837,1203,50,503,350,116
470,100,535,546,297,742,935,745,66,474,377,1185,257,460,67,306,1362,790,2715,798
533,75,656,2661,1119,5,457,544,1046,888,447,255,86,443,786,581,658,415,617,781
713,1263,20,796,208,969,794,1126,460,643,21,992,896,2009,356,1008,0,516,430,534
225,707,190,1885,1803,1027,114,463,829,490,1181,705,816,760,2024,254,1008,549,1433,200
648,665,772,1877,258,150,1434,625,3017,17,5361,1161,900,2445,0,153,200,322,424,2739
0,1293,164,375,524,658,386,5570,3279,7950,6857,1045,2429,472,748,619,2499,862,806,478
1074,371,1498,376,40,271,548,5045,1169,926,4501,2374,5576,335,1552,193,1202,1900,499,849
764,692,254,429,570,62,1253,518,2261,16467,982,8914,729,1537,3264,82,1014,352,1445,142
1064,25,87,720,593,2303,784,343,11271,13887,508,8676,3733,722,476,399,626,13,394,0
1060,338,1178,726,353,841,7719,4855,1650,813,304,69,1467,0,1053,1230,514,599,474,324
1200,876,328,702,514,326,360,903,757,825,382,47,696,185,182,349,1873,378,678,222
620,1593,440,288,25,203,862,1425,1160,504,318,248,998,287,76,148,1909,124,791,253
839,1219,1218,167,456,456,337,2327,567,111,144,354,710,366,714,1012,147,947,252,178
1568,183,685,563,230,285,1842,353,55,0,0,1004,533,0,278,2012,831,1043,439,251
739,118,1200,63,176,462,1009,2,239,250,1722,290,517,633,181,367,808,221,959,1590
450,1184,415,449,936,723,647,526,2098,594,26,1171,494,70,207,1006,139,966,902,1042
