-1.1787813069792579,0.04606445995436848,0.9022475778237445,0.894441890197548
380,1375,1044,718,462,2171,101,2011,208,316,847,382,351,38,159,590,144,458,864,1009
0,226,423,1251,184,294,2850,2289,1584,33,1133,198,406,157,1157,1296,367,147,423,334
443,1150,686,1559,216,66,2025,704,2049,117,1189,0,3336,1783,366,613,1576,3420,99,510
1444,64,322,754,691,1814,525,145,409,925,113,4462,626,2098,1895,16,482,1052,46,809
27,136,140,489,609,1237,262,897,173,2019,979,0,253,139,0,411,10,891,989,315
1497,1301,730,499,66,29,2843,678,1536,411,594,355,149,113,418,523,624,395,1319,860
1913,48,1307,678,241,0,530,214,2345,363,130,806,1835,0,185,110,437,2168,801,1196
342,35,480,531,0,70,496,431,467,82,766,1058,141,356,1,586,1675,649,295,51
527,1036,26,1520,1493,2226,725,51,199,367,514,431,819,1710,8,2878,246,949,411,5
269,27,948,154,359,2569,28,829,51,932,526,815,1105,41,613,7530,37,2148,1226,1172
342,549,732,765,998,366,855,713,226,184,624,300,7,2570,5514,1882,11484,6072,1411,3163
121,441,160,0,45,257,137,323,71,20,648,1655,906,606,1646,532,11134,5986,1808,3342
2384,241,228,50,350,0,545,483,971,1306,666,171,392,338,3,1094,1718,6653,2472,9785
1207,579,1306,179,305,847,219,34,911,753,452,5375,341,124,2651,940,570,2497,1955,2957
412,1314,301,290,666,682,10,388,1330,735,729,545,802,322,222,104,1533,0,2635,1596
915,293,248,42,2584,320,217,405,140,1845,2459,428,701,0,21,1001,1389,303,452,1565
366,727,1232,2909,1177,64,0,479,716,460,985,910,2914,0,113,113,789,1,144,1076
434,990,917,830,916,939,1305,95,1305,4020,3021,378,275,283,205,0,36,5,540,357
699,391,2224,731,1531,315,553,2090,141,833,1485,663,631,38,941,71,16,942,221,189
1011,362,1523,551,1781,2802,876,866,1782,1590,1632,181,1842,454,450,353,1460,1776,8608,245
