-1.0387791791729262,-4.249199444661353E-4,1.0641541898104654,0.8535862315260736
37849,32,660,1127,302,40,837,188,325,362,1353,1961,1478,37,860,37,1389,71,162,21308
783,423,489,1377,1726,1424,530,833,126,164,691,1300,503,870,589,253,416,385,2313,1389
0,170,403,535,340,181,1712,352,647,202,73,174,334,1261,1919,850,548,430,831,1513
630,478,680,88,0,2313,190,1365,494,580,179,472,1272,923,971,640,574,714,565,6097
302,293,606,440,546,2429,51,540,1485,782,38,2151,1696,1211,465,72,111,824,693,193
60,2417,1199,1571,816,1254,57,1198,16,2156,1158,612,1994,392,583,567,94,797,46,3243
164,689,24,1187,915,895,504,922,1217,1059,231,473,1357,37,386,249,825,1791,2342,1627
658,435,1117,75,56,641,302,973,456,314,104,520,108,64,340,490,299,1220,586,226
514,198,500,1057,584,861,846,82,363,442,390,356,28,479,320,368,1790,797,244,791
926,1172,166,1577,272,732,139,226,1246,795,134,1340,4801,1304,401,2006,628,8,404,105
1590,326,788,390,590,332,1643,47,529,213,1209,900,34,468,290,214,1675,1165,366,530
678,550,231,294,179,417,743,129,25,331,455,781,1835,159,549,443,203,239,1001,1332
193,32,120,324,432,480,791,2178,208,930,121,95,218,574,949,270,404,392,209,2444
46,517,1889,403,176,396,1586,96,162,903,252,379,3328,473,786,441,189,369,146,413
1050,450,1345,361,403,1491,0,312,784,522,641,447,667,316,82,409,1802,1656,2133,1243
482,696,210,2627,992,8,446,1205,340,1452,284,1622,571,746,172,1118,773,590,1268,2603
32,253,41,31,377,1671,555,297,1172,567,596,3468,579,706,388,3165,3209,259,224,730
1008,3783,814,1481,904,1639,85,139,18,1264,387,1675,212,1857,481,641,33,2032,721,1692
2786,0,851,516,2946,302,93,641,78,637,336,1098,564,10,177,243,967,25625,723,1635
1002,69,204,389,787,978,455,1464,1369,535,513,96,573,796,342,477,1256,366,733,750
