-1.1045911721956179,0.05059250438937583,0.8478910578205823,0.8941828719010577
453,275,692,55,90,88,1083,707,340,180,134,536,200,1671,1382,175,650,170,1827,240
1159,651,714,326,714,636,59,65,196,689,1118,841,988,535,1072,811,276,1974,810,313
444,23,165,892,178,1119,773,365,726,275,169,823,327,152,1482,433,102,604,2570,730
356,2073,941,461,1533,387,373,487,995,454,1182,2722,325,267,276,749,417,3,599,253
539,270,104,822,2504,971,318,50,53,708,234,1627,75,617,2120,1409,147,889,275,916
1098,190,0,1,1503,938,36,257,421,558,534,81,832,84,1579,366,1094,365,1561,513
753,1368,538,203,429,691,2774,1001,724,2745,1085,1380,38,240,1187,1663,1491,300,1734,1675
1091,685,1551,562,185,1790,706,416,0,929,1569,1146,1280,872,216,3370,172,661,1052,3011
394,802,173,474,470,131,481,440,1750,16,452,477,0,600,1114,5155,1829,2734,446,509
2371,1224,171,204,507,154,93,134,129,1427,246,505,58,911,284,5284,2823,178,5394,1160
423,159,1255,796,2049,350,302,2112,506,785,858,1344,925,34,9209,553,3470,12709,1711,638
562,277,251,125,435,603,978,1978,396,470,418,886,1018,1280,2,2073,12772,3891,2,27
142,74,462,247,642,445,720,1404,501,1060,2065,210,305,77,1383,9898,5166,536,1360,4356
196,544,106,356,567,6,738,680,1433,637,1084,201,0,682,291,5716,1172,570,0,668
1249,98,1307,149,1314,62,76,185,137,715,552,1745,227,905,451,673,2351,1786,1364,202
503,44,127,288,694,170,352,137,513,895,1015,1001,1673,239,244,773,8453,1182,788,5410
6,708,54,1282,492,2351,1206,1067,3223,169,455,2840,975,165,882,778,628,724,129,1153
2199,947,83,87,280,86,54,344,788,78,1253,1866,337,457,149,361,1285,280,118,536
175,943,300,0,126,435,324,71,318,5217,1091,213,198,2909,264,2753,437,649,804,1001
255,676,108,737,1071,0,564,457,837,1137,1313,175,1607,625,474,158,801,1941,7023,464
