-1.381281056502683,0.04594273057960814,0.8989015554684819,0.900363448236479
222,645,1394,2136,715,256,992,315,685,661,3308,1,415,858,1005,652,2457,502,1488,2542
120,1974,2101,1394,81,735,2296,0,1461,11,1393,990,2585,547,66,151,2,121,32,1703
2882,994,959,86,247,3,122,429,1275,108,6,915,491,1133,1115,1511,870,3746,1094,639
982,404,1592,271,56,521,145,962,512,166,150,517,57,645,176,2,647,494,1027,332
446,102,572,12,486,629,995,665,1048,69,584,26,1744,752,420,191,769,5,534,1770
860,3321,133,865,676,1790,47,1297,27,427,585,1176,535,1198,1154,146,149,371,336,49
965,830,285,3,772,654,4,29,261,539,114,1376,233,1068,703,250,344,2513,2086,970
52,99,380,1045,16,901,1427,239,11,5,3368,1409,355,1557,1893,213,2572,1732,759,2276
271,1908,252,1499,70,187,149,1115,752,1469,2743,54,513,2133,11,967,12,4,2235,1055
2256,163,1181,2079,254,110,288,1,463,1,1036,1336,17,1181,4543,3521,3074,739,758,59
3652,359,1153,32,0,2,32,1329,1410,655,338,2170,60,764,7216,5423,8634,1950,6783,851
424,37,812,116,381,174,2069,943,433,2092,354,373,1435,1564,3749,8085,2153,770,304,811
283,269,326,1437,1066,283,125,194,6,0,1686,253,228,336,486,6097,4360,5,818,3131
49,3,2205,2241,60,802,644,2753,46,504,138,686,122,115,244,2472,2955,2967,732,3240
3195,1167,753,260,1175,1110,686,15,2040,538,679,109,480,354,63,138,1896,1427,1650,3566
902,995,307,599,175,336,273,172,107,5420,595,0,287,1642,193,343,796,888,1613,40
218,767,1,47,633,1434,699,187,559,356,748,1323,742,1194,1335,3783,617,88,1677,597
196,2202,1300,17,1034,185,1591,325,982,262,163,1887,602,932,26,1534,1742,298,353,1532
639,0,157,6,58,1,239,323,17,2720,175,574,2770,298,90,2307,90,802,759,333
1301,1569,52,415,192,520,3848,83,130,215,104,18,2943,14,2986,4337,2732,79,314,17
