-1.191731246429083,-5.902277075104233E-5,1.0510550307263435,0.849257770290032
27208,275,65,393,182,836,209,365,112,139,6099,619,658,564,140,708,0,408,3323,16061
472,976,882,290,224,1402,287,1429,35,580,927,282,629,246,125,19,422,2997,1241,3192
509,5,617,445,648,1520,1476,854,59,537,45,285,1606,315,699,91,2016,22,1470,445
548,396,473,35,3309,1332,411,2186,214,188,249,32,530,1965,52,293,151,515,553,122
153,389,68,1509,307,287,1184,310,449,59,977,692,278,150,0,2194,1143,522,22,1074
1084,953,3832,106,58,153,1392,310,1588,793,509,100,111,412,584,503,1211,732,362,68
395,983,687,892,365,279,380,80,79,491,1446,94,1752,2629,998,73,1603,93,561,2027
231,913,88,668,10,188,344,2453,40,96,364,871,117,14,1209,46,5807,246,292,0
818,122,474,414,286,0,530,57,85,744,311,232,674,24,1188,143,2731,383,3,1327
1,94,1042,206,149,1372,974,1935,334,375,1648,54,822,142,116,843,226,117,264,3026
621,1359,217,181,598,206,522,1014,0,27,1862,506,433,63,472,1191,6531,566,953,3719
1384,0,1103,503,1177,1470,237,494,514,340,2003,278,722,201,357,1786,169,1337,502,260
2196,109,1189,277,1551,1248,954,323,503,567,2458,301,1145,400,1132,245,752,836,257,163
256,1006,975,216,306,983,2866,54,1594,168,0,61,392,247,133,34,159,339,1112,544
390,170,330,743,922,1522,1358,2272,106,1286,906,29,188,212,3277,302,1481,43,622,791
1468,478,1097,0,92,174,99,3231,1109,2315,69,37,613,1236,2677,150,1948,1323,871,592
191,975,2004,1445,513,5,59,263,1315,156,1224,256,408,4229,1343,516,88,289,41,806
965,877,608,911,308,612,200,0,155,300,2175,268,2992,193,378,23,2687,419,1352,227
368,707,1875,1112,767,748,195,1996,1670,73,0,1066,463,87,487,239,287,194,3034,251
3892,727,31317,42,2439,519,352,1925,1858,2648,2596,242,743,678,539,239,17,266,747,552
