-1.8518242849165132,0.006216259598542828,0.857772026927767,0.8440657305990266
1113,199,4096,310,580,8,789,225,1160,54,533,2635,1,263,915,1164,633,1095,33,434
217,2180,1781,59,1644,1681,933,593,148,1624,791,9,58,56,0,1181,25,5,3517,226
1160,691,203,531,1007,186,546,735,91,1,1828,2671,741,5,678,37,97,444,66,696
14,24,291,3397,469,39,3595,0,16,268,181,1159,2,328,1378,1499,8,568,1185,9
1366,992,2765,248,0,1014,5,5,859,532,784,1504,2700,3022,8,104,236,832,31,2452
2,515,40,18,402,1866,2,1080,11546,92,66,17,76,1,6,779,67,27,2054,725
1,1166,1457,1033,9023,10891,14,3989,997,1676,126,125,761,2426,2233,223,322,378,1727,156
1254,2273,3830,0,415,1728,9110,1058,614,60,15,69,52,464,842,480,27,1279,809,5
3154,1833,1244,1,602,29,7,2366,246,822,6025,177,198,567,212,351,634,996,886,468
478,10840,992,994,150,11480,54,31,1428,55,2089,890,4,176,7,404,83,52,2,66
4336,124,1,674,83,1459,1393,7,1561,1023,1,46,933,413,3459,2,0,335,617,522
51,82,384,30,1,412,73,383,439,755,3164,337,1220,3922,544,36,2956,44,165,683
27,389,153,940,62,74,1869,24,1059,7804,33,339,8,480,1675,141,183,131,201,271
1605,624,140,5009,7069,3251,201,212,571,78,539,333,15,110,658,2,8126,2541,91,202
0,432,615,8324,1,689,3,5,2937,707,941,1535,4958,394,3358,23,335,122,45,1867
8,190,4,70,1008,538,26,990,234,136,675,262,380,28,0,37,146,1279,405,22
174,1117,2297,1,563,1898,1,902,2,1,675,521,1114,36,979,1,677,421,0,2
0,787,10,816,6320,2,5487,344,5037,1,22,104,1,7,172,2324,4441,23,3,323
3954,3,226,81,5,106,305,743,108,258,383,0,829,174,1140,639,193,203,263,56
880,134,716,1982,171,1729,82,2611,1073,2335,97,1038,466,1918,392,1,194,1,1452,2617
