-1.4114379838836006,-0.003750012345150005,0.9154400029449417,0.8488793783616758
465,912,584,2003,240,649,1101,61,285,222,226,332,584,6,4581,0,148,180,131,85
3701,898,637,1010,419,391,261,1642,539,23,1955,739,135,3,160,1134,322,156,6400,771
483,551,0,488,1518,500,903,460,2598,299,21,80,9,2160,940,1272,431,352,465,1724
62,423,367,928,160,716,2366,1177,52,181,38,38,355,17,5381,1246,603,1708,665,1353
241,942,108,397,3666,388,1791,203,657,600,1228,773,930,72,177,423,1259,934,38,40
43,210,1542,43,428,4821,1077,1440,634,57,150,43,186,23,19,162,1012,22,3014,0
331,689,1135,29,618,144,5072,963,261,4195,268,1301,696,712,564,2706,475,29,4087,634
703,2167,1897,66,0,368,2035,134,465,114,8500,690,26,136,937,90,50,6,15561,933
257,459,419,2125,431,0,1008,13,354,519,92,77,825,1489,1792,667,1507,2141,19,522
91,27,86,1199,7,4830,4844,0,176,120,1378,76,14,2466,1569,228,35,202,341,0
475,850,508,138,86,912,555,2814,110,332,188,208,62,199,340,784,1513,6557,86,487
551,947,246,12,279,1593,3829,11,9,663,206,756,863,36,579,902,170,10,336,243
696,763,1122,402,776,1183,127,13,3212,69,187,3045,861,214,814,492,4099,109,93,490
113,2527,566,15312,1932,118,1279,771,1649,139,3593,5149,130,720,113,546,328,1344,10,115
0,86,69,3864,1943,77,364,49,331,615,1426,162,975,54,481,15,1183,60,114,1098
505,389,26,1927,65,1186,26,154,1198,202,74,167,183,219,726,6291,266,46,114,0
237,510,668,676,35,427,72,76,783,166,89,111,462,352,682,550,1252,72,762,41
103,787,214,2079,1563,449,220,38,0,9190,333,333,3553,280,5961,151,15144,96,295,1729
87,603,2107,163,335,319,835,171,1842,5853,1528,108,40,1057,35,2455,289,21,59,665
0,8836,799,2353,123,352,82,137,2995,0,2748,296,324,569,228,571,1301,73,56,61
