-0.5987485236915441,-0.002576671494638534,0.9492895960513763,0.9034320402131344
388,972,601,486,244,1236,340,1099,1336,536,56,213,666,563,556,1629,134,294,694,188
808,648,302,733,621,395,898,322,859,1039,597,1248,487,471,653,938,285,508,718,663
1127,1530,2502,468,1246,493,555,766,1906,654,599,399,730,321,838,378,1610,981,838,46037
1000,681,396,65,1124,303,1257,800,1180,672,1005,0,357,1259,592,989,928,486,576,667
636,708,603,582,729,336,15299,785,605,1201,973,1099,156,381,609,194,1302,927,1004,986
421,249,872,918,1088,1248,825,1637,475,108,983,887,478,551,694,1030,1524,1900,498,528
726,306,993,558,256,1120,1524,851,1198,723,536,586,723,755,471,1152,1180,250,0,939
1215,528,972,720,1950,623,899,1248,1016,270,145,749,285,886,282,1627,0,375,734,682
1588,750,167,599,1074,429,1671,897,689,1043,927,2676,1110,1035,818,867,1028,1311,769,232
859,852,903,1390,370,1178,1161,391,1654,598,861,1137,1075,576,1293,865,314,651,1069,128
370,1293,1120,0,845,740,972,779,1136,396,1457,305,543,558,337,1024,544,810,1009,90
1010,949,917,937,1383,900,751,569,774,1156,931,497,287,622,1061,202,1027,75,553,715
1456,1269,589,987,799,1308,1883,1162,215,1115,736,468,1110,413,1047,1467,1061,922,1994,782
1228,413,888,734,1035,2163,611,615,204,1218,452,1751,80,1324,861,914,683,446,513,309
40,1573,641,1112,857,614,941,606,707,820,1651,1394,241,949,731,115,217,813,414,468
456,1463,1172,846,752,773,75,815,1114,866,305,1601,925,260,1019,488,271,1105,1254,316
225,352,907,1121,295,704,1091,770,1831,1054,305,632,544,648,799,213,732,843,740,508
1360,538,1135,728,996,1170,742,1114,566,0,1067,253,758,308,600,885,494,1162,436,1241
1102,1118,658,1390,552,190,372,953,444,1108,203,1010,1682,518,522,841,800,278,1052,641
569,925,588,754,225,488,759,923,584,578,1910,210,690,865,353,236,1365,767,246,1045
