-1.6670112521181286,-9.00058498616798E-4,0.9822048272048306,0.8472801680531202
562,1806,193,1618,5,1162,32,769,124,1,2165,20,200,297,869,352,1761,3476,369,5421
999,1846,1986,12,778,117,255,9,1131,1618,1680,162,622,1,229,2605,230,3,438,369
11931,2962,86,577,269,596,1,2377,272,80,1,1072,419,2742,545,1425,1525,482,73,0
178,3,103,19,1,362,77,300,17,804,42,1600,357,183,13,7248,225,2172,587,6956
464,1713,981,1084,22,175,80,985,10,394,852,245,39,178,978,1283,224,1129,2898,1306
1393,128,104,1690,893,178,470,1133,990,160,928,979,4714,47,2596,502,159,483,1430,126
2161,1381,2,714,400,10,135,8,411,1116,1142,2017,928,364,4311,200,26,689,47,39
569,349,676,232,343,279,2,1880,12,846,26793,595,10,661,174,21,47,859,156,296
4502,1126,1,444,96,854,3152,1252,318,54,3215,1490,620,1091,4,979,2,4387,207,30
5,1687,83,0,0,1,80,815,91,2207,803,2236,226,851,1459,63,1553,2631,1030,58
1490,135,821,1223,56,243,96,622,77,4,255,61,757,363,549,1,1193,753,803,280
294,544,1587,51,497,17,167,461,915,991,272,1118,280,626,1857,320,376,148,119,318
626,330,636,15,3,28,243,862,298,141,2,121,6,350,426,202,438,267,1925,436
728,400,96,1255,1030,256,107,897,78,3143,20,2534,260,1562,327,188,31,25,46,1732
170,107,2874,39,463,18,2,1850,93,0,358,40,2774,678,455,140,1309,1494,209,153
3179,6398,1206,5799,1,108,432,23,342,1438,131,588,366,579,81,0,307,1730,1287,0
271,3184,1,1545,228,315,1299,1,7565,0,20,12,776,430,134,3828,1186,1099,2568,23
2370,1576,275,181,4,164,157,2,129,73,201,2544,15,294,4249,1,30,3344,675,975
3589,764,1070,41,20,222,2212,194,80,518,1086,1218,735,25,191,245,15,1022,2094,1750
522,371,151,3356,302,984,1473,7806,30,1176,292,7789,197,3260,251,5579,19,331,17,9686
