-1.1605789415779277,-0.005266167098335753,0.8741976379098022,0.8382575329076822
1285,116,224,1100,1050,413,474,334,777,160,784,926,2167,285,1437,825,244,1924,222,650
2037,18,490,714,699,115,1296,18,0,355,833,2198,1958,257,23,884,46,1214,246,2116
594,246,2692,242,149,48,195,1034,8,1113,532,2063,728,444,83,48,675,11475,1069,1074
270,1409,218,458,2081,818,70,93,940,355,1755,483,24425,105,20,0,411,40,1608,246
773,268,361,63,1609,479,70,121,1785,369,256,431,574,88,501,3,494,624,101,552
445,7,63,1329,267,272,45,240,358,765,3478,187,565,49,834,513,1228,765,432,255
1597,351,237,3356,239,208,838,26,423,421,40,4352,263,0,801,50,1182,2611,807,529
539,672,54,1370,698,1437,714,272,797,1552,636,496,264,963,937,323,283,406,286,897
589,180,1682,1119,973,486,2190,1537,33,0,315,1590,192,377,195,122,1775,636,834,489
64,293,1251,305,920,2352,65,770,469,529,1072,1529,98,315,2383,0,643,178,483,702
1608,317,857,1016,530,1117,502,4123,263,0,491,430,1419,1213,450,466,443,900,387,310
1162,1069,1443,306,900,537,2231,31,1041,127,2374,3928,88,214,26,49414,1020,258,386,769
319,162,38,1359,464,63,2836,932,1203,271,61,119,1,646,273,71,474,507,458,189
129,105,207,360,373,1039,77,2783,1002,333,1456,564,734,1008,331,342,2198,2847,613,452
1272,143,627,1,1257,251,950,1203,632,1050,452,1589,289,219,766,141,333,404,104,1023
312,760,209,695,150,1885,609,389,145,330,283,345,5,653,177,267,743,24,444,149
1218,365,751,395,1,2219,1735,1344,307,198,846,26,3322,518,2,220,1044,1955,273,3074
411,1211,203,1170,573,35,342,174,1398,740,752,148,1276,593,331,1972,104,802,1420,58
1755,132,1099,484,324,30,1026,887,585,1121,7715,1053,480,1461,84,97,432,643,1864,326
525,976,701,230,118,2272,1236,1369,1402,531,248,83,2220,1515,11,80,368,2488,467,78
