-0.7908217446993487,-0.0043671389552147255,0.9617974038788273,0.9135569445524432
7002,504,14,954,1641,664,410,303,704,1182,663,414,1158,1871,223,1344,1396,3,0,11395
986,541,890,1441,1188,1337,525,1549,482,874,949,1497,726,831,933,1321,1314,397,1653,0
665,1972,782,1229,298,732,564,680,686,1663,350,673,923,454,779,456,474,489,965,1198
1492,230,574,837,503,1221,127,861,370,341,470,342,1139,55,103,1376,446,1211,869,636
251,1088,672,724,498,424,18177,108,1024,360,432,700,344,1289,1211,245,466,603,1256,0
437,463,571,941,553,1289,413,721,4531,320,367,622,511,67,354,417,949,671,141,375
778,363,519,11,1579,837,532,439,89,1537,520,1295,446,1010,742,451,40,910,716,806
650,335,682,1336,324,832,453,951,1233,566,1541,1288,648,1439,395,215,723,165,404,774
375,831,828,3087,1150,602,777,150,562,791,701,933,1290,853,2533,691,677,834,1663,229
621,370,1238,490,5,622,11433,245,1108,792,1143,1173,868,473,532,456,1674,889,1034,646
548,196,289,580,655,437,566,531,505,669,1225,749,280,901,125,512,1032,605,0,253
517,2304,278,1432,1200,544,256,1089,870,431,380,338,1286,2321,971,704,163,1178,732,369
15681,432,505,565,1446,241,776,745,878,296,255,1827,337,1916,532,661,1212,694,1014,463
877,730,598,1007,647,1128,638,358,848,856,195,320,488,279,320,572,1254,482,708,660
650,1667,1479,409,394,1451,339,139,784,262,165,858,900,7,2247,724,590,1088,206,1194
520,572,326,264,584,1638,562,1522,409,1041,599,224,6,725,385,1828,2228,684,427,807
1949,449,1348,5201,257,1097,627,1471,0,1370,918,742,323,202,499,509,1139,496,1062,1614
1138,393,608,1227,915,421,838,346,702,1156,1175,764,851,963,2183,181,4982,337,1348,0
791,447,1303,393,860,148,1042,743,790,1932,658,400,1018,1208,946,281,1250,5505,1393,782
1010,34,521,453,850,1018,236,915,1145,585,388,526,291,381,976,1122,1340,1120,889,4859
