-0.8603620926011899,0.0011641889606916536,0.8484491160992772,0.8674090453280807
177,1271,645,49,27,423,762,180,772,1435,592,1047,585,1479,1297,478,589,1351,133,1890
137,516,1002,1002,134,210,1575,770,614,1078,241,599,652,1455,319,298,807,926,204,395
598,284,22174,1111,137,484,266,1747,682,213,580,2,380,2967,881,1174,253,623,254,225
419,594,1112,1090,627,605,765,2451,1069,1007,629,820,7816,1397,1110,916,794,608,452,570
819,34,97,1191,963,751,0,1804,31,1945,1132,452,3215,408,607,358,261,1565,424,575
0,1689,773,453,890,641,502,845,418,75,29,1356,31,1435,141,1224,1121,1045,709,31
137,951,134,1109,838,858,1066,1096,750,607,364,552,545,612,511,0,1608,867,109,417
494,104,908,1388,487,1317,823,906,310,150,379,915,559,748,0,513,495,661,472,2056
972,337,308,383,1170,2695,1049,37,1071,252,538,42799,13557,818,46,323,790,342,916,1157
346,877,215,272,489,924,273,2034,850,1174,988,10,981,157,490,664,893,410,510,46
1129,901,694,2923,728,1007,1401,877,95,275,369,381,203,292,1582,814,971,1243,386,241
809,535,185,542,1120,287,157,412,785,334,186,618,901,1995,0,130,1691,664,384,842
814,1541,805,694,1030,631,609,1047,1367,6,628,213,132,220,244,333,368,444,596,25
152,3095,371,1460,199,907,517,340,825,557,849,829,905,1890,975,121,1407,403,265,1015
213,2214,528,908,933,838,1088,303,119,713,1751,650,0,7663,1780,716,354,79,470,809
1191,620,476,918,925,1125,569,391,1099,0,1231,250,466,612,1367,498,1536,934,433,393
846,300,328,490,735,816,1424,589,686,627,729,189,1017,989,338,339,598,758,293,42
89,2202,770,1620,231,466,576,894,587,271,922,177,740,898,916,746,473,184,636,699
309,1058,382,384,347,146,1150,1567,513,614,1039,496,155,1182,1584,331,345,381,780,284
590,558,1778,354,987,218,728,1518,875,1093,678,165,229,435,1097,746,521,794,453,445
