-0.9975679361977889,0.050724180937031564,0.8255491633811534,0.8928408297705362
0,409,327,1096,333,1460,990,1148,1302,126,1586,1427,952,481,290,252,85,72,102,253
0,648,974,509,284,0,266,151,268,155,70,118,262,183,517,370,76,858,786,1418
322,399,422,254,840,1463,657,1517,1043,853,1509,0,133,861,0,419,708,93,1749,1258
865,78,2568,304,928,1203,1499,1239,1148,203,856,79,2639,686,640,769,1996,0,1587,277
152,233,412,1125,621,235,689,0,459,592,443,817,893,1048,62,469,1227,398,643,976
1833,687,1150,1040,157,2439,1129,324,198,1091,414,2381,977,390,670,2795,514,502,852,479
312,1199,547,151,1143,586,362,965,642,134,846,743,129,1180,688,2142,195,0,1371,1975
379,852,0,1085,361,1178,471,101,256,951,957,379,397,373,1996,949,865,599,63,1265
105,312,1268,896,31,223,451,1062,1054,857,1102,100,278,720,612,10124,306,426,1087,341
1358,906,270,147,386,736,2208,1865,809,1522,251,357,1686,559,1367,11249,1034,1770,4742,0
585,202,206,30,1327,1,1443,902,366,373,425,550,256,25,6316,5330,5331,13914,2132,59
507,794,47,2878,1032,177,507,329,749,496,1170,947,249,0,293,2832,12090,687,1292,4251
597,118,112,26,313,1851,2236,825,522,98,813,425,193,1915,362,4464,10380,426,891,2194
272,114,151,62,1488,855,117,1760,41,139,1063,5867,932,0,1145,75,1925,2888,461,264
0,355,193,745,2855,421,1185,1598,619,1369,483,1236,397,431,443,3775,424,1104,678,421
1250,104,1224,167,552,603,334,835,4905,51,262,1377,865,227,1426,1716,782,0,973,611
789,636,293,1779,378,216,710,1608,2075,212,801,0,428,1277,790,0,8333,644,1758,0
789,717,304,704,761,867,1707,322,605,509,485,0,548,1692,648,118,20,494,124,287
310,0,406,560,663,1074,755,595,580,1106,1447,1427,1016,2195,1028,1069,311,303,349,517
569,731,287,189,847,1006,1078,87,851,1065,549,1174,979,77,1085,194,0,35,788,94
