-1.2581312322143552,0.03953272251492172,0.8803756541350845,0.900609019806398
317,1490,182,122,1070,756,290,3210,318,514,854,254,709,373,1959,1100,2637,1066,3783,785
849,544,1198,27,1555,81,0,543,998,56,1260,1357,181,1361,115,317,586,2529,1648,849
687,576,92,844,102,4,670,737,306,200,238,13,42,418,1057,309,2,2340,3775,2388
18,141,17,92,479,137,333,205,71,4374,499,70,2297,1580,413,44,1127,56,14,647
2593,92,528,253,936,387,21,1283,246,582,1517,120,1226,86,275,727,0,3262,1070,2298
209,358,398,1161,104,116,576,644,512,1608,304,17,286,948,2091,1796,277,1037,0,1655
351,1740,491,37,238,865,1161,416,255,685,298,1814,2136,912,1288,178,211,2076,1079,2344
32,457,538,930,480,608,597,378,242,206,599,1970,2446,140,12,862,284,413,536,1181
9,642,280,676,1934,215,45,3203,36,458,315,164,124,700,627,552,104,100,281,360
139,89,1077,854,1650,778,15,0,979,34,73,218,600,2007,4174,2677,157,532,1844,4
2497,25,1704,996,1,0,149,1293,107,317,1029,692,168,52,8562,3576,4023,2176,3756,1005
0,702,112,297,156,1750,1003,457,1616,219,52,461,4164,5141,2913,3711,2415,927,314,2113
117,1194,286,1714,233,926,1373,332,48,5529,5935,1074,686,389,2136,6665,5620,26,1073,0
162,614,395,409,276,446,640,1602,512,341,709,445,103,15,1271,2958,4139,743,230,4094
479,158,923,0,1182,2591,37,408,1806,1385,1529,237,1168,99,889,306,63,1561,20,2340
47,56,672,79,162,1136,180,525,499,2029,1934,220,9,657,297,682,2356,2670,134,324
1075,170,2339,39,0,0,620,321,696,1490,237,812,14,1380,1633,936,1155,80,3912,432
2,241,767,654,472,652,979,168,212,2693,2092,0,757,3396,408,1113,3074,117,104,1656
457,41,13,463,36,0,2971,549,1229,5258,80,425,106,972,219,1582,645,803,277,625
574,518,651,897,788,1573,6694,848,2249,1768,765,93,3895,993,1872,6,2196,315,2532,295
