-1.5756283087121319,0.04829300924440205,0.7994589440618177,0.9023376426923457
1841,151,2328,125,285,1370,425,9,1,470,2,775,1080,8,17,1116,563,35,1,3
244,88,397,1438,171,278,363,239,84,600,786,3,9,746,547,41,770,396,257,1308
127,163,2,87,1200,697,686,2,4,2308,1395,1227,3,1761,27,3,506,295,38,3797
1533,7,334,115,364,337,266,176,1754,2701,630,154,196,1330,255,1,470,223,902,33
3162,151,1375,615,26,1240,1672,120,17,461,1,827,5968,138,39,647,70,522,886,4
452,2912,845,197,18,341,3,1281,381,525,108,1484,34,0,1409,2571,499,2,1384,403
2,772,325,4,1,1332,88,1612,2024,857,17,1405,1043,1250,1814,1686,1057,99,7,1399
211,8,727,129,226,1048,326,2463,4258,706,0,1500,2,2805,123,1460,2900,125,1340,96
464,2,1112,339,4859,1056,1090,3311,660,2922,847,2927,1263,3,2249,503,2061,694,304,112
29,12,294,1872,296,844,1868,1598,314,3679,2379,1600,1101,1592,4703,645,2075,6,1375,552
102,15,1599,288,1349,1,131,3139,3917,1183,3121,3452,4031,39,1110,2407,983,1590,41,943
1,68,1215,4035,1140,1030,1325,2229,3120,5194,5096,5898,1853,976,196,1636,590,0,43,1037
1,2,27,1969,3725,444,1108,1818,6404,2048,4430,2027,5998,553,350,693,765,1307,3468,447
674,2812,508,0,2698,753,226,2071,830,2,350,1056,840,305,630,1100,743,40,13,1594
1317,1162,578,288,63,20,587,3606,447,86,1669,208,2832,241,66,741,746,6,775,664
677,2003,13,640,122,449,1640,2412,2063,848,299,1171,315,10,3,1806,186,928,521,332
1015,889,1801,531,21,1712,2380,727,486,119,106,1216,935,2148,104,203,639,618,15,1901
493,636,15,1569,300,25,730,188,4,2185,1,1449,1830,10,1316,1967,1263,534,242,357
1558,3,169,1303,829,9,2,562,32,237,1063,884,2826,2654,3219,528,175,1269,207,223
47,1465,1333,416,2108,2245,34,28,768,639,109,592,494,1375,745,905,941,1234,665,339
