-0.96707559799472,-0.002445173930223209,0.9082559091097706,0.8493229755776979
296,89,567,200,227,2271,1702,7,823,593,931,319,23,14,779,1760,1198,158,431,1782
1496,395,1143,388,661,344,15,1005,1291,129,1498,1018,1036,563,703,839,298,554,716,701
205,768,397,718,738,3008,327,532,185,414,304,133,814,5577,62,378,453,194,1527,380
739,385,2577,263,812,133,50,120,957,288,572,350,22813,73,409,233,0,623,125,889
612,1116,855,849,160,1203,322,255,1095,437,1412,638,604,349,358,1033,1121,7588,207,390
430,975,655,202,305,327,380,1108,467,856,1372,388,1079,2555,366,1221,733,617,0,77
518,95,508,1682,433,815,614,552,1075,632,1713,298,1347,242,602,1132,1447,702,896,48
464,700,1183,1129,681,141,274,183,250,182,1059,519,631,379,2185,255,1380,1166,240,225
387,169,224,671,838,195,279,691,345,431,415,435,145,602,506,629,1765,829,357,1018
632,667,1077,863,47,313,55,571,485,567,86,569,612,19,936,1132,1595,1405,289,1343
1920,755,2292,1142,546,544,828,627,387,230,385,313,89,217,910,1799,222,2279,370,560
824,2348,765,949,0,1042,420,148,1620,291,2400,895,1053,555,699,42995,1688,1949,336,806
1060,549,431,502,822,719,192,391,889,1300,1012,702,30,283,166,0,1671,1117,742,199
663,569,275,534,378,93,491,1206,1780,491,465,539,302,4508,528,243,837,128,2556,23
326,1746,595,1353,1967,365,1013,1610,400,1983,581,709,964,102,671,286,368,269,845,509
336,184,80,3552,0,2499,105,1309,130,1368,5671,780,1446,65,0,204,745,1010,1110,581
404,511,475,83,403,1390,641,478,94,1360,195,252,0,310,747,572,93,1198,86,459
96,863,350,497,1856,192,230,266,243,551,924,1273,985,408,663,420,0,151,187,3049
1525,807,153,209,423,92,106,500,1340,486,935,90,530,1833,145,1,538,498,1124,1153
517,20229,428,174,566,1664,1139,530,54,403,781,95,346,555,67,680,1223,143,1182,1252
