-0.7699938650261231,0.05245786225853401,0.9000249724171028,0.945392725452906
1105,546,563,996,1468,805,586,1728,2452,764,198,161,1102,959,244,572,763,350,740,2092
997,629,228,109,1746,661,481,739,663,927,837,751,1557,919,676,946,291,791,763,1092
842,208,339,1278,334,750,819,169,842,730,510,408,951,206,1057,2582,349,1557,3442,264
929,759,699,655,536,648,277,1961,981,1569,712,880,1155,1389,233,3669,1142,2724,1263,296
1093,55,497,94,234,930,126,81,0,360,1633,889,316,1579,3662,2053,0,6,1453,2012
1691,236,547,200,543,383,238,1759,223,1783,1467,1915,0,776,3239,1254,2744,1548,1936,1065
736,893,728,1653,1000,272,905,1653,266,87,696,1319,745,334,1277,801,1050,2235,3164,338
107,125,1179,420,1094,298,0,1065,1089,1634,1212,1138,494,1200,200,475,7460,2902,6105,55
379,120,1147,554,221,1291,757,926,762,596,422,719,1315,651,344,684,336,8407,2717,1943
168,835,1100,513,139,464,134,1064,598,148,1666,449,338,2934,539,1469,258,3323,1457,2365
306,552,313,910,212,1336,1264,1106,1688,200,791,990,132,1509,2310,1436,483,0,471,2843
753,164,330,797,224,477,1389,926,145,1288,274,3043,501,960,1313,4747,192,856,2761,794
249,226,611,876,722,236,1438,1101,861,1434,1117,1461,1063,926,2644,696,407,2321,2205,112
576,466,350,242,353,1451,343,1183,455,1420,312,934,1264,411,828,893,368,1111,0,2845
333,227,276,848,742,1654,1096,482,862,769,1053,669,419,984,1685,360,399,177,1787,572
467,1185,483,455,391,1395,711,255,841,378,1722,372,1262,272,783,338,765,172,1166,575
304,864,546,1211,455,1345,1078,1172,1850,222,181,1274,1708,344,1065,1919,267,206,194,590
1064,1028,381,274,1265,926,1708,657,793,733,826,1373,1931,555,464,995,510,1129,1066,547
584,2595,1079,1008,44,584,977,1200,1411,839,1062,985,769,235,448,1036,622,1645,522,1202
802,504,810,656,419,2137,612,1017,671,1467,379,851,988,380,1230,254,1359,1936,2689,1961
