-1.5641131359952207,0.05088267805496272,0.9009339164045104,0.8941735834353005
581,1182,2287,917,614,236,1728,1463,850,554,2990,1,776,826,993,25,2442,1106,3729,1960
504,1023,1580,280,49,406,863,82,675,47,742,2875,2143,75,27,146,869,592,658,1419
1,452,1167,39,260,146,12,1376,565,296,493,689,3909,160,1026,1382,351,2690,1978,4170
1,185,1777,23,11,438,198,365,898,263,25,379,90,250,214,2,1086,94,1017,309
1088,1,238,161,365,2547,1509,584,215,1,410,34,1315,1770,407,367,666,2367,1549,1833
896,2537,0,944,397,728,556,619,1,67,1393,1,0,720,2136,824,198,1000,156,1009
827,376,12,93,580,312,1,174,688,168,53,1,2267,1212,244,32,1,1755,1701,1272
8,187,367,141,1673,606,1037,185,14,336,2903,2474,311,31,72,1317,1487,1749,1406,1661
41,2004,839,1924,84,321,103,116,455,1139,1774,103,628,34,166,1688,2,2,893,86
129,910,882,1191,5,39,1069,19,21,4,742,498,19,1373,4614,3379,0,11,283,20
795,163,1780,35,1536,1623,254,639,1653,460,329,1288,1565,329,5930,5408,6843,3354,6288,698
72,183,10,1464,982,562,1734,925,561,1178,618,14,910,1646,3192,7345,2520,267,146,22
267,802,141,1783,45,6,288,599,8,70,1120,154,92,58,9,5551,4452,9,1093,1742
251,5,920,147,221,430,124,2168,232,519,1,145,75,2130,20,3991,3615,3352,2277,2416
3842,16,1204,1066,1113,2581,10,92,304,470,1,121,938,166,1867,82,5439,3782,310,1346
1095,1023,525,213,154,301,259,534,152,3470,38,1908,1405,2712,1421,740,906,250,1262,530
1105,402,2,1258,706,893,265,0,957,1736,90,942,860,2058,2390,4700,361,907,3825,1035
849,175,457,2,193,570,3245,195,432,209,190,578,754,917,103,1239,2370,2,152,1260
580,33,1,482,83,1,763,84,13,6328,1269,471,1358,724,60,3531,8,262,1182,578
454,1444,1184,636,124,1084,3734,870,114,173,2223,869,2493,19,1153,4315,2904,1,474,14
