-1.5016954244520653,0.005612366128122923,1.002119879527343,0.9060254481691358
2471,2974,327,1411,165,1028,5295,1303,628,1615,17,29,2197,3270,2120,214,1043,36,1560,2045
4125,705,4565,1620,2756,12,573,2600,320,100,1836,359,1628,481,1039,2627,5575,2193,1678,654
876,2408,1198,131,2698,647,1223,48,1183,334,167,307,373,11,921,154,8,94,275,1553
2174,194,394,156,1315,17,4,2413,1396,365,817,906,1311,42,680,709,180,985,3260,87
1237,1,216,1023,313,217,895,770,129,1291,110,611,217,203,1077,2560,580,1004,1805,155
83,92,851,1001,80,171,531,520,700,833,1783,1,27,477,2765,1658,1313,986,253,583
122,2058,894,6,625,3,1681,583,8,859,1026,610,3567,326,893,3525,1772,1165,771,652
1219,9,1888,867,2685,1116,1347,517,6,534,1067,172,410,111,2692,250,121,166,2161,1014
2,983,389,36,258,12,309,2,0,2373,239,10,986,316,4492,3,1106,95,166,1691
66,410,19,53,4,1,338,40,2,327,10,451,5,738,130,822,1106,2230,354,1750
2423,1129,1984,222,860,7,1138,4,539,201,426,472,1517,560,8,2125,1807,9,2529,2129
259,191,2481,41,351,379,170,560,1052,460,87,173,548,1444,897,1208,1814,51,1202,36
670,1565,1963,102,229,3597,210,6,2004,452,336,4,315,1708,67,115,8,46,1551,334
6,2132,2,3907,249,688,2486,1646,1768,6,347,1525,3614,43,116,133,327,1110,2298,1087
207,2408,542,2854,235,8,2,1,256,196,1120,369,168,1198,3842,385,120,40,4910,30
756,1950,268,187,279,605,2332,2179,2126,641,314,1,1537,11,141,299,490,2077,2,1328
1011,2571,2464,221,2186,3,1176,664,1243,470,164,431,2247,34,48,2247,481,4260,677,595
4701,2842,244,1687,622,10,274,1,707,1349,89,99,927,11,3817,167,976,12,20,1097
3457,1855,473,193,1693,1640,279,13,456,1222,1857,38,4682,95,261,375,3,1164,835,2721
2871,722,515,1282,1949,954,653,223,2220,2138,705,953,4,579,6856,2674,406,3135,400,407
