-1.5515986397092139,0.03486292726395738,0.7982630684037976,0.9030454498615167
1008,130,1982,325,45,246,1224,91,1,674,1,196,1708,676,21,28,513,21,28,3
391,56,126,1163,116,35,122,2407,1,278,14,550,1174,631,765,353,1406,518,316,107
21,65,5,185,1288,1154,1821,1,4,1166,151,1441,33,1787,645,103,36,1476,89,3077
280,346,219,632,133,705,3122,110,516,1686,3217,455,106,1063,1776,25,1657,603,1513,251
1552,12,2015,1016,153,507,69,864,907,243,13,469,4718,703,15,324,3,1246,124,9
8,2667,84,161,179,659,2,1967,907,2081,192,4998,1,669,2364,2132,511,1269,1423,3299
2,666,963,150,1,966,1639,1130,1722,109,342,1622,878,3529,2996,831,716,318,13,36
86,142,880,2395,153,269,553,153,674,541,2291,1536,18,1690,2056,389,1620,5,1564,36
194,90,241,263,498,3366,138,3493,832,1528,2255,5,1232,3,3569,1432,652,3008,7,1690
52,1,523,2496,2663,384,1685,2762,966,922,1015,314,496,46,1780,768,1891,1428,63,142
2041,297,637,172,1794,7,370,1444,3896,450,4058,5159,2123,126,1828,1001,909,1378,1732,32
33,386,2746,2053,1869,2219,470,1234,2122,4169,4675,5095,3171,824,34,13,373,1562,1037,546
320,843,1128,1645,2076,219,1024,2659,6854,326,5614,3661,1452,382,1392,500,2656,84,1622,3
255,2621,392,444,596,415,1331,1513,1580,340,739,873,46,272,1728,1634,2,3520,7,1543
506,34,922,516,17,270,3008,1642,2516,1290,3195,74,2377,19,4684,220,1861,26,166,689
1006,790,3,20,31,280,292,2466,2018,566,1731,1099,1499,471,91,236,4,205,692,481
762,705,234,8,43,382,1860,569,63,518,98,1852,51,1955,1202,2472,1989,154,196,1245
2,1,19,720,24,1417,93,2020,18,15,9,2554,2354,425,2101,807,74,1,2369,355
2243,508,177,2522,3,463,1,541,274,261,16,1630,2506,2497,1204,361,604,229,319,133
34,1987,1003,132,93,1270,391,613,258,456,43,465,2,1988,893,376,516,498,377,193
