-1.953315705581514,0.00526381060565038,0.8581647134727005,0.8481581401540471
1236,1146,685,1153,15,1,1428,230,438,18,1519,1,9,43,3,473,228,206,369,1
2039,871,991,250,975,1215,1249,2229,130,1536,1632,15,2533,1883,146,65,365,995,39,309
721,173,4,145,77,563,870,36,308,51,4195,482,9,51,1219,294,94,80,110,241
117,6,97,92,669,602,1361,3123,283,725,1,3072,82,346,1654,553,40,816,196,1599
0,1427,730,3086,5603,2334,171,15,250,323,137,429,1965,825,1,28,1478,74,7,259
241,1277,1237,2494,113,23,1,5,1534,4748,4,2,56,2,7,3,730,194,2797,571
32,581,879,53,5,181,100,6290,444,1329,234,6837,1419,958,1787,649,430,1589,1027,352
2143,2001,357,93,218,3280,4731,224,1,1,841,629,2,71,598,986,63,1200,337,1
0,2620,31,636,2057,18,1982,31,621,4081,553,635,4076,1563,1258,812,737,1311,761,449
1630,5823,35,5374,879,2561,1298,2615,3,24,7354,10,992,20,2,112,5,516,62,19
401,105,1,1161,385,1038,2761,38,1,995,311,286,518,2,220,971,1,820,1030,96
3,52,74,110,6,3343,5,1,1,2512,3661,1,2508,928,404,1945,0,7,0,144
1049,240,218,273,24,218,1638,77,688,9845,1012,8546,924,137,5,248,10,194,87,19
518,884,836,8916,17,19,213,279,1666,1,197,1601,2166,381,2867,708,3056,2175,409,77
695,2,1107,12431,1,279,14,51,750,3472,2412,456,198,1599,54,1,189,121,0,156
2,316,20,165,464,132,214,178,1163,272,807,344,13,853,1103,3585,1402,68,36,1
673,29,1650,105,825,2314,3,22,2,3,448,1589,2930,9,2009,37,8,762,23,662
5458,1115,4851,363,357,20,0,2,4533,1,169,3631,203,21,8766,1722,4400,16,8,1
3167,280,0,555,104,2395,1668,1519,116,963,2544,55,0,2,1728,602,0,2101,167,161
150,9361,4696,3372,10,1161,319,1613,3132,541,11,560,101,58,6,15,0,138,26,523
