-0.7418245843538428,0.051092957203424015,0.8939595265221769,0.949002280089438
109,726,447,1129,1525,40,776,1094,909,357,934,6,1101,333,960,487,711,1207,1509,207
581,445,406,1483,380,1100,580,950,529,1825,498,862,405,1002,515,793,1584,403,1314,511
1871,443,1076,413,602,966,1004,1238,326,1336,686,159,892,1062,1247,1472,521,1050,1938,349
2503,741,1014,462,792,662,480,700,362,540,332,672,779,2710,872,3520,343,994,1444,662
1230,991,791,488,220,448,1707,206,93,535,582,1394,1139,712,2565,2279,3617,2911,392,208
1659,1295,1062,371,959,1144,1335,395,201,479,1045,882,1080,1760,1485,0,1213,196,3041,933
1521,587,152,791,881,477,795,1295,1093,710,152,1286,1301,626,1193,1244,1581,1909,3576,764
353,23,1315,1294,251,299,760,1188,111,2042,388,446,1114,1163,0,668,8117,1359,5277,234
409,248,1054,786,406,437,889,1331,368,559,798,291,974,1108,1909,807,915,8096,2178,1461
552,539,243,577,2236,656,1874,180,585,1165,612,1858,76,1790,929,3755,0,1614,3043,1928
177,529,232,970,1864,1320,674,1006,1077,794,2339,1683,563,1371,1665,1066,2191,570,1499,1512
1184,732,535,885,1042,1043,1609,357,963,697,399,2782,293,2999,3718,2171,548,2408,1304,1384
386,1291,281,340,599,484,1325,322,570,870,507,1810,1243,182,1771,834,1104,1680,1463,477
631,178,1501,232,1208,2120,1164,673,113,312,785,72,208,948,419,641,812,993,539,1330
1121,1240,1107,428,1896,926,863,125,1274,541,293,333,560,0,1385,364,2950,1949,694,1265
566,531,514,321,850,590,778,187,626,991,426,617,1092,103,1499,1570,324,0,688,49
1529,247,618,887,579,0,331,873,3210,585,331,423,906,664,1014,1882,519,830,293,2209
414,169,371,723,451,710,538,994,366,747,204,1344,966,2390,296,636,523,609,808,233
416,1186,2248,721,552,1861,635,2264,1097,692,82,1513,556,734,344,726,512,1141,941,1484
1350,235,1550,206,323,1090,648,264,892,460,394,1101,57,189,666,161,627,1861,993,469
