-0.8798785620835182,0.049725850878781,0.8553934219739358,0.9004595969016166
241,124,430,1276,170,94,861,244,373,689,622,1174,591,1448,2185,696,622,292,382,441
569,1415,2594,581,682,176,208,0,841,356,237,838,606,535,615,156,402,1843,400,673
614,771,636,784,383,1699,649,244,1558,415,644,848,265,1035,2251,139,832,755,1556,1582
484,1430,1411,703,2004,410,1007,437,938,424,341,482,876,216,138,206,378,726,903,504
895,1153,325,780,1567,246,244,581,227,68,320,1342,1009,668,766,447,1327,725,361,711
923,636,326,372,653,227,113,79,573,311,151,540,925,428,1492,645,806,469,1236,504
255,1004,922,111,1091,2339,1696,390,126,1891,892,1832,651,984,1212,1739,803,704,440,1778
557,918,1396,514,1019,700,883,69,495,1515,803,300,1311,692,268,916,0,751,387,2174
0,951,377,472,1216,359,571,902,2246,575,812,480,140,737,600,9751,991,709,265,1099
186,1034,528,389,227,548,300,287,218,601,474,861,691,790,572,4777,1274,622,5856,1484
633,460,655,549,611,709,650,563,856,646,638,1185,384,421,10325,4585,4389,12989,1513,604
1254,292,194,2520,1193,847,394,404,341,662,161,282,502,232,366,2735,12325,351,210,0
42,433,474,199,51,1222,389,1763,640,265,1056,404,974,1257,258,9654,10740,467,2235,4344
8,502,470,699,0,110,1112,1771,775,291,868,500,855,501,556,4603,2695,412,609,943
1293,345,550,658,1852,558,55,240,923,317,547,584,665,71,672,374,1067,1230,471,236
506,528,1552,507,876,435,104,410,1405,1146,645,204,962,178,314,1507,7895,988,924,657
0,238,96,262,437,467,1065,1338,2386,405,1736,391,1137,1299,256,600,0,455,251,888
970,668,1122,258,614,468,195,270,1268,188,230,945,402,1955,487,215,883,665,88,416
197,1512,675,423,226,326,317,285,165,1636,1410,617,1959,1860,410,3205,331,175,607,337
373,558,297,284,757,420,336,73,1088,115,1794,642,2047,2024,411,402,505,1635,8716,254
