-1.4793106414575163,0.05120135356796458,0.9020161011631799,0.8944799792231891
738,853,1961,1028,301,332,925,1195,775,4212,2710,569,1134,916,1949,33,2343,1429,367,2481
242,1137,2652,163,69,402,1425,83,880,47,740,1707,3046,146,27,578,1658,542,148,1194
1,1323,1148,268,336,8,11,929,652,591,551,839,184,202,821,2713,1412,2373,1769,4658
4,188,1838,37,413,436,368,357,917,117,53,374,13,313,321,542,1051,506,3030,878
749,628,373,13,340,2527,1108,560,252,1,492,193,1276,986,668,375,447,2451,1549,1780
824,2155,1,944,201,876,142,627,94,39,273,7,591,882,1617,437,256,890,115,1127
904,465,11,106,650,235,22,74,424,194,53,1,1646,1166,42,705,1,1756,1218,1094
8,649,353,81,473,457,1420,275,133,314,3170,350,451,9,61,1312,2002,1590,1650,2698
264,1262,933,1924,109,332,269,30,516,1125,2054,25,628,47,140,1292,155,4,584,228
169,243,886,1422,32,45,5,1,24,1,678,188,33,1749,5092,3448,278,7,201,18
1283,165,1848,30,2559,2407,1,302,2294,535,623,1328,475,336,9238,4760,8211,3354,4927,333
210,189,166,1420,1390,464,1474,1204,1271,1229,593,55,1280,1669,3315,7344,2349,258,184,43
284,822,249,2566,496,6,295,521,6,86,1418,259,72,57,318,5095,4455,134,1859,2961
264,5,928,290,120,321,78,2274,135,354,1,451,13,63,20,5584,3498,3380,2316,2130
1703,17,1246,1463,851,2296,772,835,951,493,1,147,347,181,247,82,4240,4681,836,1573
672,155,39,38,154,243,62,127,152,3181,49,1607,904,1791,687,946,1010,378,1242,7
1019,409,21,1225,856,728,268,134,1138,1788,912,169,979,1035,1605,4610,466,1808,2413,1393
797,1000,646,2,408,464,2213,318,323,116,161,610,613,868,69,946,2545,36,249,1775
254,37,55,73,2343,1,1561,200,13,6349,254,286,1713,755,38,2997,20,11,998,440
162,1479,154,650,121,1539,3357,862,123,226,2223,24,2583,580,924,3846,2900,170,427,17
