-1.3334885684674431,-0.005182676501063313,0.893026789290452,0.8514943482556239
58,218,419,4263,312,4903,901,0,33,100,259,63,816,31,3493,345,66,87,133,272
2435,585,694,198,313,1691,238,635,267,751,1558,1319,15,537,8048,199,52,868,1182,705
94,1052,4794,424,428,7517,549,473,3985,596,82,478,0,961,118,274,97,62,1261,2488
528,359,229,1342,415,13,1012,1504,887,28,164,3640,1127,0,649,677,304,1623,342,0
317,189,108,41,4216,788,6,80,527,958,423,467,1838,60,129,108,1370,167,578,45
207,164,1318,332,26,126,122,155,490,399,398,96,0,169,18,0,233,31,3029,4443
697,523,692,0,1517,23,516,298,388,19276,0,1621,372,712,215,2986,771,21,424,505
936,1156,1240,699,78,708,12496,147,1101,368,0,535,2217,0,72,3542,488,0,7,823
244,479,288,2838,346,982,0,25,72,2547,180,78,820,305,1700,917,11219,668,877,912
2424,1708,235,4219,167,415,6730,3169,604,191,1890,9,219,346,589,327,138,570,0,90
112,869,459,880,78,751,176,3491,124,202,8,1258,59,3964,626,1692,50,44,291,241
325,308,98,65,589,3720,1719,182,67,3401,5,666,322,2779,179,462,283,59,697,112
955,127,699,232,318,1068,390,165,1437,1486,65,1008,0,785,72,744,515,370,251,766
62,142,3577,11711,443,1113,0,0,522,304,3520,4108,0,1557,392,104,67,33,105,149
359,903,537,1546,3829,728,266,159,730,957,1458,179,2141,819,865,24,1739,227,66,319
58,250,302,307,2,313,146,428,1721,253,212,1393,386,1326,1073,6249,213,33,39,247
398,19,2835,620,27,241,237,0,364,59,119,142,137,582,488,319,2132,66,2352,892
639,215,527,584,1402,265,1907,214,1038,376,776,380,2723,63,6226,1624,52,65,220,2108
180,378,1454,99,250,109,6,253,1472,1821,692,1957,217,1207,70,744,259,720,432,617
584,8327,290,515,410,837,4683,370,3108,695,1602,344,302,867,0,684,5676,608,42,112
