-0.6182960219780174,0.04434311277163065,0.7997562122539789,0.9567860573649073
117,573,1138,490,302,549,962,390,762,96,349,913,709,609,723,861,492,793,495,636
136,1197,587,660,427,386,1080,1262,1102,1500,499,797,726,263,1129,984,272,1019,307,164
379,501,297,914,582,962,510,1167,1373,619,2382,719,116,263,912,437,464,728,358,215
291,398,545,741,438,909,538,1536,1347,396,1795,984,1093,719,841,726,1092,345,430,662
1421,1049,185,242,440,583,722,716,898,610,1550,1847,1365,538,518,350,773,942,652,1121
437,753,1266,1234,1194,1339,1147,1574,1640,1570,1128,629,1058,1312,2726,546,962,679,844,455
431,1093,836,1473,701,1326,1396,2310,1415,1689,1145,3006,2260,843,1398,652,879,743,993,1114
622,460,619,714,628,1711,1811,1070,704,1290,6142,1141,695,948,878,1470,1848,953,362,663
472,111,730,480,155,915,1260,1263,2005,1274,1044,1932,980,1836,424,1083,2199,284,1220,660
368,261,725,68,565,972,1130,1072,1004,9935,1050,2051,1792,774,2210,460,687,699,830,126
388,922,816,1082,1426,1772,2092,2816,1381,2253,1400,1123,555,1059,1000,1541,1223,722,879,310
204,1057,700,926,1453,1388,805,1662,4117,1288,1845,1480,1498,1189,10616,456,726,290,702,607
1056,814,695,746,1213,735,495,1104,2807,550,1333,2487,1833,1294,2481,998,1516,590,746,612
473,1234,336,336,862,1038,3248,948,937,2767,1488,664,1761,807,942,918,711,968,771,959
783,517,450,752,938,430,678,437,1011,197,4070,665,499,605,1193,1494,620,1808,849,312
507,473,1182,974,458,942,543,1399,830,1149,1186,1329,1103,1001,630,335,1004,822,840,390
260,356,331,685,849,776,843,892,604,1351,45,1277,802,778,876,983,890,380,494,898
765,738,873,258,1374,962,335,380,600,1832,208,141,935,1461,620,315,556,440,696,571
432,257,680,610,434,708,1083,252,810,580,952,721,928,468,1047,448,543,962,739,1098
580,985,593,364,337,224,575,402,1102,700,972,624,412,760,527,608,300,241,541,573
