-1.5213340007446376,0.04959836965627799,0.7969024113984462,0.9049417854663795
1077,49,1796,122,114,1708,1515,699,1501,408,2,0,1124,8,18,1116,679,885,1,3
1083,88,642,733,180,0,363,216,86,600,11,3,9,791,523,25,834,414,116,1239
40,510,110,87,737,589,554,1,4,1805,1573,2029,1,486,27,116,620,900,38,560
1491,7,134,107,3027,354,941,198,1183,2700,1415,154,268,1415,274,1,1320,219,703,18
3162,213,915,1408,60,1240,1849,331,16,247,97,2740,3996,137,19,517,13,558,696,379
342,3341,190,197,18,521,2,148,381,182,101,1360,34,91,1411,2461,888,2,1182,393
2,385,934,28,1,1766,2174,1277,1200,857,124,1405,1313,2083,385,885,1005,1011,2,1134
104,336,724,417,1405,1068,409,2180,1459,755,0,765,2,2805,174,1316,1215,61,1399,139
245,2,1142,1777,2657,3543,963,1381,792,2922,2464,2008,1234,3,2715,513,1761,1669,449,126
72,2,174,1496,121,69,2406,727,2309,3175,2266,1764,1066,600,4510,1384,1214,3,1238,536
5,38,2640,408,1712,22,1436,5259,4771,137,3804,3494,2754,39,1759,2658,279,1701,36,942
28,46,556,4035,1245,893,1368,2229,1760,5363,2378,5963,1696,699,25,1631,1028,375,43,2043
87,1,243,1704,1894,468,3963,5039,6412,1061,3900,1207,5998,590,236,625,638,709,1363,447
144,2812,0,253,1006,568,248,2003,830,1292,748,4091,616,32,368,1266,557,1543,13,1594
0,1162,581,282,64,18,1534,1565,1531,146,1678,0,1763,10,65,1025,1107,576,843,100
980,1932,22,488,159,463,3179,2628,1753,104,786,1171,649,10,24,1677,49,2,474,303
1155,3178,973,531,2,1689,2879,680,486,382,86,715,1255,2148,369,975,3020,1168,5,1427
462,685,15,227,425,1,771,293,2,1969,21,905,1416,3,1316,1935,110,189,308,326
2511,3,169,2705,665,165,2,169,27,267,1210,793,1951,2168,1657,331,191,1182,228,80
47,1228,2140,373,2211,1241,161,28,774,282,109,863,94,2370,745,322,1525,1464,13,261
