-1.6547538830165611,0.05893390049246137,0.7866694146457841,0.8862952763250498
681,516,1074,58,61,880,83,4,37,175,11,2531,2888,1497,331,195,499,471,100,1
1784,91,73,194,442,286,3,1227,6,21,2,29,0,1083,461,561,356,370,0,97
43,2,556,15,42,69,1,1,369,472,607,326,1005,1743,225,12,476,129,325,670
76,361,122,80,181,682,788,418,21,43,993,441,623,305,16,346,858,156,2981,852
1351,406,4,28,595,542,1083,28,0,28,775,1145,978,130,7,44,946,462,3069,468
1161,3,1289,3,624,138,1,1416,142,12,951,6,12,893,0,944,1486,27,802,2
1023,2162,145,852,1,388,422,814,3327,66,1528,278,1635,685,6995,1,370,1881,358,7
272,40,502,1221,9,1707,8,6,184,1024,3402,1082,292,14,661,3029,161,1470,1067,1034
1214,1106,38,129,231,506,171,4297,1672,377,672,3577,1711,81,3119,2,1356,1372,736,1114
2,281,360,409,475,201,1459,2426,2281,2051,412,481,5,1552,3979,700,718,1433,1146,62
20,534,888,129,235,295,1116,2336,2787,355,3308,7660,4550,801,2113,34,579,52,49,428
74,1080,764,904,73,1,1,1038,3831,2152,2940,6933,3853,2857,2888,1060,3552,1655,250,37
1390,128,394,6,375,314,742,2269,2361,2216,5362,4273,1854,31,4769,4281,2905,905,4515,423
169,96,521,637,2169,26,36,216,1110,462,2188,390,594,247,920,4772,4987,873,1322,54
1,2,54,6,1106,0,2267,12,2367,1,3364,6559,3230,544,1381,3679,6,8,310,905
1292,254,1810,1515,1165,418,120,2011,875,311,399,5177,64,2,2,1976,328,494,1246,695
3034,1957,22,801,421,863,577,474,514,33,121,334,740,2067,11,419,2,128,764,1086
51,241,674,22,3460,269,838,858,1152,1871,2359,702,5,671,584,546,925,149,826,1
465,1,103,1223,410,802,98,1519,1,185,435,1051,57,2783,1027,1142,1300,825,3713,419
168,1245,208,1526,607,480,4144,5417,904,748,396,1822,2021,43,189,39,245,100,3616,351
