-1.332982033141915,0.04927127548974577,0.9130949367370698,0.9003678205092495
254,554,1341,2575,418,143,675,421,1118,592,3308,4,2052,704,1352,33,2262,502,4007,2818
143,2023,1580,1489,128,681,2296,0,1464,11,1393,644,1954,531,682,118,2,113,32,2379
2860,2201,1364,303,247,30,106,347,618,105,965,907,619,1133,1141,1472,955,3125,1117,740
982,411,2196,271,61,570,595,1240,493,40,170,887,164,514,176,2,628,494,1524,320
602,102,645,15,481,356,995,720,722,113,669,366,1744,1031,735,286,1049,5,534,2586
506,2824,102,1117,277,3212,363,1671,0,427,585,1034,848,1300,729,652,146,427,336,49
1305,916,285,178,130,1394,4,29,176,292,105,397,233,1068,814,40,414,2513,1481,1636
49,37,380,724,303,901,1068,180,71,9,3191,513,895,1614,1893,0,2572,2347,765,2536
355,1876,970,1138,164,435,29,16,810,869,2680,98,275,0,493,1271,229,4,2197,861
906,163,1181,2079,257,77,440,19,67,1,1080,1336,18,1181,4543,4284,3524,608,623,101
1964,310,1248,23,0,3,178,1715,1406,63,401,2173,55,350,7697,5254,7212,2092,6286,988
311,58,838,71,508,430,2143,382,433,731,515,373,1435,1976,3749,7997,1367,1119,826,802
399,304,10,1422,616,288,463,101,6,0,1605,253,193,288,717,6097,4360,6,745,3184
148,559,2142,2316,59,802,675,2753,35,599,144,373,158,110,323,2595,2820,2807,621,2329
2828,1914,1033,429,1059,1035,686,15,2040,505,671,122,480,354,228,121,4068,1427,1111,3503
670,199,134,512,392,311,290,89,20,3655,658,0,238,1767,624,492,675,929,1798,40
218,247,1,7,834,714,1243,143,353,758,707,287,572,629,2362,3783,257,135,1416,610
236,3288,275,17,1073,185,1653,425,346,271,127,926,587,1054,0,717,709,419,353,1737
422,77,40,3,58,1,213,323,16,2720,238,126,2900,315,90,1926,87,954,857,325
1199,1929,86,569,252,2227,4114,64,138,353,3,12,2914,14,3635,4337,2732,50,314,359
