-0.9959829645708191,0.009609371685109027,0.8062846092090312,0.8506808086679221
1226,1390,675,540,1461,760,251,162,413,657,529,158,1646,226,277,1281,133,783,810,757
1401,295,597,219,391,679,236,443,541,697,940,712,1010,417,8151,899,510,284,1841,660
457,777,189,530,638,1528,92,183,1009,606,484,1297,101,383,613,717,1508,1042,1347,545
638,615,697,191,398,343,199,1139,264,174,940,228,4417,299,584,135,132,389,800,1554
0,507,785,105,780,266,1778,717,132,828,1486,500,714,686,5833,81,1142,780,400,524
457,907,106,5,797,1549,805,896,598,230,550,747,152,1759,0,320,123,139,1113,503
1048,1760,275,454,405,163,1233,102,341,1034,995,1086,704,522,1693,2130,312,443,410,1368
0,2298,1014,366,163,1829,15,437,914,493,2581,386,649,1962,64,477,511,711,741,1441
93,865,293,0,95,1293,746,2213,1262,1851,582,47488,26735,1663,283,96,412,186,248,1082
987,154,988,202,1368,2,791,358,323,0,541,5,151,229,1514,3,860,1645,215,233
1028,1118,0,1233,907,79,205,405,211,1801,1497,886,1200,1677,1031,120,0,103,2197,242
516,365,357,2189,18,1251,451,387,844,327,37,505,1099,1844,2092,715,295,153,1134,211
147,215,97,1183,1549,1097,393,1893,116,1847,400,976,2416,315,1404,1747,173,574,1499,778
108,1829,1541,979,557,1470,749,138,14,1121,231,181,1417,488,755,889,3533,531,308,430
790,236,1683,293,155,917,557,110,368,548,168,1253,271,815,1077,1403,785,499,314,357
108,777,619,506,405,2101,297,20,541,213,1131,25,139,141,419,549,731,51,76,247
222,30,1194,1339,129,1387,222,168,640,534,119,339,747,397,353,946,186,365,23,315
228,243,1115,263,462,1228,488,29,6646,101,1267,95,595,918,2828,1478,840,345,389,994
1469,131,891,1103,96,1021,1705,2760,1879,2888,1978,728,0,989,122,90,48,426,1299,408
813,1055,115,1423,191,583,577,1022,473,998,707,491,407,453,372,645,798,851,244,744
