-0.546894976694287,0.0012047791488184042,0.8477746059167246,0.9437649428078839
1154,687,392,1569,1045,556,657,1021,1221,428,513,646,587,997,739,902,309,557,204,602
1013,696,506,813,935,1440,1310,347,843,919,980,1830,247,953,433,1019,1356,135,930,808
874,1045,937,598,861,911,445,1332,782,633,1084,39,0,648,1351,180,722,638,401,574
604,785,892,1357,686,578,1072,1121,1841,1505,1175,975,1266,738,1109,818,967,753,457,755
1436,565,830,1155,956,445,834,1439,306,1989,1245,814,885,362,1540,466,1236,731,536,1499
1051,508,87,1020,0,366,744,1103,1486,1524,455,1149,1046,2419,1030,317,748,899,554,919
530,1166,808,745,164,97,290,731,1649,531,752,828,1011,1341,474,729,57,717,1200,1005
1089,648,1459,1198,545,698,1242,1214,2247,1141,937,1033,498,1240,830,375,14,334,357,528
1165,1823,729,1012,1860,859,622,505,1684,1382,810,31385,800,643,778,470,1045,948,787,638
935,27,1580,1267,1443,359,485,866,1022,827,1493,1159,920,1166,1443,1100,1419,712,658,258
1336,749,2058,566,967,1072,865,1157,1332,401,763,2777,1917,1675,1085,862,1268,1617,805,898
458,1339,605,1982,247,1001,1310,936,797,906,867,1528,1552,1163,1537,958,361,397,1239,518
291,616,412,1095,533,750,958,575,988,437,777,1683,1027,401,574,1077,283,984,1948,853
768,956,1084,1166,1782,1293,505,623,984,184,984,1475,1514,530,468,1224,885,393,776,960
521,373,1021,614,1117,318,1226,504,1177,1819,646,1149,522,482,1462,695,1531,1402,951,1431
887,449,1184,237,1283,823,3329,208,350,1354,660,866,781,609,282,826,363,776,978,449
266,210,1745,953,1035,910,449,1335,1456,1269,1459,1701,547,1370,1382,1016,880,725,631,418
581,344,836,718,768,745,1095,1150,666,709,1499,690,577,955,971,414,420,668,459,393
416,318,1014,945,672,1178,930,282,495,174,331,327,912,579,698,539,1277,609,1080,1429
939,879,200,1162,1354,125,1006,129,526,661,984,661,863,875,854,672,308,105,771,667
