-0.45660890424489325,0.0011898995190208293,0.847943785086959,0.949971704238938
1154,687,392,1569,1045,556,657,1021,1221,461,513,646,619,997,739,902,655,557,204,576
1013,696,831,813,935,1605,782,329,310,1551,1109,1102,247,1298,433,1019,855,135,930,808
874,350,502,257,861,911,436,1332,782,1209,1084,407,457,648,1351,378,722,638,401,574
729,785,610,394,686,578,1072,1848,1306,1505,1175,594,1266,738,1109,818,607,753,514,755
1436,565,830,548,956,481,834,1439,306,1989,1665,814,918,426,1540,412,1236,731,814,580
1051,509,1114,718,535,366,654,1103,1443,1524,455,1149,1046,2038,1030,317,748,853,554,842
530,1166,808,733,211,934,550,731,1649,531,1055,828,1094,1090,474,405,401,717,1200,1005
1089,648,1459,1073,545,698,1257,1138,1879,1141,937,1109,498,1240,830,804,338,620,928,528
1165,1823,729,1012,1860,859,1053,1866,754,1382,810,31385,800,863,714,768,1045,948,468,940
885,1184,1105,1267,1285,740,831,866,1022,827,1147,1159,920,1177,1443,1100,1419,712,658,761
1284,749,1549,566,659,975,954,1157,1332,401,763,2348,1917,1397,1085,924,1268,1020,1365,898
721,707,605,1927,1166,1001,1310,954,797,906,867,1528,1528,1163,1537,660,361,397,1239,518
337,616,412,1095,533,833,458,451,988,568,1123,1514,750,401,574,1077,283,659,587,853
1030,956,1084,1166,1782,1293,537,1448,984,184,600,1475,425,530,548,1224,885,1051,572,960
683,373,890,604,1117,318,1226,504,1057,1819,646,1149,522,1153,1462,695,1021,1255,951,1487
887,449,840,237,1283,823,987,208,350,1354,660,866,781,609,1010,826,1038,776,898,449
266,210,1745,953,1035,899,449,1335,747,1269,1459,1669,855,1370,1382,1016,1123,1079,631,418
661,343,836,755,768,553,1095,1174,564,709,1499,690,577,955,971,414,541,668,459,403
471,318,1014,945,672,1178,930,282,765,174,331,327,912,547,698,548,1134,609,1080,1255
939,879,710,1162,1021,1055,1006,549,669,661,776,661,863,875,854,919,295,292,376,652
