-1.6438028958662523,0.050067397539468005,0.9030239398443818,0.8884404068736278
581,1180,2491,917,601,368,1431,1095,958,435,3068,1,913,852,993,25,2461,1168,3719,1960
395,961,2428,231,50,406,2847,83,675,47,742,2924,3070,75,27,148,869,542,59,1378
1,715,1234,39,195,102,12,1410,529,179,493,1079,3909,164,1023,2734,349,2690,1978,2295
167,468,1822,20,891,463,205,370,1251,263,25,354,13,277,214,8,1086,104,2825,125
1088,1,484,161,378,2562,1598,608,49,1,483,198,1348,1807,407,343,613,2366,1549,1531
899,2871,1,948,106,883,157,606,1,70,346,1,0,1014,1542,810,198,895,156,1020
827,284,12,85,580,312,1,180,414,283,103,1,2267,1130,42,32,1,1759,1641,1265
8,150,296,148,566,411,1037,185,200,14,3145,2450,662,10,59,1520,2556,1749,1406,2698
85,2081,854,1924,0,375,103,116,455,1139,1752,23,628,56,141,1677,2,2,1508,222
129,151,878,1191,5,56,1069,1,21,1,632,498,14,1310,4605,3379,0,11,283,20
1084,152,1890,36,2643,1623,1,67,2364,505,339,1387,479,329,5930,4924,8355,3354,6209,714
72,193,21,1395,1261,464,1325,1327,546,1178,593,15,912,1728,3201,7344,2487,230,504,130
219,822,144,1818,65,6,343,598,8,76,1269,148,72,50,13,5551,4452,9,2148,2814
281,5,946,143,181,465,113,2161,232,375,1,143,13,360,20,4117,3499,3199,2277,2416
3842,44,1257,884,1166,2499,10,110,304,470,1,181,835,202,1014,82,5439,3515,784,1771
1096,945,42,53,154,274,70,534,152,3452,40,2937,590,2653,69,1224,906,235,1273,8
1144,402,1,1309,706,729,261,483,1146,1628,94,714,860,1497,2495,4611,484,989,3662,1035
664,186,457,2,76,570,1731,323,415,217,189,602,754,917,75,1140,2460,1,175,1903
538,36,1,13,55,1,1472,84,13,5945,301,381,1358,724,60,2591,5,691,1182,578
87,1459,194,636,124,1084,3734,866,114,83,2223,25,2583,15,1494,4315,2937,1,474,14
