-0.8726481815797353,0.04675432906934252,0.7794778902513991,0.9044237344392093
650,575,596,735,896,305,618,252,862,441,780,929,1846,328,389,325,872,486,880,129
1195,1966,140,412,947,212,188,2071,688,455,1413,789,500,801,409,131,389,527,598,128
342,402,716,1064,3099,151,637,813,497,962,700,1159,1664,349,225,303,95,270,796,406
910,239,715,324,383,617,696,3094,1117,807,624,471,328,732,814,1292,63,479,605,136
556,94,558,505,750,659,379,655,137,351,199,1138,279,569,787,318,1385,1008,2715,978
397,75,407,2663,1042,214,724,72,272,150,493,732,261,580,856,875,695,666,444,972
876,661,358,1586,748,1279,794,935,1004,603,195,856,428,322,320,799,220,509,430,374
803,707,228,1734,232,888,116,1092,511,335,729,999,1117,753,1301,111,812,530,1291,374
526,677,872,2082,589,355,1171,1139,2284,320,6400,951,834,1761,2158,212,222,149,267,584
102,1121,246,340,435,712,552,4235,3029,8407,4944,925,694,241,748,746,2835,666,527,1568
714,307,1345,670,782,443,650,4481,1197,522,3761,2169,4251,269,574,340,1385,1610,533,1251
923,782,297,228,570,72,764,536,2261,15993,639,9250,729,1862,3395,387,851,185,1533,818
782,550,195,893,424,2582,987,327,11271,13546,618,8180,3142,681,1102,340,619,144,494,0
284,338,318,3576,49,390,3605,4535,857,1201,388,22,1272,138,1103,334,621,727,273,369
472,209,334,811,474,417,453,1406,273,577,306,544,808,549,140,253,2294,367,208,484
2863,1056,328,458,56,340,908,1323,1264,504,442,345,876,446,174,435,1465,182,445,418
694,465,2193,173,418,495,316,1785,610,63,844,191,984,799,632,928,147,921,270,209
1476,159,825,644,231,276,2050,383,77,986,880,2560,1091,646,387,2091,372,871,435,220
739,413,772,817,206,753,828,223,329,291,1504,284,673,395,522,501,675,221,1085,755
450,1108,474,1006,543,1053,1032,593,1217,910,80,2055,547,377,230,639,1128,1136,440,1365
