-1.1042472840050983,-2.069698344071853E-4,0.8517084621097053,0.8409408449894681
1574,1173,222,591,1232,1260,1055,62,510,647,722,2510,2522,793,264,120,12,486,679,787
487,349,16808,140,118,284,422,5532,349,350,312,810,716,632,8402,39,1222,209,743,461
370,579,151,789,1743,1579,1546,466,1650,434,656,2643,20,213,288,1318,0,1079,430,1167
626,630,1719,90,720,1276,257,3304,190,32,564,191,4505,602,462,626,245,349,718,193
1492,1001,458,181,423,393,356,274,219,1995,1066,960,603,584,6854,330,1068,816,873,320
990,261,26,1868,332,1259,485,608,678,143,479,194,0,2287,72,131,429,21,890,1362
1123,1992,463,37,623,106,1742,0,404,2180,167,811,884,231,0,2345,219,53,1346,1567
729,20,110,506,82,0,8,475,1563,1032,0,156,291,1065,592,267,846,164,22,1171
240,1764,273,1411,1314,2147,0,497,1458,1968,1549,52864,6750,1001,431,61,454,182,248,1324
564,696,234,178,320,131,169,532,672,422,1260,119,454,213,106,2,276,3950,277,179
1343,887,805,170,384,1327,169,14,1245,1921,2249,387,116,1102,2142,720,309,108,2846,430
415,692,483,870,4,185,803,333,1578,127,69,1823,641,591,1230,555,614,55,487,505
92,1306,5,982,30,408,490,1290,2320,1424,1109,318,1643,277,2949,1108,587,419,1081,877
8,1671,400,527,74,729,2006,308,0,488,222,133,404,541,46,1084,4372,363,252,728
854,509,1031,1596,32,262,694,158,1040,85,262,677,144,479,28,577,0,577,54,63
41,90,539,330,316,1324,151,1073,75,265,313,12,72,314,342,0,556,127,421,131
89,0,700,1469,403,431,359,323,190,597,528,972,188,487,456,895,180,718,602,315
479,441,133,263,472,234,539,1041,741,224,833,42,339,1160,3817,4031,1664,807,461,1085
60,153,287,802,1320,802,1173,2693,1754,2451,321,594,798,925,286,114,176,1052,623,495
506,144,512,2128,196,543,17,736,1890,896,609,1171,415,1292,864,427,491,1308,517,1481
