-0.5379124689419431,0.015287260362207135,0.999966359880101,0.9679888382601006
1553,2216,2957,1561,721,774,1171,1431,1152,1047,849,1029,845,1124,1395,1078,890,1557,1038,12695
823,1179,793,1449,806,1457,1028,858,1049,1004,1019,718,1062,1536,941,1620,1759,840,440,2368
1472,547,432,1991,860,824,817,1730,550,1302,590,473,752,1153,646,211,930,2169,603,851
954,767,606,797,965,424,3239,2327,1024,492,646,360,1307,1278,760,860,616,1475,1001,1408
1291,577,555,667,2146,309,711,1633,379,997,906,1487,774,641,1118,548,1409,279,1393,883
1018,2131,949,848,955,1100,661,1542,281,961,836,245,1989,483,718,820,1835,1057,721,731
668,1109,679,527,254,485,956,506,547,689,532,524,1231,683,897,711,666,1231,1084,525
375,1131,696,1093,725,708,656,417,1099,829,193,341,1054,702,591,545,1720,1801,609,1693
3759,196,1318,493,1087,1315,905,1079,510,422,570,509,814,831,975,337,550,1449,524,606
1629,1472,1028,1400,715,711,554,47,610,362,539,422,717,827,1363,750,908,69,452,534
1192,934,766,728,570,553,515,1608,771,218,493,918,1761,617,225,787,506,695,651,475
570,1266,148,768,732,1036,928,893,914,353,677,708,354,1307,377,604,1033,265,385,1055
936,1340,1498,1109,1097,373,1741,304,373,324,333,602,541,603,1091,334,1050,1887,1131,1382
775,1499,1256,923,630,109,113,624,568,59,849,382,987,0,848,636,675,1530,632,697
1393,1543,539,1092,855,469,486,633,351,778,1166,531,330,126,1000,425,1312,873,957,2069
503,1151,1885,1327,1534,892,135,606,736,550,1057,631,1104,170,1141,950,71,1315,530,702
1174,1572,777,918,455,927,1405,800,1272,1793,1561,1348,559,466,401,968,1042,545,1071,1090
783,1527,1000,861,675,1186,728,751,969,1275,539,663,905,536,1121,953,1022,604,1554,2323
1519,1675,1071,173,1573,474,315,693,793,1076,1072,727,1273,442,1873,1026,642,1536,1547,2279
1115,876,1017,1082,2221,965,1698,1757,618,1360,840,996,752,1068,1559,2042,784,529,1251,1913
