-0.7423464099682097,7.273953585774504E-4,1.0482304022331943,0.887662431544321
30296,696,236,948,1641,0,273,58,592,1323,715,617,93,1221,646,1344,997,852,371,11367
0,2082,31,1463,1464,1070,363,1375,532,874,1133,1970,726,1142,800,1336,941,307,782,630
349,2593,694,1222,245,463,447,643,674,614,594,505,1087,815,353,456,307,768,891,1230
1399,328,410,5,518,1191,603,997,323,387,930,333,1356,0,181,201,446,791,457,773
815,351,1015,724,432,412,440,687,1096,1258,372,493,276,629,1023,272,282,638,2077,839
144,282,848,843,876,1289,430,0,1340,31,393,1219,2688,542,491,417,872,402,253,128
751,209,737,0,1389,618,532,439,305,1426,298,946,428,865,1060,618,317,2279,609,952
1387,592,668,457,583,832,561,996,1500,447,1183,1070,853,1040,508,227,544,611,56,326
298,669,1094,0,644,213,638,322,3767,736,236,386,782,853,1091,859,693,841,909,901
503,1234,1175,532,1257,277,281,379,1108,792,932,1335,402,467,532,456,1310,3106,760,597
1338,196,381,418,751,437,389,449,350,920,50,980,418,899,681,318,1498,388,1243,158
628,1797,547,653,1277,673,734,846,524,756,520,338,760,2475,666,506,230,1092,691,774
249,445,266,305,620,0,776,685,1815,2241,204,275,326,1856,532,661,1255,666,961,449
772,503,809,911,928,1848,671,321,848,803,230,317,960,602,0,572,210,0,2559,778
1375,1667,1680,386,378,1619,345,799,870,635,153,858,900,0,212,589,624,1082,1631,1600
859,1055,527,967,872,957,381,2401,643,1017,1250,494,0,399,397,0,2689,520,435,927
1949,599,379,5343,170,482,585,1097,625,741,989,749,395,361,562,509,1400,463,1062,406
729,404,608,1276,1514,565,431,355,382,1145,630,874,75,909,1821,811,559,424,1238,0
1073,240,1322,1248,987,153,362,760,923,715,570,852,1400,566,357,563,436,23656,731,221
3,527,310,263,1091,1258,1510,527,1100,905,543,586,361,519,819,976,1261,588,1647,15951
