-1.622396229169815,0.049135052850718314,0.8969952542383763,0.8886365966416887
713,1185,1973,1028,301,360,713,1177,801,410,2840,1,1082,592,993,28,2343,1350,3623,1883
387,1164,2652,178,42,406,2705,60,872,47,742,2924,3096,80,27,166,1746,506,306,1338
1,715,1039,291,209,8,12,1242,522,183,551,839,184,164,819,2601,1412,2828,1769,3252
327,176,1753,35,5,459,472,357,949,100,20,374,13,831,214,2,1046,166,2112,273
849,515,442,13,275,2170,1452,584,46,1,628,193,1406,1569,414,343,827,2874,1549,1833
806,2437,1,944,105,1306,142,627,1,48,393,2,556,1036,1617,833,258,695,111,1009
879,301,13,540,808,324,1,22,424,194,53,1,2052,1130,40,1,1,1756,1733,780
8,169,351,148,532,457,956,228,21,15,3161,2444,662,9,75,1693,2002,1677,1649,2698
136,2016,933,2962,312,431,143,136,540,1141,2051,20,645,47,187,1677,2,2,646,222
169,243,878,1500,5,56,859,1,24,170,774,518,14,1749,4605,3321,5,14,366,17
1005,170,1679,47,2233,1553,1,165,2275,538,392,1387,489,519,9642,4760,8359,3354,6209,737
166,187,177,1448,1251,464,1439,1477,1365,1190,593,15,1328,1672,3201,7344,1633,274,184,22
121,803,85,1819,73,6,434,433,6,84,1418,133,79,94,26,5557,4457,10,2118,2969
264,5,564,94,117,436,68,2274,230,112,1,795,13,88,26,3889,3570,3678,1983,2130
3842,16,1257,1358,1001,2488,838,110,545,474,1,130,992,253,213,82,4496,3782,765,1770
562,95,42,42,154,310,56,297,118,3181,39,2188,264,2662,105,946,996,378,1273,8
1104,405,196,1071,746,743,265,278,1138,1304,122,1187,894,1432,1520,4610,483,910,3720,1035
692,1093,508,2,76,464,1646,323,415,199,167,610,1051,917,74,1307,2613,1,608,1888
228,37,46,13,55,1,1441,250,13,5937,254,298,1358,634,38,3545,8,197,1205,541
61,1286,155,716,121,1525,3357,1016,132,225,2257,24,2583,13,1784,4288,3171,1,427,17
