-1.0287942085935204,0.009736132382283325,0.8005822726629208,0.8434798602186906
1609,1059,760,778,790,532,0,274,547,646,437,1260,2094,717,247,1005,133,438,691,570
424,407,30,177,550,679,148,2369,322,399,346,99,847,759,8816,54,343,209,1084,307
294,780,102,257,841,1412,219,221,1822,873,589,1671,95,140,534,884,957,516,1198,1019
285,639,144,1178,310,1164,22,688,190,192,1326,193,1922,1468,562,713,147,544,1019,1049
814,851,398,171,762,110,1522,708,0,1371,1230,721,615,558,6791,374,976,423,249,343
738,1093,280,313,23,835,148,687,1009,183,711,781,112,496,0,374,123,248,1754,292
1156,1076,143,207,539,1290,1525,35,290,1895,413,1395,66,250,1693,2200,324,49,467,1969
707,480,117,282,462,1506,8,449,792,1701,1010,638,1974,1943,180,678,607,182,220,2043
493,1168,62,1258,1612,792,1237,958,1277,1845,616,52473,26691,1639,223,61,625,13,557,802
987,684,792,276,1446,4,38,37,347,224,597,148,693,383,1313,2,455,423,61,252
1279,1523,701,69,1100,4,33,52,1212,1376,1598,491,340,1262,1190,18,2166,487,2846,388
516,141,383,621,25,106,423,463,1190,317,51,1942,815,999,1824,611,887,78,868,391
583,472,42,802,1452,942,363,1483,126,1576,696,1155,2452,1264,1823,1985,397,665,702,1741
177,1599,773,1293,126,1286,14,422,0,695,358,133,574,632,1117,1084,3886,569,385,584
1191,257,1146,1540,255,257,736,199,556,91,39,408,206,704,1265,1263,884,922,280,876
155,0,230,773,156,146,210,233,141,772,664,25,658,31,419,838,733,775,1456,0
236,772,1523,1914,242,949,878,67,179,669,286,417,204,169,283,829,524,0,1,62
468,102,2303,748,1063,643,475,369,468,535,1019,62,233,592,3183,1393,1462,412,47,2578
83,156,661,1321,406,1351,527,2926,1129,2250,1385,209,316,533,661,1691,823,183,1701,305
259,513,333,1370,190,1770,1150,727,798,1257,679,777,257,265,150,845,702,645,474,605
