-1.4294043410303958,-0.00413742034247518,0.9238500675675774,0.8474517016690001
284,417,584,2003,1046,649,1361,237,64,222,1751,332,784,26,4581,342,148,87,131,85
3110,898,637,1010,419,391,238,19,539,23,1955,739,147,3,113,1134,486,338,1806,839
374,551,0,488,1518,6380,883,460,2597,299,21,167,14,2160,940,40,431,348,465,1724
62,423,367,928,160,777,2366,1177,55,181,153,4903,355,17,5263,1201,603,1708,773,1353
243,942,108,41,3666,596,198,203,624,35,1228,466,930,75,178,423,1259,934,38,41
43,210,1498,1232,272,4821,0,1440,634,62,150,43,186,23,19,162,1245,22,3014,4594
331,152,1135,29,618,144,207,963,171,4195,165,1301,696,712,556,2910,578,29,4582,634
703,2167,1708,66,0,368,2109,134,507,74,6417,690,26,245,66,90,50,6,15561,933
581,436,419,3791,399,758,224,19,354,675,136,75,755,1489,1792,305,1507,2141,51,466
3251,0,86,2234,100,4830,4844,0,176,120,1218,92,18,2772,1366,3,35,202,341,146
475,526,508,138,86,766,555,2814,71,332,352,208,222,199,0,784,1513,1086,0,144
551,931,246,35,381,3151,1833,11,9,663,214,756,863,36,253,473,170,10,336,243
786,763,1122,410,372,1228,146,13,3212,0,187,3045,861,214,814,492,4099,109,81,560
26,2527,566,17305,1932,89,77,534,1649,139,3580,5149,367,711,724,522,575,586,10,115
0,108,69,3864,1943,77,364,49,331,615,1426,162,975,85,428,15,1141,69,9,1186
1718,389,26,261,66,1186,21,157,1198,391,57,0,301,151,726,5957,266,46,303,0
237,11,669,676,35,427,72,76,783,166,89,111,1222,352,682,550,1005,72,831,42
25,787,110,2079,2128,449,220,38,0,9190,367,333,3553,280,5999,151,15595,96,272,1729
87,346,1973,55,335,319,835,186,1842,5853,1528,173,44,2259,35,2455,289,21,122,576
221,8179,799,2265,192,352,82,137,2995,24,2748,509,324,565,710,571,1301,73,56,61
