-1.363316736046159,0.058150408228791216,0.8013446096858825,0.9008381782402874
906,339,1020,59,11,591,669,92,12,104,6,2140,2888,1321,413,189,516,271,329,33
312,83,868,194,91,324,2053,1293,2002,131,0,555,0,1002,375,260,1158,370,1185,252
43,2,571,1,104,71,49,1,477,183,197,168,985,1603,115,38,497,109,1057,1272
55,319,99,30,180,646,1323,1276,59,3,141,225,575,291,16,610,843,127,2827,1093
665,239,11,122,595,289,475,395,1997,694,251,1558,1026,192,6,1327,3720,928,1137,805
1147,3,355,2,626,210,9,1416,142,179,730,185,621,988,30,692,1255,191,21,2
1103,2212,359,295,1054,415,448,1405,2480,90,773,313,1519,878,3340,1,327,1925,343,186
1466,54,511,1403,105,599,17,10,711,926,2856,165,400,177,688,2804,144,115,1089,1357
1214,1386,859,52,137,376,136,4297,44,432,614,3173,1569,37,1300,26,1085,885,703,1157
65,366,423,453,412,222,1028,2426,2347,1812,2981,1547,120,1552,4309,591,0,2983,490,1903
5,439,852,193,359,627,980,1491,4035,813,3308,7660,6802,636,1554,607,364,316,50,514
15,761,764,341,139,1,51,1038,4078,2152,4837,3270,3634,2643,434,664,0,26,32,781
1318,233,388,3,363,347,1527,802,2546,2216,6126,4273,1247,319,3537,2976,3071,523,4507,269
170,693,498,628,1819,771,36,548,2798,429,1215,1112,1124,261,875,4707,5411,426,910,1014
1,2,51,6,1661,0,2269,79,1875,242,2622,6227,3230,298,1038,3679,615,82,341,863
842,838,1825,1468,516,359,65,2141,755,311,426,3303,60,384,80,1416,101,404,1841,698
3446,328,29,709,421,887,499,1086,306,32,285,255,2012,2860,11,449,1018,382,754,913
171,335,650,139,2193,1561,1867,2242,2508,810,514,486,99,877,1983,363,963,272,787,65
510,7,186,3403,493,914,90,1449,53,1437,1045,1028,1233,2442,0,1174,0,1010,2511,372
199,1211,174,827,445,673,3508,5368,820,564,410,2110,882,3,76,278,206,440,2164,337
