-1.7400209412029632,-8.856342063664047E-4,0.9755352545316761,0.8499435134549299
562,690,545,2031,5,1162,32,769,290,1,1438,20,200,297,1356,351,1761,3465,369,6939
999,1846,1986,12,675,177,1371,15,1131,1618,1655,299,608,1,229,2605,230,3,438,213
11996,2962,86,770,269,1264,1,2337,1052,84,1,25,419,2742,943,1650,1525,482,69,0
178,3,103,19,1,297,77,125,17,793,42,579,1,183,13,7248,225,2172,587,7644
464,1713,1103,4,22,246,80,985,10,394,852,339,80,178,978,1283,224,1079,3001,1306
72,37,93,1690,893,113,470,1133,990,160,1009,918,4714,47,2596,502,159,227,1037,126
2161,1381,2,714,400,10,135,8,572,1116,1142,2017,928,290,4311,200,26,689,47,39
21,349,8,232,343,86,2,1868,12,846,26793,434,10,661,174,21,47,1349,217,296
4502,1610,1,444,972,854,3152,1337,318,54,2670,1740,620,1079,5,7,1,4387,243,30
5,1687,342,1243,1,1,80,815,3,2365,1870,2236,228,102,1459,63,1553,2631,1469,58
680,484,821,1195,51,243,96,125,102,208,32,61,1411,363,547,1,1193,753,1159,280
294,544,1587,51,705,17,228,216,915,991,272,1038,280,1504,1857,320,376,148,170,318
626,330,636,15,552,2,243,862,298,140,2,137,6,350,426,202,438,130,1925,436
1926,400,71,1,1022,261,288,897,78,2730,20,2534,117,1562,327,188,31,25,46,1732
314,123,2874,955,463,18,2,1241,173,0,1174,40,2774,678,864,140,1309,1731,2109,181
3179,6398,1201,4281,1,119,432,23,342,1438,186,588,366,579,147,2480,329,1497,1287,529
271,3141,1,1545,228,171,1299,1,6256,223,20,11,961,486,134,3840,1186,832,2568,23
1670,1718,18,700,4,164,157,4,113,73,201,2544,15,450,4249,1,30,2857,225,975
3589,764,186,5,20,222,2843,194,80,518,879,1218,735,25,191,245,15,1022,2094,2949
257,355,151,3901,116,984,1473,7806,30,522,242,7789,201,3248,251,4763,31,1,67,5720
