-0.4846455762885931,0.04251240131424864,0.9078212737168019,0.9779914648419697
1255,344,1265,1253,2332,1746,544,1092,917,614,1277,550,822,1043,1395,2225,1607,821,1666,454
890,792,843,727,1230,424,899,1453,661,1340,827,537,1859,1941,1211,1518,741,229,780,1348
749,229,913,304,685,922,2169,1092,870,748,782,1167,1484,855,755,660,1393,1455,1644,1314
436,946,633,49,760,695,1294,587,1435,368,987,233,1257,879,516,2152,1361,1895,979,1663
972,1037,743,1360,769,1498,910,0,821,1010,1119,821,1195,1275,972,1207,2447,2176,1168,760
830,796,974,427,1670,430,615,1155,1877,1429,2080,2696,1513,1849,1802,1589,311,1897,1361,1190
760,1124,1385,703,278,650,714,699,692,952,1072,2041,873,2020,1491,1088,1430,1149,1298,411
1546,350,2008,0,1018,734,1023,983,1059,1327,259,1667,1389,1080,1154,1827,763,840,1519,0
864,656,1221,1050,1144,1001,1080,784,1254,1260,1425,1272,2027,1224,963,1227,1180,1921,868,671
384,1107,961,752,287,684,563,1485,1084,2031,585,0,835,1124,1407,759,958,1107,1827,1785
465,1208,523,432,374,1086,219,1551,998,1308,852,1745,938,890,971,830,1786,785,617,688
395,431,472,1214,912,53,619,1128,1106,1255,1382,444,3,658,864,575,526,1097,949,495
1074,493,932,924,1492,935,220,1090,929,1008,695,2117,1328,686,1230,1747,1233,772,503,2910
1141,1224,629,278,691,1350,1195,813,1293,1269,1099,1331,789,650,2565,858,618,261,1131,1487
548,710,748,703,540,1100,892,0,966,1103,398,834,428,902,1116,34,423,843,1088,440
868,888,717,1713,886,339,605,694,1296,569,726,235,718,783,561,638,1185,1004,1222,273
880,1027,1183,1131,566,947,425,1018,413,747,382,621,773,1500,1609,468,476,671,903,1013
204,1400,672,559,404,361,1058,1162,1088,757,780,1168,460,939,545,247,832,899,1102,1978
387,663,901,1171,416,404,408,406,906,1376,385,789,2183,1180,494,1152,377,653,448,410
898,1144,1103,805,1408,528,1332,481,1322,492,875,888,375,1347,1568,738,745,778,825,935
