-0.6471745450195342,-0.0029426143595013485,0.9384425370042958,0.9022109645252127
388,676,601,486,244,719,340,1099,584,502,18,620,566,445,556,1629,104,294,189,412
991,648,302,733,1438,802,1114,787,8,1013,597,1113,487,484,641,944,170,424,718,874
1250,1675,1460,884,1152,493,766,667,1180,654,757,191,893,321,838,485,995,981,838,44619
1317,750,146,205,1124,661,1257,734,1180,672,1005,180,8,956,592,590,1493,703,499,437
822,758,844,761,793,454,1101,566,625,1201,1328,1099,43,295,510,215,1141,749,472,1102
421,218,872,922,1088,1164,378,1637,16890,108,983,110,478,643,697,1030,1576,1900,498,1247
1188,548,671,558,256,1120,1364,851,736,687,800,107,761,1272,499,1300,1062,552,0,298
372,528,888,834,2000,623,621,1248,1139,893,221,749,488,703,310,1639,0,422,1020,1393
1588,962,167,950,1748,489,725,668,689,991,874,1584,1110,1035,818,31,1028,803,769,229
833,879,903,2053,403,1149,1190,349,2303,507,913,1137,1782,705,1293,865,1663,623,552,128
324,1286,836,0,591,720,972,314,1664,177,1277,478,543,558,997,1024,462,1050,1308,280
1079,619,743,937,1467,827,513,573,435,276,973,472,287,412,1061,279,1235,309,552,1065
1223,721,589,775,799,1376,1883,1162,215,1115,1064,1654,1394,431,1047,1150,857,888,1291,782
874,793,931,734,1284,2163,611,868,204,1317,257,1751,96,1324,709,771,345,446,513,460
590,19,471,1181,728,614,1349,606,705,1034,1651,1394,241,1336,704,178,211,813,414,468
738,853,1344,313,608,521,75,1052,2485,1369,519,1623,931,749,1059,488,1295,1531,1254,307
175,352,1155,835,586,567,1431,744,1217,496,305,418,553,423,476,213,843,808,711,377
1509,997,1135,728,1611,1170,742,786,566,1092,1067,253,547,308,0,120,607,1162,344,1241
1102,1366,198,1035,552,400,372,739,1027,1108,254,1161,2124,518,522,463,922,278,794,643
569,925,618,754,225,488,307,736,584,496,1297,96,775,720,700,876,1490,746,218,956
