-0.5784841423133126,0.031104752224605438,0.9107400755400872,0.9718246201047389
1112,319,871,1544,1425,813,264,373,1124,608,3,562,321,1042,1496,2199,1706,0,658,37
999,1228,574,0,1087,869,917,492,1110,721,1160,626,567,626,931,1303,27,1405,1394,415
1548,837,1092,3704,563,417,726,728,1497,1169,1198,1454,1812,2128,1192,1953,2521,1916,2938,1199
594,1236,1023,252,1752,477,1366,342,743,500,661,397,2497,1052,1058,816,917,1073,1660,1899
1059,1704,346,1003,973,567,738,1062,661,1260,1012,793,99,1564,1739,1465,2342,1987,1413,542
490,1557,785,773,449,716,172,1292,1177,788,1944,758,1425,1778,567,1519,2055,1056,832,1075
2423,147,940,162,581,494,1814,1154,728,812,2546,1721,1750,1568,2091,1203,1666,2231,1382,336
753,610,1413,354,62,691,1662,986,1008,1639,792,1220,1500,1088,1585,3811,1040,323,924,1197
1327,783,1341,2007,555,1114,1259,938,1144,956,404,1525,1158,1523,395,1129,1271,511,1094,1124
694,597,705,516,566,299,43,1905,725,678,1135,448,958,815,892,1408,1180,1699,1583,538
448,417,811,534,686,896,802,798,1143,1097,1387,1175,800,2074,951,1128,1237,863,586,1219
380,249,1008,553,1113,784,795,806,246,1020,1756,849,543,969,1221,649,921,1267,597,133
1015,836,960,1671,1164,540,533,917,770,433,853,1712,686,97,1373,1305,292,1367,1602,952
1185,651,981,439,641,966,300,373,462,11,577,1232,1441,613,1243,1188,782,993,176,319
482,703,621,1340,1078,593,1650,879,1160,0,315,646,330,837,1072,390,466,517,523,0
905,473,675,816,1224,341,1127,468,1680,329,2114,942,455,1122,1888,320,741,408,468,1043
559,815,855,1503,688,564,608,1063,1399,712,951,553,866,2004,378,1105,1492,791,548,1262
211,558,749,1151,531,859,1342,146,1222,1473,811,185,720,562,1219,852,1267,849,978,65
1076,888,1525,1856,128,1579,348,1133,1971,260,534,689,2011,672,1577,1438,851,319,345,904
375,1118,1287,95,869,2043,514,544,716,1260,564,920,2103,1226,802,1249,624,1040,1353,420
