-0.8221144138318937,-0.0017847340039551004,1.0136215323222137,0.8644310726436083
13451,167,535,524,556,178,26,350,350,248,368,1237,633,443,394,1638,1672,241,1350,26500
731,500,537,1832,720,426,64,666,899,24645,380,480,1094,655,707,1057,116,1851,398,1130
1055,118,559,1422,210,317,871,38,854,434,2447,640,298,1389,2141,0,811,599,959,1222
0,67,483,703,679,812,882,1379,867,290,244,1860,0,740,119,547,752,384,224,348
341,629,419,235,1522,1903,368,332,1235,944,0,903,418,1212,280,1029,491,482,1353,621
0,2124,1065,1165,0,1641,1426,828,780,399,1940,411,297,604,832,9751,78,792,402,369
719,479,1822,824,550,313,601,755,642,789,428,236,40,385,173,101,606,667,858,1161
450,413,341,289,554,362,118,646,1672,526,535,845,512,729,616,960,1371,977,308,248
430,254,365,667,985,681,725,702,341,701,925,485,671,525,1313,67,2798,695,215,869
1376,571,153,379,97,572,624,1125,462,211,705,534,845,456,96,721,273,477,130,492
217,557,465,1221,724,741,115,98,853,1583,512,914,371,1202,789,1141,546,106,469,577
505,176,1660,2484,103,933,768,693,391,511,189,809,638,1338,509,1540,1766,750,312,627
234,590,126,402,431,140,2623,868,866,381,233,1246,157,814,539,30,786,289,539,869
427,565,856,683,600,660,957,941,629,272,1534,76,1772,898,700,380,502,234,658,144
879,522,515,878,1443,337,140,380,810,816,1229,1027,1118,1180,857,479,1098,1692,1223,580
528,598,56,982,336,592,1135,1257,393,51,879,200,692,636,212,1050,1654,712,776,416
1107,566,935,3663,197,832,521,488,733,318,479,249,223,624,1488,1122,488,146,474,1958
535,976,1749,1064,961,191,931,794,906,384,594,1163,717,1710,309,506,687,1263,293,1144
822,946,290,2,1679,1315,778,1175,662,636,1035,762,316,867,275,244,1058,30328,656,663
1223,47,135,468,1301,129,868,852,888,670,653,53,550,730,326,602,1282,2411,547,679
