-1.7153989111821495,0.006526222278593319,0.8162439433514576,0.8498430867750261
1202,135,3,25,2054,57,274,1634,516,257,877,1,2,120,2574,19,2,16,32,282
78,183,195,347,10,993,283,806,1844,2870,4798,1117,3301,2898,323,11,65,15,446,2940
422,557,26,269,11,1,467,2929,474,6774,80,955,1077,436,69,76,232,548,317,187
3304,373,255,2772,624,970,20,868,538,38,1538,5,4,429,1159,355,2800,552,894,93
98,1,1,113,1,3671,571,0,228,39,225,10984,333,1,2776,1647,65,3,79,7
129,156,1176,342,90,2315,3664,1471,262,7283,587,704,78,3478,434,40,107,94,504,425
200,320,578,458,32,23,300,2987,564,88,2011,100,933,46,1459,3139,358,24,2358,229
147,19,3132,636,46,4538,86,4421,143,1151,2177,1394,64,1060,769,161,504,2,269,0
1218,119,234,293,1456,200,1108,122,11327,3738,658,2,106,586,871,1903,1007,1219,626,50
2772,143,457,4072,12,211,1743,483,382,516,7426,9199,837,1579,11,537,2182,1882,976,1281
3,601,367,399,3,293,4623,7,165,896,3998,1,241,73,161,19,496,3690,1707,187
50,54,226,259,435,4,169,18,3529,868,2766,1033,21107,1445,0,174,21,236,27,1050
1044,749,176,1366,90,2,28,1751,60,15,2449,210,1105,10,95,947,329,399,195,618
1053,0,41,1815,1225,7,8,234,5295,4,292,590,236,583,1447,1119,513,3769,3248,788
530,8,25,104,9,1892,991,1977,187,10,201,1569,110,586,3380,242,179,44,2133,429
2676,1,1,394,1,105,92,1203,1035,2021,32,24,45,491,29,3,3728,84,57,681
366,14,694,1889,2061,44,706,133,1228,66,1056,3717,459,17,2766,208,1727,251,1087,1534
1624,177,586,397,3616,661,17,28,490,456,1007,859,14,230,458,75,268,1,283,9
699,251,1152,3,231,1304,270,650,263,169,365,52,281,1453,2845,84,228,277,457,4301
941,2025,691,257,449,138,929,653,61,1953,287,457,546,47,61,177,2184,82,2620,86
