-0.6221972430691327,-0.0020191067365763755,0.9702784814409089,0.9331115616552169
32370,0,884,1229,356,0,0,2534,84,1530,554,731,432,745,561,902,2284,0,759,339
1656,549,160,372,500,745,2267,995,1392,1295,547,2515,535,581,820,152,626,806,929,1065
329,152,48,856,1236,802,494,799,540,954,757,718,300,987,919,438,1310,967,768,1510
425,1023,1242,334,355,849,1068,837,1626,234,395,817,792,1271,974,1221,904,1300,752,261
2848,1032,1395,7,0,382,715,1614,988,907,1636,1746,673,200,1159,791,1195,1163,414,1206
1449,589,970,283,1396,405,1840,1053,1034,346,1170,558,781,1059,542,1056,1489,660,671,1110
151,309,1076,560,430,624,1172,1147,966,337,798,670,1107,803,522,1616,270,982,1438,630
947,524,1625,970,795,1747,1196,1085,368,685,1003,878,621,423,209,501,1766,1346,454,849
512,578,1719,167,1714,402,678,498,803,554,0,139,739,1456,287,123,765,1210,361,553
684,565,0,320,866,575,351,264,1155,2388,662,1211,0,718,956,1679,744,1546,913,239
806,686,1807,305,499,1565,0,939,1224,797,1458,339,370,215,800,1037,601,1498,855,1350
720,1683,1312,398,359,538,417,707,811,681,1463,959,429,1824,706,1544,1296,3071,1576,534
1089,1357,1510,1949,984,696,2105,537,1228,787,845,454,1393,777,27,247,1459,204,1201,807
530,1456,907,399,904,357,1148,1158,382,975,4,745,1092,247,831,523,438,838,0,87
185,569,1346,2129,272,643,1277,834,673,1755,685,357,372,592,448,1014,1141,1203,743,272
0,602,1039,134,1625,1823,0,1120,647,1263,1324,931,1862,1124,2334,1578,792,1251,649,330
1051,1846,600,907,1060,941,738,1374,1018,1001,1198,864,1276,670,2125,1506,656,1074,1099,1076
930,103,415,686,1237,608,693,575,1852,594,603,2102,1957,1246,1186,766,785,915,825,292
74,585,909,314,455,627,401,735,1627,243,1489,523,250,1124,410,1384,1023,1129,390,390
938,954,1969,1509,1164,588,565,1858,1465,839,1077,342,1384,938,498,1564,856,981,708,0
