-1.8001705663201422,8.347223144498732E-4,0.9941063206267857,0.849969755450814
178,24,2613,0,132,36,873,654,578,151,2780,3,121,2442,432,6,242,961,25,1509
3555,872,259,1593,846,3733,634,76,155,495,72,915,8,3759,1408,14,563,3253,415,2565
3649,22,6206,14,1087,441,726,153,1498,308,33,10,84,45,3316,182,4102,103,1182,72
116,126,1036,74,90,78,703,917,771,302,1149,50,4236,167,52,2769,194,5978,2158,4143
745,300,420,71,135,72,421,243,1030,1244,332,2,1182,113,863,1511,2,65,312,2375
3413,2,962,3602,3840,517,276,5,1,147,16,1130,899,834,26,19,2568,0,32,3052
227,0,1,702,1712,315,3,210,294,4,4725,1,888,1357,1826,523,1,170,8,1
2574,3511,284,1,1,5133,1575,91,516,1,360,296,4,495,114,506,641,296,876,372
839,130,4,204,79,202,119,543,377,1186,39,1122,1086,443,1981,1138,1,52,3137,100
699,1715,418,374,266,1,255,79,141,1787,1706,159,120,482,450,148,53,10,51,319
442,3,160,27,239,112,3219,121,319,503,189,409,5418,811,102,5221,19,49,317,2217
3526,1862,309,589,856,2206,270,1,2,874,181,425,203,3946,379,1420,141,6,261,46
112,68,114,1,596,5,500,0,580,1,1,465,1544,236,233,4851,5665,3,12421,311
15,132,2999,1157,19,192,349,62,0,1943,1,2639,2270,334,970,637,8,196,266,466
218,221,33,233,458,1615,326,21,1110,696,61,1993,106,231,64,2,2620,7375,153,1788
3553,139,288,219,7,1,1099,105,18,15,12,149,574,2460,249,1060,5,26,779,114
2493,12262,1641,4939,80,707,545,675,673,1293,8444,83,410,0,29,54,681,1670,521,0
5478,526,246,1492,488,2632,550,1176,25,103,2524,1555,274,482,3110,1411,581,1,3828,3
14,105,4704,521,244,44,319,673,14,40,306,1862,1011,38,2653,499,1777,99,4105,1151
1777,73,13558,1724,370,1080,145,2300,12,635,215,977,723,128,69,7,2243,90,10,1079
