-0.7453100868590653,0.0070599892962043085,0.9982628191982802,0.9514020183149229
2391,502,2346,3854,804,1571,1293,1152,1458,994,746,1342,82,1386,1264,1117,1888,265,737,12435
750,97,1499,1582,1335,200,2254,1994,904,796,32,787,1303,1176,1259,1861,943,1273,1399,900
521,1890,494,957,537,603,2310,952,116,892,608,784,25,1177,828,1080,1020,1003,180,109
1097,4,1122,437,1119,1960,1271,1919,71,810,711,1573,560,691,309,1357,1016,1351,2287,636
783,1011,1891,538,1243,1598,1881,1078,343,1090,275,965,1390,534,566,0,380,1191,779,433
762,928,956,2093,706,1052,122,655,340,1158,910,461,1608,519,969,558,428,824,890,576
456,1271,2039,609,616,740,388,1552,1603,518,726,205,775,933,467,460,1217,154,1394,1470
89,1516,564,311,822,690,334,1971,934,892,0,609,618,524,668,509,718,1639,0,1431
80,20,1280,1630,1816,1862,424,788,325,795,874,192,2060,338,434,29,62,1300,823,301
1179,2180,122,834,383,687,526,723,255,1286,1139,260,449,992,1095,907,1086,1104,120,681
1337,0,2221,1114,94,1044,339,101,576,690,526,1156,0,441,201,766,978,1075,1940,601
462,212,369,1022,311,917,1153,1596,551,563,568,852,1049,1754,424,545,2063,267,1117,988
1169,1200,16,783,3206,790,631,884,616,628,257,892,219,0,1,700,828,1594,2604,490
579,947,792,1098,63,1352,859,24,1329,394,121,0,0,2202,949,1297,189,1741,1776,942
1209,1096,498,1034,16,325,773,180,648,785,0,444,565,696,1786,824,1180,1338,1168,2337
426,142,3388,1373,575,90,95,741,1038,558,1410,115,650,617,972,120,1679,861,1028,756
2159,3657,914,629,1244,608,280,1412,1232,1401,1272,0,384,263,473,493,1068,1274,2244,1605
1066,3331,2160,808,521,0,1468,1016,95,1516,807,1613,753,320,525,725,332,1418,1131,1397
1423,841,87,1340,1328,260,1003,1714,3015,1032,685,1108,817,222,1173,484,659,1253,2051,2874
1682,563,1033,775,1741,907,1142,685,1394,831,1341,632,1076,1289,1408,1372,812,1414,2151,1249
