-1.011440387467707,0.05070206298215951,0.9028396918896432,0.8960775828627067
2061,546,1168,1271,2263,576,72,359,907,216,424,610,1384,3259,809,221,3121,1831,1570,851
510,557,341,314,792,890,325,1614,2542,1146,279,723,1025,788,141,735,481,236,1203,677
440,1051,55,597,355,222,314,555,511,1420,500,199,597,624,147,491,409,513,257,339
742,1189,1039,1886,433,669,347,225,137,615,512,904,2649,24,484,1224,819,549,237,1547
537,55,989,1034,859,1029,402,0,325,1075,369,876,835,264,140,762,154,407,1566,1944
856,201,1122,1573,425,60,645,839,358,220,951,331,322,44,569,77,1508,422,3732,490
3058,662,363,540,1240,325,364,323,384,98,697,658,570,1049,968,0,23,1170,574,625
256,465,163,275,1252,968,149,0,275,331,619,798,1291,299,462,126,1613,561,0,1570
553,118,530,11,1383,547,284,428,705,1881,472,591,614,468,278,8396,92,959,1040,86
643,1301,1267,272,925,813,351,45,2131,735,142,263,4025,850,1366,9736,1281,1089,53,686
857,94,409,175,973,1726,91,0,754,129,187,247,382,1443,13727,7028,9897,5221,771,195
875,863,271,2355,3343,1356,656,502,768,423,748,1185,294,115,1327,2407,8145,3427,1961,310
180,1199,233,788,224,335,462,892,1110,461,607,859,139,1502,283,6331,6181,0,1876,4170
458,568,73,842,464,591,241,1310,676,124,39,538,487,613,787,62,203,540,6890,4723
605,1030,280,2577,489,2727,1054,602,187,223,313,440,0,150,357,272,1780,2395,169,925
38,667,417,858,210,246,470,80,334,267,633,327,465,726,651,734,1974,919,617,647
29,336,60,930,1694,1539,180,2997,153,188,0,388,1313,530,1692,106,1384,32,757,549
781,289,1964,369,551,606,656,329,357,779,310,1516,206,468,187,903,956,215,74,529
1126,758,869,53,84,282,805,414,505,194,169,3271,376,633,1154,3,1481,3393,2106,210
8096,308,625,0,1804,363,717,202,1240,751,0,207,640,329,320,1006,1889,1958,2849,2345
