-0.48610547786367336,0.05059761891876021,0.9172229999070804,0.9786730277266761
673,907,2310,927,1374,1398,1146,1316,1553,543,1044,695,1517,1058,1885,1296,1383,505,1910,203
759,883,590,2680,779,1078,1074,582,1563,1364,1900,460,1500,2204,1068,2213,2100,940,1753,675
268,925,1433,1129,0,431,445,752,1216,934,1785,410,846,1304,909,1070,1719,427,1353,1118
226,1557,1527,664,109,701,1171,1301,1827,1154,1952,1111,754,1557,1206,1277,1453,1455,614,489
1868,899,1437,1042,925,1612,785,763,454,1211,1340,539,1309,1094,1045,1251,1724,1255,2760,527
704,784,1113,810,1042,1254,357,807,855,907,535,1204,2045,1112,1749,1236,1670,873,1325,726
585,662,1026,716,1319,482,894,837,1030,1201,737,1385,2389,2295,1193,2405,1204,1677,984,1107
790,660,861,855,1454,1932,591,1111,927,1186,1129,1046,1157,1948,894,1594,2069,1018,1259,2251
301,419,301,704,615,908,1394,607,559,990,539,906,363,1566,263,2363,1146,1602,1316,485
605,1739,715,957,725,923,1635,776,1433,1044,1203,810,692,379,908,587,1328,1087,946,1134
552,766,876,454,2149,854,1355,1777,573,416,775,787,2110,944,826,1723,1343,555,1446,745
383,1391,459,1139,420,1285,1106,938,742,1623,497,757,324,2023,1178,55,249,276,460,830
768,1109,1178,487,328,883,729,362,1041,1165,599,363,1101,733,638,1895,316,497,579,916
736,934,496,176,399,860,281,513,544,1515,686,1065,870,1229,865,597,1540,716,349,645
646,546,1275,689,640,425,856,411,650,1057,543,1225,635,970,111,756,729,439,1716,651
1461,787,597,663,414,439,376,288,603,1349,759,1323,454,818,1218,1268,1062,517,1558,735
1196,970,1141,1021,315,629,691,640,564,315,832,626,886,1259,797,595,1081,670,428,1965
1016,381,938,1042,262,1348,169,842,597,1346,550,1047,1281,953,605,463,149,1123,883,1422
769,1082,1158,1234,1015,554,391,1041,2006,327,780,411,822,546,904,1304,737,350,854,468
922,967,1168,1486,538,422,733,1307,1115,484,1140,541,161,205,768,836,868,1236,1587,588
