-1.6402982572268219,-0.001330243035810935,0.9706818199493803,0.8526409811891164
562,690,545,1073,5,807,22,769,290,1,1928,20,200,297,869,351,1761,3465,369,6939
1672,1846,2002,435,675,0,1371,8,1131,1110,1655,299,608,1,230,2605,230,97,312,213
11931,2962,132,1988,269,1264,1,2337,1052,80,1,25,419,2742,943,1276,1525,482,154,0
178,3,302,19,98,362,77,125,52,793,41,579,1,165,13,7581,225,2172,587,7644
464,1761,240,4,22,246,251,985,7,80,666,1847,909,178,978,1283,224,1079,3001,1313
32,106,93,1690,893,97,470,1133,1203,392,1008,656,4714,12,2596,503,159,60,1037,126
2161,1381,2,714,400,0,135,8,930,1116,1135,1415,928,2387,4311,255,26,689,214,39
21,349,8,232,343,86,372,1868,12,846,26793,434,10,132,0,21,47,859,85,296
4502,1605,0,444,972,835,3152,1660,318,54,1997,1740,620,1079,3,7,1,4387,243,30
5,1687,71,1261,504,19,80,210,3,2365,1870,2236,1155,102,1495,63,1553,2632,1469,58
680,484,736,1195,55,243,96,217,77,394,35,61,1411,363,547,509,1193,753,1533,280
294,544,1587,51,717,17,228,216,545,991,272,1038,280,1516,1857,497,376,148,170,403
626,294,636,15,552,619,149,862,405,141,2,70,6,350,431,136,505,130,1925,436
1097,67,96,1,1022,261,288,897,78,3143,565,2534,63,1562,327,188,31,25,46,1732
314,107,2874,23,463,18,68,1241,173,0,1174,24,2774,678,1035,147,1309,1731,2109,181
3179,6398,1201,4402,1,119,432,628,110,878,186,588,366,579,81,2480,329,1497,1287,529
271,3141,1,1545,228,93,1299,1,6256,223,20,12,53,486,79,3840,763,832,2568,23
2230,1718,18,700,4,164,157,4,113,53,201,2544,15,267,4249,1,88,1836,153,975
3678,764,186,5,30,470,2340,194,80,518,787,1218,735,314,292,245,15,1042,2094,2949
859,371,151,3920,47,984,1473,7806,30,233,184,7789,446,3248,226,2711,31,1,67,5659
