-1.9270846615145047,-2.1848913558998874E-4,0.9475918686944143,0.8534815100012023
2428,2124,417,33,2880,49,22,177,1556,106,730,370,2,13,72,0,1446,226,1019,3
110,3,1627,77,1100,1,1,4,3,1568,14,1675,2910,1000,490,2594,1128,2760,1,1076
178,754,2725,222,0,39,477,119,0,8,14,497,3,680,84,480,1427,89,433,1906
807,100,82,417,24,335,67,846,2,230,1126,388,61,1861,674,2190,2,1760,3,9706
1161,111,446,0,195,2960,1385,897,24,221,39,347,101,1590,107,643,2,507,72,20
177,6800,486,1,86,2501,169,73,31,15,60,1,32,25,2070,1736,887,255,1,22
3246,27,1573,3,0,330,142,2785,89,0,34,682,402,4745,1271,0,2133,2,4607,8
11278,5416,936,10,1540,606,1314,612,174,0,3171,94,282,4113,245,190,1497,2787,344,424
2858,843,65,1205,2474,6,181,999,1,82,2,163,102,6,225,130,2485,91,606,2108
190,233,233,42,28,244,665,455,269,5135,6038,994,22,6427,983,1245,1348,14,178,54
1448,8,46,276,385,972,2051,1,2,627,25,51,528,710,266,240,115,232,54,42
27,306,301,3079,4646,879,911,2,19,1481,3478,12,545,189,2274,1821,5,344,1761,156
2135,7,1505,80,169,10,1620,1,1631,5027,354,571,2896,228,2060,739,1,1356,19,1445
1,148,424,1922,2189,2329,11,521,228,115,205,378,228,2149,27,329,10,11,6235,3448
100,441,141,395,2042,1,226,1,1367,1044,451,74,2523,6042,4171,259,109,2840,476,1750
2100,782,577,1,3067,95,1,2390,32,181,42,2,4641,262,786,641,1193,1067,2593,1
6835,947,2542,9,224,854,3701,386,2554,1255,177,1,2699,1,16,6,51,599,3,215
5009,5102,745,934,33,295,1647,227,40,1997,103,2514,63,69,5716,1244,5575,44,26,1
1279,12,2719,1426,440,1651,82,668,266,824,173,42,883,103,434,253,404,2,41,249
67,1186,109,962,252,980,205,875,198,5865,1,1747,988,105,86,213,737,2,1,8453
