-1.5493220555266565,0.011843984608878403,0.8511832546183913,0.9022097014283319
616,465,1,3,109,205,699,229,1444,3127,1198,480,463,511,548,3983,53,18,87,8
2,5,868,278,5,2777,807,137,692,33,1816,1291,111,939,3907,291,1016,117,658,471
197,10,212,177,478,962,2,118,444,31,748,2262,155,2,175,341,89,154,269,1517
741,4,496,207,391,874,2,1076,705,35,4,27,4459,2951,1333,1,1736,2,395,161
571,736,1613,765,522,1875,6,1938,1060,56,8,2018,589,480,158,77,964,566,487,1514
480,1526,2167,740,1115,59,2354,76,1161,8,2958,3524,1023,90,1942,213,397,1158,55,509
1540,862,1618,404,507,441,23,212,834,614,853,4,271,410,481,580,4,1,1763,3195
690,413,1564,922,1743,1580,206,407,592,4021,1852,354,3002,347,1746,118,1,430,949,546
101,191,27,2247,453,1313,2539,1,4272,1915,6116,4942,2817,563,328,50,30,23,642,1682
174,0,743,808,13,1,2091,0,236,730,1757,706,1894,2,1721,392,197,1912,1302,342
1635,1942,1513,879,1235,104,5011,2363,1,1470,84,7049,2362,173,2486,156,657,179,868,546
856,442,1133,2079,245,4,1597,2470,1201,446,1282,1912,756,637,12,297,3017,217,874,597
932,1535,285,545,150,4,1250,5,317,0,2494,69,2118,1798,2120,1827,254,314,471,1201
981,97,10,2884,1279,16,383,132,303,748,1656,1246,2286,2351,90,2103,3118,422,69,3164
959,902,1752,523,1574,1,1139,4458,9,3,1,955,5,12,1046,295,31,1825,500,183
107,37,1703,591,337,2671,791,2188,454,3696,3607,42,692,1951,3534,1090,529,2405,2105,739
1148,789,4674,38,29,570,370,607,2533,853,4563,1246,1336,309,84,3743,540,10,82,86
107,206,333,1852,764,1798,1,2,1792,4348,1999,1032,4986,553,878,653,661,2051,366,1168
291,1452,845,975,1399,4,9,1521,1199,709,26,84,164,59,232,668,846,10,273,39
96,363,170,875,2,1479,4444,1053,1,282,2658,1559,1432,768,462,0,117,0,1001,5129
