-2.008321129878225,2.2149408568418363E-4,1.0022946608592609,0.847345763484639
233,34,2601,45,97,36,405,748,432,153,2780,3,121,2455,17,6,2210,742,39,1510
3688,781,346,1593,1412,1933,756,76,135,484,56,934,38,4602,1408,13,7,3254,4,2565
3967,22,7185,11,1087,438,2,72,935,45,5,10,84,55,3512,182,4845,1,1024,121
122,2,1080,507,90,47,812,32,773,72,1149,69,4146,5,49,401,194,6108,1945,4247
432,3035,524,48,200,75,315,150,3911,0,231,2,499,71,3,1478,2,162,1,2262
3343,2,859,22,3870,511,263,5,1,111,62,1529,3233,5,26,4,678,0,4,3271
252,0,1,702,1688,136,3,1894,294,4,4725,1,576,1601,2196,776,403,748,3,1
2560,2778,24,1,1,5441,5237,1,0,19,356,296,4,352,114,540,639,196,906,540
839,14,4,204,144,216,150,2069,137,1081,37,773,991,398,1756,771,1,7,2787,16
696,1983,418,470,266,1,255,2,30,1688,1668,159,108,349,385,150,32,5,20,304
490,222,155,77,239,2,2240,145,389,480,222,1,3225,817,102,5289,19,60,1743,1526
3533,1862,308,638,1271,2337,784,1,2,874,172,435,190,1734,363,1526,283,360,280,1
52,11,94,1,596,5,1888,1385,951,1,1,249,2,137,116,6466,5631,3,10738,314
1,2,2908,1162,19,3,401,0,2,1943,1,2639,1732,16,960,334,8,197,423,471
159,231,32,59,503,1618,355,26,1029,136,280,1993,195,210,408,33,1626,3565,154,1788
3544,139,821,273,7,2,1123,104,5,1756,158,166,634,2581,1115,901,1,26,706,109
2767,12119,1633,1778,328,673,458,385,913,3012,8444,97,393,2,33,298,543,1733,632,3437
5438,442,295,1492,477,1899,564,1179,4,103,276,1612,82,492,2627,1538,567,1,4202,3
112,48,5278,26,283,76,333,702,4,1,218,1690,1008,34,2835,645,3066,246,4086,1354
1777,75,13558,1959,401,1061,13,2476,33,635,103,1105,629,2053,59,2,2714,1057,7,1598
