-0.6507414106760671,0.0013044709258928605,1.052048892301976,0.8940225927334696
30526,802,177,1225,1802,675,292,380,728,1323,541,617,294,1221,674,1344,997,62,391,11795
761,1983,49,850,1294,1070,405,1089,493,859,629,1497,926,1322,833,982,941,404,1165,544
980,1207,920,1345,245,705,72,1145,482,1545,471,453,846,1154,353,433,357,780,1107,1108
1399,320,509,766,301,1181,1093,1159,728,341,523,750,1467,437,556,1247,454,1187,478,941
447,1088,668,724,432,424,440,687,1615,200,561,1083,288,333,1566,222,499,638,1133,1096
0,282,596,843,865,1391,430,482,1340,945,476,645,634,216,332,933,829,1197,259,257
778,209,737,0,1389,734,472,439,231,1537,0,411,317,865,947,759,214,2342,590,806
650,507,668,1336,758,915,453,667,1500,447,1183,1070,490,1054,508,227,723,611,409,326
192,910,367,3087,616,648,585,526,680,632,342,756,1160,853,1281,492,260,757,783,458
320,370,1438,532,905,606,379,342,1148,792,1175,994,617,425,532,456,779,1184,795,106
772,384,359,182,681,374,452,527,1239,1066,1225,843,697,899,376,438,861,590,1253,0
612,770,1153,1435,1259,1398,393,1280,1025,393,660,338,523,2246,1069,736,163,1246,2083,515
509,445,755,849,215,1375,776,685,383,956,757,1259,344,2032,468,636,1270,837,1014,304
901,807,630,911,685,506,593,279,514,1221,691,327,960,510,0,905,210,407,777,480
1017,1698,1509,497,279,1451,339,799,784,635,165,858,869,0,743,724,705,1082,575,1213
965,1367,543,263,377,1011,382,1522,672,1017,551,494,165,725,15,575,1899,739,387,1082
1817,353,824,3123,143,482,311,1386,618,570,1046,749,323,899,380,509,1279,897,1062,470
1445,404,731,1244,453,551,982,355,856,1156,566,847,221,952,1183,811,790,337,1306,0
1421,240,1322,762,434,121,1107,566,314,715,686,959,1104,379,864,563,1257,25390,839,637
897,527,927,453,1251,1227,931,641,1019,471,255,586,361,61,819,724,1340,621,889,16094
