-1.6010612072800119,0.0022290771610986113,1.0530519304005586,0.8498713542100819
26784,363,1181,619,66,675,69,649,195,1,1878,6,318,50,1042,503,222,2657,47,6855
306,73,1297,52,73,1181,1064,7,505,1672,4315,309,396,512,755,1102,1050,4,83,2071
12133,2902,663,1104,1842,3683,2,1049,345,2,1,76,534,1328,18,1779,1328,482,0,0
288,1,370,25,1,190,74,4,217,214,28,178,2,104,12,5487,674,383,489,8345
248,559,457,110,346,961,1323,376,129,53,3,132,241,995,876,3811,266,162,4287,991
2005,69,101,1352,1737,177,181,1746,56,74,509,153,1761,0,3077,2247,525,441,709,476
499,2140,2,527,440,42,1,377,863,860,1400,808,139,93,1051,503,202,392,1,47
25,626,321,3883,1044,1387,96,1553,1144,864,477,1088,509,405,1,57,1695,514,304,188
2852,2531,12,426,1693,2485,536,1955,1,174,321,1109,524,87,202,297,150,5648,89,873
875,1465,576,2417,1,249,790,810,3,8,454,2584,454,207,1542,30,198,2775,925,99
1127,546,640,2525,58,156,14,207,274,115,27,360,266,1093,322,1,1644,951,2752,347
1081,544,1136,171,1585,274,31,316,1104,2676,278,46,86,1555,392,259,775,2403,96,614
929,273,396,163,291,3,342,45,223,37,477,785,871,131,28,521,349,51,1535,2232
0,1127,295,113,12,472,445,288,59,3666,183,1171,239,1702,1775,322,16,54,38,2341
291,671,1031,467,1120,181,3,309,23,0,990,119,1217,204,621,326,1699,908,49,281
4646,5271,366,3039,559,2099,515,106,0,793,103,630,908,341,15,2692,340,1054,0,1392
1032,295,53,202,229,5,1848,106,6582,626,69,11,1050,0,233,3911,360,342,2623,84
664,2764,571,0,7,85,115,3,32,0,287,1909,195,658,1772,548,153,3409,56,198
5092,1251,240,2431,192,1447,1951,180,124,496,1121,637,127,19,0,2,765,1068,0,7795
285,450,854,3719,465,6560,251,7093,12,1094,282,7938,2302,1396,924,2687,24,1,5,828
