-1.1706316943535742,-0.0016148808606801194,1.0299293131284544,0.8598811534039165
27319,280,73,592,1214,836,261,599,112,81,6247,619,1787,576,168,708,0,843,0,16061
179,976,754,290,224,2051,435,1250,35,580,1219,282,629,246,130,21,299,2092,468,3170
503,6,1042,445,549,172,1476,854,1232,538,61,192,1606,315,615,541,2016,647,1470,459
1291,396,500,619,625,489,1038,2240,214,203,193,32,384,1964,1530,183,49,515,571,122
139,303,99,1314,311,287,1184,106,407,168,977,894,278,91,74,2394,1143,1954,22,304
1084,1489,857,93,58,129,1392,310,1620,1039,509,105,106,411,2706,1476,1220,699,336,41
379,998,687,364,365,263,236,35,52,471,1446,94,1040,2667,1319,73,1663,93,492,2027
182,913,88,668,55,241,287,2453,40,421,354,871,854,901,1208,159,5807,362,292,2491
473,0,474,294,983,295,680,11,80,273,438,0,674,24,1236,230,1969,205,3,1238
0,90,605,111,27,967,974,2201,802,370,1648,74,201,239,1356,563,226,117,264,3097
621,764,196,105,599,106,581,695,0,27,2026,109,668,64,480,240,6531,484,983,3719
1520,0,1745,409,607,1362,237,494,514,188,2003,245,722,180,357,4528,122,1442,440,260
2195,109,1189,637,948,823,771,323,838,1786,2458,97,1106,147,1149,589,644,892,503,263
965,1006,778,214,289,973,1810,109,1594,168,0,61,110,247,133,76,159,552,221,544
460,293,399,743,922,1373,1358,150,183,1413,890,16,226,237,868,248,1481,3806,206,777
927,630,1091,644,160,73,11753,2985,507,2186,69,18,432,1236,2628,136,1834,1307,2207,230
340,839,1419,1221,533,5,59,314,1315,245,1592,275,558,3089,1343,610,68,451,29,525
833,1407,747,1375,314,818,117,20,155,1927,0,248,799,193,393,109,2098,3282,1070,42
368,648,17,1112,781,748,175,1920,4993,73,0,1039,449,164,487,105,287,194,717,258
3762,667,19560,72,2432,483,985,1857,356,2648,2123,224,1509,678,539,357,17,266,599,1053
