-1.5128353381888515,5.256376836746494E-4,0.948383411606481,0.8489055997582736
203,12,447,176,245,156,38,2258,730,146,348,20,38,1060,193,19,6076,3296,846,2173
455,353,119,2367,271,2684,1133,146,561,20,53,1915,12,80,176,6,113,404,48,2362
4272,1689,1306,48,904,160,110,170,1470,497,59,4,36,257,3726,554,79,52,328,190
170,12,55,21,18,31,346,52,252,264,898,96,3059,74,267,699,638,3268,2386,1497
216,2443,600,424,269,461,776,478,717,325,1768,7,10142,605,0,1922,266,490,35,1469
466,127,126,351,1328,400,613,809,29,117,4,3891,2401,43,36,34,262,534,1281,51
33,184,117,412,1000,184,3812,982,2678,327,718,90,361,1231,5,200,1064,2429,512,378
2885,1052,32,593,87,4926,978,1,1046,1,216,6138,44,242,0,17979,18,433,1296,915
184,4,249,216,175,259,3237,1182,20,746,1769,185,659,609,802,0,186,55,6730,943
1513,1280,589,312,275,89,252,3,699,667,2555,792,124,86,90,532,15,30,58,341
9,298,0,519,91,4,1023,51,114,62,18,239,2059,300,147,1697,119,380,547,1011
733,247,64,1146,1678,2302,2541,18,512,0,63,107,2780,632,372,68,860,131,58,345
680,53,1048,117,412,25,60,1472,537,325,36,0,916,780,0,7254,1084,529,1042,662
0,168,51,1189,21,16,584,846,84,2067,167,2125,258,420,4,505,944,2534,2016,82
123,797,169,88,832,316,2042,3034,821,793,1302,2364,309,484,1948,1003,793,5,271,7459
2373,449,204,107,10,66,504,4889,32,694,472,91,195,783,550,218,352,7,3731,74
2622,998,700,1456,201,89,685,70,667,1111,15544,108,403,1149,40,311,1747,45,454,430
2682,949,766,4396,540,922,267,2933,322,67,450,787,756,63,4397,2560,949,2758,74,524
750,3894,2090,3016,242,103,928,306,307,214,548,1135,243,176,2085,2167,2484,269,1206,1125
61,72,15810,7263,575,244,390,2198,56,384,37,1608,1,528,2504,8,2585,2609,240,0
