-0.8598872552349219,0.05162950446774674,0.9141313358788338,0.9487720409085691
936,421,705,624,782,57,263,317,272,768,817,189,315,76,1338,731,122,816,1589,1027
1842,1037,303,212,27,491,638,584,1016,1310,1456,527,3,569,681,543,594,77,483,977
311,1143,857,443,245,1222,286,2027,973,298,880,240,192,316,617,941,1466,496,1417,715
647,804,224,53,1288,996,87,953,3962,73,638,989,419,547,846,1202,1066,2289,1143,5
1587,1201,1358,1485,942,1082,312,1840,532,225,1576,1331,655,698,491,683,2227,2138,1048,2393
876,128,307,2191,17,987,721,616,1247,813,358,288,2185,1724,1562,83,1959,1220,2150,2199
465,202,277,2010,31,918,626,138,612,1144,1057,1183,760,661,693,1198,813,2867,3419,2157
1893,549,1087,393,556,312,520,332,621,152,743,43,1331,267,449,602,1715,752,2492,1195
175,1518,668,189,284,309,934,1029,654,1215,827,707,12,462,985,401,1663,4056,1621,2813
509,582,1416,382,656,1076,1946,2043,447,630,265,190,830,1809,742,1425,1836,2385,747,2293
950,607,1478,393,779,1409,544,1960,486,491,567,915,1022,1327,2882,1755,2374,1744,3244,1124
795,1202,1113,1289,915,99,289,595,501,1690,97,207,310,1585,1842,4219,3983,2979,3831,2496
355,196,707,1048,1067,560,2484,2966,560,1024,66,482,163,1851,1105,329,2204,1035,2452,2013
247,189,488,1524,1696,2504,1279,273,0,1319,389,1917,1078,1061,897,1237,467,77,1742,1494
61,1217,2288,1003,847,1405,110,930,2349,512,1089,746,380,9,319,1217,453,1946,1123,342
542,642,1469,531,1141,825,1123,7,185,353,795,402,1636,1245,617,165,861,1122,1203,382
2239,420,1790,276,943,432,436,999,2828,763,110,2045,1808,1005,160,382,239,935,1951,556
295,1232,753,860,320,122,112,392,422,1881,1333,257,447,152,1617,3837,53,721,881,1931
2471,1706,530,1225,109,1049,1184,327,428,0,37,487,184,1112,2680,1178,248,1061,778,2169
588,634,2242,632,307,306,233,18,1076,1843,629,463,1440,1339,123,2773,431,372,629,1544
