-0.9862785702735202,0.05560501625215015,0.8861076434246481,0.9007186553201522
569,773,1274,379,2235,238,830,204,1122,1840,69,745,736,459,578,168,241,1837,724,288
517,3,217,23,702,646,290,1251,611,4022,225,564,1511,828,113,1533,305,258,1311,685
290,1300,196,359,189,1217,54,418,287,361,654,767,398,1061,129,323,6,251,160,2437
298,1283,345,1912,1089,328,491,383,319,450,669,1717,69,989,216,1437,584,607,80,747
402,300,766,1185,1097,2328,2108,178,574,568,0,73,737,322,1282,755,112,1834,797,1853
1633,670,869,2018,566,408,310,514,373,99,401,233,440,1940,48,142,1477,711,2905,1112
607,304,976,330,612,1093,189,756,615,231,615,705,1838,331,683,110,397,252,217,1576
981,827,86,375,1106,1160,494,1030,6,99,67,493,234,670,613,310,852,804,717,633
383,399,570,616,82,772,1048,241,153,558,657,1081,348,512,521,9412,0,1029,1572,192
1726,1418,1235,542,1299,1755,1667,1192,150,949,1970,1203,3345,474,1511,10194,8226,577,435,53
237,18,2750,741,147,1689,459,268,137,382,613,484,215,1896,10313,8800,12287,5741,350,1766
144,406,400,634,1168,2128,1090,1131,813,469,714,378,1764,87,0,2209,5068,1226,90,396
778,1007,240,778,311,287,862,615,0,278,468,757,390,844,1073,5787,6502,855,2831,5333
881,1393,1209,989,88,935,192,2218,1112,33,466,225,588,997,1601,228,261,469,759,5244
826,1068,754,2032,368,441,341,232,711,872,35,132,166,308,264,56,1679,1303,491,677
647,731,462,1057,0,866,424,942,33,887,1228,627,897,1048,573,662,1054,892,162,2791
566,140,373,473,528,1334,351,1214,450,336,1092,265,54,745,1597,240,2178,102,754,331
490,599,285,500,577,312,243,76,323,782,271,1978,356,350,374,1290,1130,354,0,554
1197,387,329,807,882,1031,1058,1525,469,291,268,1384,150,571,1329,696,721,1827,2460,735
8203,279,964,2723,600,356,255,94,676,132,123,370,2140,362,279,335,1187,1225,2300,907
