-0.7463083045405046,0.009537163554644935,0.7902666769027163,0.8423827022146255
225,816,946,1172,1017,624,511,684,804,387,371,574,836,678,590,80,1026,530,676,619
526,267,239,831,519,752,522,1529,608,632,1239,1060,651,611,1738,862,373,1568,366,679
1520,806,208,1129,816,709,659,259,644,551,630,1134,340,2005,122,517,626,719,567,465
304,1337,371,603,620,1332,59,1179,1748,1339,811,346,19188,405,524,2130,227,827,1061,863
397,945,182,2151,508,355,1230,748,184,921,216,562,1017,1086,297,674,717,286,638,2583
1008,360,387,1475,1262,337,319,631,380,146,470,66,1271,462,152,179,543,112,373,321
1691,1215,998,228,493,1114,786,938,361,1497,693,547,1173,526,654,480,590,156,1411,401
713,734,577,446,398,834,280,519,479,689,2018,1077,861,459,1107,222,527,569,668,424
356,884,236,644,740,2051,321,783,1141,1435,456,52426,32775,1077,364,949,1184,180,544,399
773,107,599,1445,510,943,372,525,467,701,724,839,516,478,657,284,998,512,10,527
565,709,447,242,1287,459,668,566,1767,254,592,0,270,1266,602,170,765,339,1484,569
1248,911,1224,885,333,735,149,907,2064,428,849,49,497,1819,97,291,280,730,816,314
984,245,935,901,739,401,416,333,1025,50,949,725,1335,281,825,87,163,507,174,751
553,607,1284,909,841,60,471,522,1297,1444,608,185,1202,416,957,475,515,490,1534,1284
315,362,907,2661,805,978,43,406,328,1008,409,702,1379,0,765,1564,379,670,181,454
228,612,634,658,651,642,364,222,453,120,383,371,349,567,11,3826,222,399,521,411
534,1582,389,587,390,721,917,91,849,269,678,346,304,561,1042,195,447,996,1676,408
1464,395,352,555,470,113,903,579,606,498,245,648,83,1793,692,414,649,401,290,628
618,626,128,469,412,1788,637,934,332,241,880,890,240,751,641,316,326,678,371,697
1240,503,427,380,1243,256,589,461,323,893,227,1798,1210,266,768,1085,83,760,818,1242
