-0.957323419284486,0.053592937433159904,0.8283875981698858,0.899401262107563
0,420,327,1096,484,1460,990,1148,1302,126,1586,1427,572,598,409,252,72,339,102,326
0,603,1108,509,284,661,256,151,268,155,70,118,262,281,610,321,76,858,753,1296
322,399,422,254,801,1463,738,1142,1043,853,1509,0,133,676,0,419,589,93,1749,1258
767,78,2568,304,928,1203,1507,1239,1050,393,856,79,2639,444,675,769,1996,0,951,277
152,695,412,1117,621,243,689,0,459,592,443,840,893,1048,53,469,2746,526,682,911
1843,687,1150,721,471,2199,1129,273,198,659,414,2150,977,390,534,2795,514,502,852,479
312,1199,547,151,1143,797,362,965,642,134,846,601,189,1308,1007,2142,195,0,1371,1975
529,852,0,1085,350,1178,702,238,256,951,957,379,518,373,1996,949,865,599,2422,1017
105,312,1268,896,31,223,451,1248,1054,1016,854,100,278,720,381,10124,319,471,945,341
1358,906,192,61,364,736,1964,1865,809,1522,1000,332,1686,559,1624,11249,1792,1770,4704,0
598,202,199,283,1327,1,1443,902,239,373,440,550,300,25,6277,5330,4582,11555,2132,59
507,681,71,572,777,177,501,329,749,496,1170,947,249,0,359,2832,12090,687,1292,3785
606,402,112,184,313,1692,2236,1333,522,104,813,425,188,1982,362,4464,10380,426,891,2506
414,114,151,54,1488,813,117,1826,41,242,1063,5867,939,0,1145,66,1974,2263,461,264
0,355,271,981,2855,421,1185,1598,619,1488,503,1236,397,431,443,3313,343,1104,678,421
1250,104,1224,167,552,603,334,835,4905,51,318,1377,865,227,1760,1716,782,0,973,611
789,469,293,1679,340,216,710,1608,2075,212,826,228,428,519,790,0,8346,916,1737,0
789,673,304,785,618,213,1707,322,755,797,716,0,548,1743,648,260,20,494,99,287
275,632,406,560,650,1074,544,595,413,1106,1447,1213,1016,2114,254,976,311,303,1181,517
569,731,287,189,847,1069,1176,87,897,1065,292,1212,979,77,1085,674,0,35,788,94
