-1.3578596791706457,0.003143546502413356,1.0526229363934092,0.8520970981613902
35686,187,50,4456,841,1155,88,157,766,743,4504,194,252,2356,1881,230,908,266,678,4710
459,36,744,1021,774,698,23,100,358,74,174,34,164,332,104,504,1490,1274,312,0
12997,1452,75,967,86,1088,1526,885,468,1711,116,0,62,34,948,1956,1164,24,761,1840
338,14,17,2884,7,1686,39,23,368,486,53,1456,201,27,237,3781,313,451,3631,7474
139,1901,835,433,2053,389,380,270,424,2155,1077,810,29,649,139,1665,2794,2184,3,1068
546,23,656,1143,1856,0,3209,843,204,453,68,437,16,724,881,3419,42,541,610,859
1879,165,78,1722,1134,862,1,1559,963,713,362,170,313,97,2761,532,197,2641,1342,55
734,425,1126,1216,1880,37,309,95,1099,2847,63,1625,482,786,262,2001,854,77,230,1680
947,2548,298,254,643,2074,256,741,711,2129,755,1617,514,69,21,5033,0,1942,725,619
513,1024,2522,97,205,207,104,113,656,250,0,2723,555,1387,2549,73,310,327,97,62
74,745,1178,262,398,589,915,601,2043,1068,550,48,475,358,528,1,115,73,133,664
331,294,668,2296,272,1336,194,1173,1394,58,97,1669,26,180,438,425,197,749,152,715
115,1936,1384,330,101,32,745,12,509,449,104,992,513,557,371,556,823,142,141,2
565,131,1081,1781,3897,3,198,776,145,6,46,45,461,276,446,3,58,10,230,69
41,2370,96,216,624,714,1459,881,737,91,1630,889,208,3504,209,37,373,735,371,1217
678,70,1529,83,1002,438,71,326,36,354,513,534,30,589,108,165,276,635,980,98
942,2690,779,100,31,325,0,432,2970,1019,136,0,844,538,15,3,564,1383,779,114
1447,300,0,4867,2078,89,93,340,332,442,248,0,958,586,85,310,1961,516,2038,2557
1471,117,1392,110,451,257,77,15,329,736,103,425,2465,486,7,1288,75,6318,1395,784
1053,886,150,2194,1966,1467,1444,75,0,44,805,13240,582,554,163,5622,1938,2464,1687,6944
