-1.7815921752239452,0.004742020490412145,0.8709259399152282,0.8506935106892766
1127,199,4096,223,1343,7,789,80,1588,54,831,1996,93,327,244,1164,633,2070,33,1075
217,1237,5097,61,1056,1691,933,1556,374,1624,14,5,148,33,0,1609,36,5,4562,623
839,691,188,1775,1151,280,745,1291,152,1,1828,2410,608,4,805,46,151,767,92,696
196,0,308,3397,469,18,940,252,16,597,1884,1159,101,346,1378,1346,7,728,545,17
830,761,1874,240,0,67,2,13,897,250,784,1415,1996,2223,11,104,339,832,31,2452
256,517,34,6,226,978,5,1080,12476,92,12,7,208,1,6,230,165,33,635,249
1,674,1457,915,9023,10038,32,3936,921,1849,218,175,761,2088,703,583,322,21,1727,0
1287,2273,3727,704,1163,1822,9895,389,1368,672,28,69,51,346,807,1864,28,1279,341,13
2129,1578,1106,1,559,2,14,2366,246,505,6025,916,11,567,182,12,527,1048,961,481
747,10597,890,2864,119,7688,67,1701,909,435,2055,160,102,208,10,423,16,52,2,6
4336,62,1,583,26,670,1513,16,1959,1148,1,556,795,413,3459,7,0,637,834,677
1263,82,671,29,10,878,76,2,637,47,421,221,1013,3922,574,35,650,661,160,704
13,143,2345,1381,16,151,2330,89,869,8340,66,4,8,23,1187,141,116,131,207,273
1605,1123,100,1542,7069,3251,232,267,656,84,0,333,46,54,658,112,8126,3700,91,164
73,41,80,8319,1,689,707,2,2937,707,74,2648,4958,3,3449,23,335,5,504,1698
99,190,4,70,1008,651,12,877,405,163,333,262,3368,28,1561,22,422,1247,372,83
102,1126,1885,1,472,672,1,884,2,1,680,475,1083,40,444,776,143,197,935,12
612,216,10,839,6255,2,5422,344,5037,1,81,149,11,588,185,2324,2782,71,3,623
2908,6,127,101,522,15,305,761,111,338,261,2327,829,83,1275,361,220,241,263,181
1178,94,736,1982,731,1665,34,2611,1073,603,12,585,414,1918,393,1,160,1,4706,1050
