-0.8413596489596082,0.052930922469546754,0.8966190123445945,0.9460400285118342
397,50,2040,312,1766,126,375,490,1842,1483,119,985,643,1153,982,1354,1011,1383,152,3860
99,948,165,767,187,1107,1042,1168,2390,577,0,873,552,220,798,632,982,1716,708,1262
364,987,1362,1864,273,0,427,338,1115,874,1480,872,1940,772,969,235,480,901,1384,1064
681,855,1121,252,340,1244,356,208,618,859,307,1308,556,1530,1060,2319,226,5141,1552,1653
626,1033,910,1196,928,284,415,487,339,1627,2250,509,0,221,1324,467,744,1018,1338,103
291,723,325,210,968,416,959,919,2390,734,683,1780,382,320,1554,3145,1240,2781,4728,978
1909,164,397,1397,1251,171,1327,379,1141,454,535,623,497,618,1078,1051,1853,2163,2576,1120
990,199,517,184,621,409,695,417,1027,1040,1659,635,1765,209,943,843,2474,3673,3177,377
1118,380,559,228,992,277,403,177,350,677,362,68,442,3534,1185,694,3106,6123,2409,542
1716,305,1372,149,317,434,1037,1601,2105,1591,857,869,209,2792,946,2692,1637,2205,1452,635
890,2338,176,497,187,697,313,1713,674,370,608,470,177,1217,2460,1654,0,3746,1111,2004
904,1548,2680,73,449,126,170,1640,990,4,957,1596,698,230,1220,2061,38,1702,1879,1722
564,2226,459,323,409,304,638,1067,619,766,1114,911,602,322,2446,1077,397,521,2196,911
372,648,2948,1378,445,411,317,236,509,160,1388,309,594,1284,995,788,1899,1988,123,2636
865,61,530,501,439,701,2904,980,6,1011,1438,2220,347,649,1073,153,2368,919,1733,1874
1732,170,285,161,418,401,1002,858,846,496,583,710,1783,383,2493,1712,289,158,937,662
611,650,303,158,2321,1315,58,2238,1495,2300,1748,1140,1111,647,234,2908,1207,1647,518,611
1316,510,845,966,764,651,464,1683,1750,2779,98,694,438,1170,1389,895,672,965,52,608
95,308,1199,421,953,542,744,111,606,905,975,965,623,594,15,700,502,507,951,574
332,767,33,142,820,293,454,1031,38,549,369,285,1539,4,228,625,247,1200,54,108
