-0.7275481197757905,0.05132025171164852,0.9110749646556571,0.9501835180027541
1234,690,662,757,519,1203,532,764,2634,935,481,614,344,822,1431,649,1122,248,645,1299
664,953,727,319,765,574,493,1074,824,505,1397,255,1847,632,780,1957,1472,1089,550,2540
1465,1319,614,1461,668,1143,317,889,369,635,0,1858,1395,741,769,2020,397,1646,3659,891
106,324,608,87,419,618,613,966,1812,1417,782,3485,447,1386,1031,3578,610,3135,1091,936
538,965,1743,1108,221,982,284,696,392,983,1672,1272,703,854,2893,1360,637,353,1234,1739
1371,522,316,468,716,361,956,329,485,1021,1466,191,172,750,3192,919,927,556,1958,25
733,510,64,1082,1676,193,859,1624,425,1284,466,1452,407,1533,1665,1282,1165,1847,2170,385
97,939,663,904,691,186,1050,972,1391,853,1867,1051,680,1287,303,660,7138,3959,5967,0
1291,516,4,84,283,478,411,396,0,817,458,1789,322,2257,2540,1626,378,8044,2416,1112
257,447,241,156,1758,783,331,1252,602,267,1030,76,166,2485,1658,1940,380,731,2871,2895
537,241,1588,213,110,1434,345,1228,997,527,915,859,712,991,1017,1906,0,692,134,983
995,166,223,389,865,96,489,369,1703,353,441,777,643,864,544,2928,946,598,2422,948
346,331,499,942,401,393,863,1514,593,1350,748,1047,438,401,1835,622,557,1101,952,406
987,497,961,406,1085,1331,582,1352,625,445,82,1292,801,610,895,1239,1434,302,610,3496
783,410,148,463,1084,1290,1379,503,1007,332,1041,1110,619,1449,1380,114,342,738,1598,1175
469,530,990,855,508,1897,1161,476,1047,317,609,541,880,0,653,640,543,206,836,1149
673,131,948,1364,246,231,251,2317,1028,0,26,1640,0,1640,430,1554,617,1258,1037,1289
1353,185,264,605,1534,1501,1339,2259,1246,1627,143,904,1022,645,754,1581,1494,720,1228,391
519,988,1309,539,989,894,597,838,300,550,1574,299,461,1246,338,1190,694,990,583,296
841,864,1212,185,518,2231,858,386,809,1000,290,1450,1357,529,685,556,275,2064,3463,1140
