-0.7729708565798195,0.008165556164283622,1.0470200199805582,0.9276302288407005
23439,719,1668,1199,531,673,2503,1279,522,1312,746,1327,3412,1934,339,1748,1456,2431,2563,8217
1100,271,170,838,1161,1456,0,798,2127,3602,648,439,574,1941,946,1697,619,1217,1242,1485
874,1703,3319,1702,736,348,390,943,2235,70,207,548,1769,0,1146,623,1387,1151,923,2144
570,767,1748,896,407,557,216,413,491,603,621,686,800,917,1394,967,224,774,1376,4565
368,1858,994,1417,511,1141,319,646,200,1155,331,75,781,732,1192,604,266,333,1763,440
1656,927,310,710,537,0,214,1612,424,158,1381,787,1062,739,30,637,1218,408,207,1600
924,29,166,990,635,1149,418,809,1344,2600,427,763,1210,154,653,900,502,98,887,1254
1063,1903,745,240,1327,1110,580,1200,490,1123,160,123,1353,855,603,948,307,1518,522,0
1324,250,965,638,1164,0,772,1333,1100,0,819,1645,740,770,526,1,401,1495,602,295
1791,98,1233,283,1079,362,128,427,1026,293,0,424,429,770,302,1335,481,447,1451,239
1267,1262,2197,645,661,1491,475,373,134,274,499,1041,247,1035,0,110,0,897,995,732
2433,163,515,673,132,1163,721,709,87,307,1164,650,175,660,967,829,144,207,586,1012
826,869,1516,298,0,1178,441,167,320,0,713,1238,324,475,478,1434,297,631,508,431
1262,1327,619,1352,1593,537,611,134,616,1251,372,362,827,529,346,1067,2490,651,445,948
1269,1069,289,161,475,216,1120,1688,414,467,1708,554,897,574,202,421,962,309,603,959
1764,465,1269,650,1314,1335,1058,717,934,315,578,707,1058,626,954,872,497,495,833,1708
1820,446,1081,326,69,735,743,878,617,668,123,193,330,1181,1142,835,261,974,668,1344
509,502,107,1162,1782,574,265,1627,117,276,1285,612,708,2535,798,449,666,767,1690,5321
1637,0,888,449,1389,847,1438,409,1280,1524,17,658,358,1931,705,958,1296,942,3312,1068
2963,1816,1707,894,87,842,632,225,1342,1096,1914,1536,602,762,1126,722,6037,3698,1681,0
