-1.7237334883481032,0.0022379785263206015,0.8803293255103412,0.8512167591597265
652,569,235,1059,8,349,1428,271,1,244,711,424,15,485,3,670,1058,276,1822,1
1926,712,880,10,1270,1256,1063,483,167,2508,2325,426,2191,1540,530,44,553,899,177,326
344,259,4,190,602,0,1116,622,1095,336,14,850,4,49,1522,87,57,100,16,1203
55,1,348,13,137,359,3525,3239,147,1905,32,201,4,198,534,6158,37,971,77,1452
1830,1507,73,10947,5531,306,29,32,538,228,7,804,664,1252,60,405,1512,168,5,19
0,1518,0,2234,926,960,197,3265,2101,51,1,11,0,419,3,21,1310,0,3399,275
12,16,955,494,43,170,86,1793,61,2546,1050,102,0,1949,1549,647,245,474,406,939
2143,622,624,398,479,3689,1341,6437,9,454,4779,120,33,92,703,585,81,1146,416,2
3251,652,0,1315,1550,8268,1287,1308,177,3634,261,100,1649,773,310,273,78,1881,231,948
298,345,28,1976,813,2587,7174,47,599,28,10669,13,3272,0,1875,16,79,15,7,1425
291,462,1,1312,3,1071,1234,94,109,206,22,148,1144,73,164,756,0,233,1538,137
109,22,53,1354,32,3883,5,507,1089,632,2960,140,1398,2838,764,154,0,5,237,400
465,438,682,273,74,797,1471,162,0,14530,1691,3758,1873,134,61,55,11,242,47,40
286,78,1168,0,987,9,324,337,1180,6,154,835,2314,355,1604,16,284,3341,3652,867
1626,34,1472,10439,107,620,623,81,819,3113,137,700,111,565,1,60,904,126,574,921
2,0,84,407,1588,386,28,729,127,58,977,442,380,543,225,2997,1159,81,869,515
1414,7,910,9,342,1407,141,9,2,91,277,90,1460,358,2455,499,2,1295,0,5830
4647,5213,520,120,136,219,3598,2,1409,5,37,0,47,13,7929,1761,3891,136,10,201
199,1973,1074,506,63,1229,2053,1818,505,2185,3213,13,103,334,1231,1044,2,2520,23,159
162,7699,14,2737,489,2162,74,1733,3232,8,18,728,443,1087,3,2,4189,152,13,113
