-0.8835201294763381,0.03678483640011931,0.8498986385194063,0.9502819682329413
340,3,272,1369,87,1268,844,1074,1344,17,420,732,960,539,450,1015,1035,68,416,694
1068,1864,908,203,990,635,1246,2775,1523,114,2272,729,1116,1355,1127,291,469,1095,504,42
692,904,1577,1099,595,887,1308,1310,1845,608,993,2070,501,1461,553,1206,898,983,1226,329
15,390,171,670,1522,584,603,372,1181,438,451,488,2148,1534,4,1827,391,1216,1740,1443
119,369,306,736,233,1218,1102,1277,711,3010,759,262,684,831,1829,153,1662,1104,1843,1514
601,591,31,1502,467,154,769,514,201,1505,951,135,730,1875,850,2066,1523,300,609,249
579,974,1296,686,516,1206,2904,139,1836,1483,1211,496,2360,807,1244,277,292,2106,1850,453
1003,901,633,1512,767,165,1596,396,883,2185,113,770,1069,2553,3113,161,1271,3310,851,388
801,196,474,1067,278,1715,2540,10,1681,1434,933,396,1461,1720,2487,1572,805,1051,1857,2630
97,532,403,511,734,993,2328,394,1129,798,3279,1250,1257,1836,2802,720,1501,552,1086,751
288,915,485,847,977,181,1707,1772,507,2326,1257,1177,2646,3504,1430,3341,3405,500,190,1557
921,294,363,1845,623,2179,1123,779,2173,191,3514,2625,4197,1870,1663,1919,445,967,563,507
3,621,775,508,21,2092,891,1227,4217,714,1123,1523,709,761,399,2851,1447,4,189,1029
614,494,40,1166,1164,49,401,796,361,778,1239,1122,1050,1281,182,1410,426,1683,419,762
1486,1856,474,293,1031,1833,273,1212,480,575,3309,1592,3276,1709,514,1214,745,126,180,1347
153,416,2,1712,69,29,276,291,408,603,203,701,1806,381,1603,85,1230,763,244,1126
1113,398,659,922,456,626,1069,985,954,841,270,1232,1180,1099,522,323,183,806,3730,405
2158,1686,437,490,571,901,195,471,827,537,737,162,1335,1471,23,169,800,45,1136,1646
87,337,285,1517,1082,120,2304,223,969,342,27,1029,934,344,113,282,778,1589,868,47
397,1661,1350,479,259,225,1421,71,17,585,1008,1071,821,585,165,2124,974,1088,338,382
