-0.9319338351622094,-1.5723647344456878E-4,0.8466132297274502,0.8999053442915571
236,241,167,2273,437,190,100,389,2176,1592,1022,0,99,1329,1365,1104,21,723,473,261
325,1042,164,34,2126,739,201,609,523,395,0,586,796,596,548,262,540,1247,358,5721
255,373,234,884,243,722,1233,1142,196,501,1306,679,253,2334,314,537,488,915,294,260
557,492,0,818,393,161,1621,126,978,585,263,638,194,827,499,399,131,549,161,601
666,422,741,695,895,3131,5313,1736,954,218,216,1989,1131,49,126,321,336,376,210,279
3061,334,329,1262,341,469,103,281,871,1770,1406,2689,1120,1718,420,812,376,283,600,839
465,739,588,784,165,981,1472,494,134,9106,1685,476,536,1609,207,397,1109,495,763,4309
94,2154,588,260,433,1302,1734,594,276,414,1814,1490,2465,117,216,270,3803,793,0,185
428,433,138,734,820,455,633,214,10411,3155,955,523,1342,779,631,1300,3532,3097,601,327
2667,664,1501,11,973,1065,463,1077,15,745,985,1521,419,554,1646,384,710,1930,441,540
137,688,321,130,766,0,2470,427,173,6463,360,196,471,336,837,1301,331,1125,448,817
169,797,7509,537,1274,1049,1040,274,1449,629,1385,247,2023,709,582,1338,1133,855,47,3098
1467,332,777,210,982,746,1003,1278,370,938,1621,979,1666,680,399,1748,1555,188,2164,353
138,498,969,610,898,224,507,3621,1565,753,322,5076,785,534,207,1783,418,1687,886,201
216,570,216,194,183,443,534,433,520,637,229,296,204,274,7393,1615,319,662,879,469
247,1022,435,242,1154,566,4551,376,525,665,9852,501,864,1653,1170,448,236,81,0,1905
113,325,1140,380,112,3638,63,573,728,2617,991,534,1332,784,19781,622,1002,1804,655,809
1671,600,746,599,858,1427,374,3861,314,503,537,905,1055,163,269,443,2573,515,1028,752
771,788,650,708,161,214,430,606,330,314,1394,762,473,749,357,352,748,429,399,331
342,150,529,251,614,665,145,2410,103,362,663,283,1119,273,1444,779,318,342,166,259
