-1.509408536861477,-0.004130609628812117,0.9193023215375534,0.9087838090621411
3132,314,1766,891,2068,1532,2643,407,877,1,378,3625,1118,151,2620,2885,398,166,24,488
231,130,540,27,502,6,31,816,899,1769,605,2,629,19,513,2000,2780,2378,333,68
23,428,1236,151,4551,519,53,2256,370,1054,2559,1,330,56,697,866,1402,77,783,1736
2,1067,1404,303,274,33,1,75,2221,13,125,6002,11,1,431,1777,42,1359,1043,33
997,2631,3452,1141,131,453,1815,1605,1548,1167,2,370,21,185,2154,1409,134,22,202,87
385,4,500,298,691,1211,1452,833,177,1257,2687,226,65,1040,3282,502,788,50,2912,2516
87,695,1066,2043,1,128,139,1,792,780,1600,1014,71,6,1656,110,635,2108,1072,804
2336,4075,1157,1,732,138,713,1925,127,944,210,202,898,573,3,156,8,63,379,1029
13,280,196,1242,2688,55,720,3004,727,1716,341,142,257,655,1578,547,316,242,415,1407
84,142,737,5258,139,204,788,743,1729,470,98,3300,38,1600,3298,1,304,10,325,4192
59,963,1039,248,1977,285,6,534,929,1341,0,9,973,202,742,44,189,1091,1,1957
1684,720,410,1723,146,2682,101,1600,154,2052,1402,453,3357,947,2427,3275,421,2258,121,521
751,662,1259,2,980,3574,1160,770,1350,1232,4415,1936,1206,1297,938,297,645,683,1056,317
925,1570,8,273,810,46,3303,735,120,3022,3,32,1165,355,189,1,17,1996,1283,417
220,489,2,2152,1046,174,410,2715,1,2289,6,453,31,914,2823,574,5575,3,364,505
487,231,538,22,617,86,4248,4,1348,1030,1,237,190,5,4716,729,846,1364,1032,2182
10,1683,2605,885,2189,328,3528,2211,100,1121,858,1768,207,2,1675,2539,3768,68,1543,3060
22,817,21,892,1015,3436,1622,2123,2056,627,14,421,323,254,65,29,4110,906,2819,1
52,307,733,1420,2971,262,4,521,2468,1731,685,361,203,713,3271,139,131,592,252,572
2503,27,306,833,0,849,265,1741,2222,406,2182,1260,922,1701,817,1614,1803,560,1738,934
