-0.37932467015459603,0.008466530513371024,0.8999716941070337,0.9860787003590503
2091,1007,827,224,900,953,886,1868,1233,403,707,1456,898,1280,551,751,990,966,881,772
635,396,772,968,673,785,396,1187,936,724,979,565,1046,764,370,1400,689,1265,743,963
704,891,1205,1172,809,1673,417,736,1652,738,924,829,772,531,672,1577,694,949,730,916
1189,1217,710,1293,724,1217,776,837,445,653,1073,776,1316,302,984,1313,356,2017,1245,611
795,998,763,1148,605,1495,1265,933,970,1900,980,998,1690,1467,1031,902,457,1203,875,645
1588,1140,826,1193,1167,818,484,1124,1145,910,946,1260,1462,690,839,797,1051,1456,716,1116
1688,1551,1598,1043,1127,792,1041,1693,1053,666,1610,702,937,665,1216,782,1274,768,355,607
1626,1065,355,640,695,993,1750,1050,785,460,1093,1199,1412,1467,774,1696,792,1000,787,443
1183,819,1184,899,1595,957,3214,992,905,920,728,2187,818,1039,1658,1526,926,616,1216,767
930,207,525,363,621,789,845,272,642,1720,914,1466,1648,1971,1361,1900,866,994,566,1206
965,1725,365,1242,931,753,968,1266,1095,1526,1314,1252,1054,558,1549,635,555,1122,1062,802
1574,1070,1908,1286,1865,493,711,1113,415,732,1250,1273,1772,908,1944,1398,1072,322,871,935
881,1035,1053,1104,444,1297,955,895,1240,988,1131,699,1038,1057,1381,776,553,911,0,764
363,1394,652,1781,639,896,761,1044,1907,909,1416,1267,1020,1917,1169,1707,1134,511,726,2298
910,1054,712,494,914,728,1477,439,1446,1197,1264,1172,672,1688,1064,1437,785,842,530,806
1335,801,726,837,1352,939,1076,614,2358,959,1246,959,854,1646,861,901,570,1010,1471,1893
508,691,627,1079,851,695,484,501,628,476,1192,1887,1038,655,598,1455,868,892,415,1443
1398,821,753,697,815,698,702,742,710,1131,825,2266,1240,499,753,1371,1020,1096,1276,331
780,978,1137,915,688,635,924,740,554,1374,1028,512,1684,1536,307,748,433,668,907,1306
1015,1029,858,850,577,1163,642,905,589,616,914,822,683,850,1037,1313,841,692,838,566
