-1.540198458612357,9.31269256162448E-4,0.9017345025353739,0.8500514823148441
1024,0,1134,2386,1557,1132,556,272,152,150,2088,421,3527,31,3060,341,717,322,89,5935
1790,4,882,44,312,4294,474,7,136,127,151,1978,1182,0,745,945,738,332,41,42
165,4265,332,28,61,209,153,740,1968,372,1360,237,3704,2755,396,125,2000,714,2001,584
462,59,29,1734,285,582,2,3369,698,2788,1004,634,134,473,85,3423,2951,8,11,64
248,135,463,25,139,1884,392,1359,1621,79,1566,46,521,2,30,1408,203,701,142,116
1119,0,898,101,35,609,456,802,2676,862,293,7,4,624,133,2912,332,931,297,123
498,412,393,3676,135,181,1217,195,341,1809,56,769,1316,173,249,897,432,532,6239,6033
2317,3,448,739,212,1185,83,405,0,914,689,6,34,569,261,8508,318,283,578,1220
126,213,96,1,304,1529,1666,0,20,420,84,21261,120,353,2147,2460,77,527,5941,270
387,621,304,269,192,760,43,85,705,2368,37,0,6,6643,4957,20,1,436,2,13284
74,161,1160,1406,199,702,20,186,130,451,1243,1420,327,90,2873,338,71,917,225,100
176,3850,678,591,2,633,1876,760,0,1229,2,134,3837,1,543,2091,285,59,22,6271
272,1683,1869,3,190,74,2751,218,20,24,633,622,1925,398,124,9755,890,155,289,255
1169,516,213,1452,993,66,139,2215,83,3658,1257,0,890,1089,52,296,87,39,1243,280
358,78,1017,1309,344,797,38,126,448,2776,15,166,705,266,371,265,497,471,0,687
187,710,972,1536,1406,9,696,99,1,5001,621,494,1227,1183,171,1636,536,1855,15,1122
8,945,3,49,105,57,9,286,1160,593,3,10,385,259,194,1668,275,1027,1123,2652
200,234,935,8,302,305,368,678,206,181,1506,189,224,714,2102,787,151,434,855,105
867,583,329,147,229,419,15,4,2988,1104,41,229,2317,110,314,166,14,539,2952,160
372,965,430,551,129,393,999,3220,0,1742,48,10725,142,210,5215,6870,481,4013,1181,81
