-1.5524558089830933,0.00307880704265546,0.9942635443295158,0.9003671391566693
988,391,484,1279,261,131,5816,2225,395,1050,1709,697,4330,497,50,586,431,1112,1355,5780
5950,4238,2769,10,3090,89,1543,29,104,188,637,570,553,27,4715,575,1061,479,1552,1609
687,3388,419,2200,172,750,325,1,23,1,1803,2487,438,304,935,1223,12,3778,990,156
1797,395,73,663,2642,1233,321,77,2239,1018,4,698,1699,109,15,1039,1387,99,637,1783
835,1,1,1780,1292,55,912,1434,385,879,79,4,199,3329,107,1336,20,24,1803,315
1,3,164,757,83,27,475,157,317,266,31,1,2985,579,1259,621,489,6099,1231,13
2770,83,155,1,517,619,33,193,1497,1591,584,1205,7,11,2892,1326,507,139,14,1504
2750,1122,833,2,848,1975,578,831,1340,186,1155,8,288,409,180,2651,1505,864,1323,3768
1330,1011,86,1389,4,297,2869,514,10,2014,487,67,652,405,280,58,1498,1386,793,245
756,739,2,1246,3001,1,121,35,273,5,457,1213,352,646,252,1729,1913,2235,8,84
28,899,141,2830,153,211,66,3,228,832,683,40,915,1262,2126,729,1014,3363,128,188
1675,554,3856,914,249,317,1575,34,593,237,574,706,862,1026,979,705,683,2804,21,131
474,1001,2571,1169,1331,16,7,109,641,976,8,1855,42,1,59,838,1266,86,193,30
2821,857,3,1130,1783,2201,2436,1814,36,1343,1095,600,901,1443,130,40,1,3721,252,1885
1078,2023,4814,534,2511,1,3,827,206,20,1409,2103,322,180,3506,299,1469,0,61,691
2854,78,1,3465,1765,145,1854,357,1388,748,82,8,2961,7,5,1925,937,29,42,605
1992,7962,3365,67,242,431,65,124,499,202,2441,1072,77,349,386,564,246,1832,823,1344
461,167,771,165,30,51,257,34,537,29,1448,891,1040,1192,2277,2,929,1397,1005,241
242,405,264,38,145,3837,1469,550,291,2298,540,912,2618,2,479,473,293,3549,995,2291
1099,5848,1627,803,1647,1056,938,1079,9,2159,6,278,641,5350,2568,1810,778,29,208,718
