-1.2470841246126179,0.003529671908099246,0.9960319874627889,0.9103622507453389
1418,424,932,3844,14,159,5944,846,260,1017,2265,635,4041,274,1612,1835,277,1089,1191,6035
5701,4612,730,1150,3402,117,0,16,792,543,1025,487,29,597,4059,3023,649,132,1174,478
908,866,137,1764,224,468,843,1,49,42,1226,2807,325,862,54,14,1211,4207,1890,522
1591,155,0,540,1710,1965,567,71,1371,1375,0,153,95,1,544,97,744,41,539,1784
466,1420,87,600,3077,36,1290,2432,402,791,58,463,12,3930,65,2862,12,137,2327,642
289,750,177,1266,43,58,636,85,531,474,97,1,2671,310,875,459,536,3278,3812,111
1560,796,20,827,212,619,34,321,936,1490,444,1024,9,13,385,499,320,45,13,1510
15,0,839,699,1265,1937,466,887,1142,1258,1452,84,684,276,117,1286,1193,4422,1121,3503
294,259,156,194,340,295,2542,315,6,2616,482,65,1669,299,395,366,1063,582,0,1614
1530,1808,593,1286,348,1479,32,740,283,4,777,120,0,1045,512,1677,1913,312,655,127
548,409,489,1178,1397,466,33,725,197,1727,412,82,127,218,808,544,787,2943,2936,917
2051,966,174,826,815,57,1223,52,95,210,1592,993,790,1041,527,704,549,3895,1020,1252
213,1183,1191,271,500,18,7,390,759,105,977,976,99,155,49,175,1719,2395,277,58
4121,664,13,910,1200,2241,1,2556,1543,1076,1543,57,197,2400,605,453,308,1370,592,1800
666,1592,3324,1437,1099,899,727,1815,34,1108,900,2304,542,1654,744,234,2211,75,842,901
1466,59,1,3003,940,646,1315,181,940,370,54,745,5857,280,65,1021,1250,1050,5058,60
131,5782,5390,96,295,291,90,139,471,222,2088,793,1263,3553,734,634,246,2008,523,1004
584,331,1326,444,817,37,257,139,508,87,2044,845,1017,1356,2962,79,1193,196,1720,643
469,1137,1040,979,318,2134,1010,1050,969,160,834,352,0,762,1,97,481,335,1215,884
2330,7482,1198,2533,1242,834,1724,1083,125,695,67,2115,189,60,1699,1472,784,0,293,1035
