-1.350140306171594,0.009078185502813987,0.9970643958556664,0.9034989678034585
1772,1096,573,761,254,327,3367,3123,66,2933,0,200,2708,1822,1160,1402,432,1197,3077,5172
6975,1836,2873,111,5169,45,1646,104,1934,384,696,52,716,631,5293,743,1068,853,7218,342
419,3415,710,1969,57,197,231,589,265,1,92,909,1275,15,444,4719,1000,3778,2207,649
1868,470,383,1231,1447,152,150,332,398,477,237,117,1706,111,682,676,1148,640,129,271
361,1,510,1222,1536,42,1347,1470,168,181,44,4,127,3117,81,4744,7,17,522,1263
1,133,98,688,53,149,321,193,159,114,295,315,767,2205,881,499,1038,212,1316,6
2052,891,18,2,1089,371,156,76,1415,1420,962,957,101,533,1026,283,349,559,345,1872
1,1345,326,11,405,1398,316,2244,529,187,0,344,76,276,937,1918,0,1642,1165,4090
691,1413,18,782,1602,431,503,514,5,2071,1153,74,417,450,172,3,1250,1033,560,1168
718,794,93,2617,2173,118,262,38,175,547,1530,836,307,618,1240,1521,1652,1532,0,95
22,887,597,1726,409,196,203,3,250,0,302,74,1078,1312,2493,2542,376,1439,308,219
603,554,3536,0,142,110,531,539,190,236,1536,774,575,16,640,604,646,3044,937,0
930,2093,1736,1157,467,4,487,163,706,558,153,1872,40,293,0,343,685,723,1037,85
2820,757,234,1321,2562,2266,1190,1808,329,1466,1194,57,1823,1537,100,52,1,3087,745,2026
309,2731,4019,1175,3974,988,2,911,6765,5,1207,2245,864,125,1775,665,1467,760,18,446
1339,62,605,436,1112,354,1337,3,527,986,1871,407,386,469,10,1865,2165,237,50,654
686,2001,4976,59,189,39,12,37,78,47,4026,1222,172,527,3179,568,844,2594,1059,1678
233,77,390,235,1,1188,235,62,131,57,694,518,930,1086,3714,235,329,1767,837,185
284,239,266,38,165,3853,10,368,518,1610,215,660,2467,136,1858,287,682,5654,1873,1715
2204,0,481,674,2196,1653,1170,2427,10,1538,1116,17,1058,5385,1722,3211,933,30,149,2178
