-0.8528527214096187,0.019416475447368405,1.000771343033393,0.951132541237568
2690,2055,1041,322,1103,2160,1664,334,1494,1332,1889,371,1359,151,2005,1358,1320,224,1899,6964
2084,1326,1743,1256,3373,683,638,1371,1700,786,1079,344,507,1941,1739,1062,2827,2600,1781,909
1529,1876,1091,1188,400,854,820,741,591,184,1094,1345,240,1988,1002,491,177,1477,1062,560
507,2145,1932,1645,2734,1426,306,1059,2431,485,400,229,895,2711,863,1072,31,793,1223,924
606,784,1497,825,1352,1013,1331,1324,328,71,14,659,1438,740,861,163,1527,1181,294,793
434,3232,1737,1863,970,79,124,723,332,895,791,777,1047,297,959,1650,16,1278,560,432
981,169,1501,1318,1229,1248,541,957,1207,210,313,1280,138,549,359,1134,1095,1025,1005,1334
507,198,1492,1148,348,235,2016,544,282,1100,826,1665,8,857,1048,759,170,1008,223,492
582,856,234,690,273,490,56,81,492,174,352,977,812,8,296,148,545,956,819,5
67,1068,273,506,841,670,17,899,1019,578,618,757,396,385,120,194,2405,1142,1690,531
305,499,1597,548,531,612,2689,163,311,413,2675,174,286,1012,918,1467,958,1199,1575,453
255,291,1468,411,3280,1450,967,210,7,776,4,1395,41,725,362,832,800,606,253,780
301,747,584,1915,2,329,1557,424,182,1378,1051,1151,143,633,891,1712,652,142,557,1143
257,417,924,2426,1315,520,341,1343,747,94,965,1180,789,644,531,842,1639,561,323,462
1995,39,787,3245,519,1524,107,795,1315,565,313,1259,903,732,651,902,467,1975,572,419
1076,335,760,509,1474,1131,590,790,490,1533,182,728,61,772,1847,171,978,1072,2780,2928
294,823,1,1749,2249,344,1058,552,402,388,632,50,1075,1750,236,1959,2061,311,410,1061
577,392,1651,346,473,237,1496,1499,275,437,1007,670,705,804,55,1026,267,1478,5479,1670
2792,1495,1034,1075,948,483,911,2019,620,514,1269,446,1186,490,2779,1683,1162,532,2012,352
1817,2106,1989,664,1951,861,2146,1093,725,337,849,766,3871,1692,1033,1847,1643,494,3451,2142
