-0.66103135421215,0.028205850049379127,0.8482825112717651,0.9649727585526349
324,765,1506,105,238,655,2142,873,1427,1037,457,103,557,473,1697,816,715,182,109,282
637,894,939,165,334,1047,738,1074,2407,423,662,2747,587,968,576,886,717,761,265,399
962,796,311,1365,612,749,1836,683,649,545,1016,699,978,1477,54,906,1296,1151,656,399
510,465,221,764,538,623,932,792,1226,507,1514,1938,1603,1289,2351,41,483,1004,683,877
148,863,773,965,399,534,1105,934,173,940,750,448,814,45,1260,686,944,149,786,1404
1009,150,1555,1510,1829,421,876,1823,1554,1360,734,2282,1655,1418,1019,1179,217,836,979,848
529,789,742,50,1145,1980,1414,525,1273,1778,1979,2977,1953,1282,1716,844,2958,496,1730,343
1764,657,690,1164,546,1694,1632,969,305,1242,1125,2492,372,1278,1620,1162,412,1159,1356,1516
1136,84,542,1047,1264,717,1582,1334,402,1024,523,759,1034,2082,1648,1491,666,445,846,576
488,1536,749,1225,1517,726,2703,1837,783,4239,626,1278,887,2453,1690,1541,1965,941,1561,1704
1729,743,1185,3457,2797,1026,690,399,468,2899,1286,973,1295,2926,1443,1212,1618,767,799,808
287,436,247,1249,1012,39,349,1146,1435,2385,569,1557,1744,251,2038,705,1010,1486,1215,819
730,236,421,1003,1189,795,1430,1474,1555,778,3264,821,1177,3894,319,1422,324,424,1888,0
1017,633,808,974,694,1387,1166,896,1794,893,869,647,2319,464,1852,1437,2065,1235,772,929
1071,131,1665,505,515,932,1885,495,1465,1551,563,1903,407,1930,841,755,499,2523,1020,761
2435,646,240,570,1493,1395,423,150,971,16,767,1403,1758,1521,399,1540,1113,442,747,26
579,1078,303,201,1428,948,1282,1558,554,2347,850,1062,165,533,1910,774,84,232,207,780
706,1029,1170,235,810,692,780,233,1378,1255,408,1007,142,531,501,1324,1487,1221,609,432
379,1448,520,754,274,1391,31,437,1238,1178,527,707,261,684,1394,245,1176,437,0,782
590,610,1433,995,798,535,724,1130,486,762,225,1293,539,554,264,152,532,281,622,750
