-1.303187249787594,-0.0037163715751309593,0.9624715378664086,0.8488045111124842
0,774,516,4982,182,512,49,315,27,361,277,686,678,460,10,16335,11,1203,933,2250
2546,328,480,293,948,1417,599,4370,383,302,692,540,0,354,1631,233,430,348,1298,72
237,649,106,1027,251,1482,1249,12002,5454,63,679,1885,386,108,242,5,8,611,605,539
526,29,166,2241,590,839,272,35,144,22,456,173,13154,38,1013,34,366,2020,19,94
582,54,598,1803,611,0,782,0,424,1037,163,1383,539,1059,204,349,930,384,1197,593
83,87,167,251,824,311,2105,332,852,820,411,83,325,1133,616,448,539,373,262,2832
12,132,88,0,1471,371,1799,1229,75,590,689,1148,125,320,920,769,476,1280,30,565
1354,825,1129,314,1034,1201,75,277,222,10,320,1265,599,31,1500,1873,1255,977,14,1024
72,907,5,328,232,0,87,0,1089,6427,47,3796,178,110,1729,352,343,341,1143,2746
5720,352,508,77,663,2982,1270,219,95,639,1038,375,281,99,56,345,312,688,1265,1585
82,591,482,5,679,1161,2902,140,1615,2357,4116,412,2435,1115,559,73,30,1083,762,5
318,23,166,378,311,0,606,789,4361,723,979,1665,1380,0,362,10818,29,800,68,27
278,168,653,69,52,486,217,14,1580,66,479,77,821,960,2136,254,6,1021,14,1610
1091,469,245,758,171,231,650,0,8,462,784,1797,520,0,304,1239,187,371,0,155
219,890,80,344,206,484,4877,262,1472,1073,373,1177,277,68,347,1097,2812,210,144,97
282,3612,428,347,1953,1027,745,32,1144,287,468,367,340,193,1033,14,465,1219,911,1070
199,473,534,805,430,273,1707,141,266,84,4122,186,195,1601,1254,967,730,407,2951,1062
10,629,347,1010,293,1012,507,21,0,304,403,634,1798,238,281,90,52,1008,0,1429
484,3089,1361,301,175,341,1235,350,24,1602,791,818,131,5966,483,126,661,1642,733,1580
11894,2443,135,576,2129,15043,308,14,1235,52,180,701,34,18646,1321,240,0,573,28,1682
