-1.7896297442807136,0.006304292256275579,0.9498335715822138,0.8507661268566593
635,422,1647,587,30,1532,5,284,258,1,1044,387,1188,222,4,25,13,917,256,9720
343,84,729,2268,238,3287,61,83,226,1580,203,11,1772,3172,3295,80,3035,0,6,1035
0,86,787,308,297,641,457,164,0,1232,310,155,2080,87,1009,69,871,171,487,171
6,328,0,1214,204,1,3732,3,259,526,1,2664,6923,1691,103,468,3590,1644,82,4454
835,359,1378,1522,18,3,1219,76,514,22,61,214,15,1743,6711,1517,1,701,6069,2540
3,967,1244,1,521,87,3,581,156,437,889,0,786,981,337,173,2413,1233,5,0
1503,65,1259,3166,283,604,2,887,1724,2160,791,0,170,201,2469,126,640,665,2157,76
1131,1452,4,2,258,903,2124,337,2619,2252,0,100,3,0,580,0,312,9,62,2
3200,763,1077,2742,4,190,1357,1977,589,226,15,1137,724,5659,411,115,593,20,1367,1402
16,231,10,813,975,599,190,208,569,229,3313,994,1071,3183,1645,104,1,7,0,12588
996,616,96,0,2,788,13,0,664,4362,33,28,30,1061,1199,2375,432,671,132,1128
886,700,36,739,448,1020,67,1083,84,1453,30,1133,69,824,537,4951,1521,54,577,18439
2440,2,545,5,666,3,74,5,29,491,396,937,1,354,195,9767,7005,289,407,2
5297,12,191,4187,193,5,88,1150,246,1273,2336,4,3661,1937,314,1020,9,1316,1736,150
2,4,3086,176,1,0,519,4686,315,0,290,365,44,124,546,19,1469,1518,138,875
1646,0,582,483,210,698,1465,1,4,755,817,317,20,2206,795,567,40,1272,946,1
1904,6696,130,11,0,494,132,86,104,177,58,87,98,271,474,1329,37,62,941,199
4281,2951,2317,3465,361,551,241,261,28,6,662,405,5,917,3886,103,26,7,4724,1331
858,0,1596,2,203,15,116,415,2290,229,82,850,150,597,85,274,70,1946,3717,120
2,746,2102,191,865,1523,205,408,1,3483,1269,1162,352,1401,3,3431,1156,304,1845,93
