-1.225632844982666,-2.063647185136499E-4,0.860758491795628,0.8492694783358068
192,265,1191,2148,301,67,184,134,212,1064,347,244,181,610,1095,908,7850,76,54,1208
1214,71,194,1303,1219,248,373,6,23,404,785,7645,0,47,2423,2182,725,2320,260,523
30,1986,4034,565,688,57,41,325,1516,1562,803,60,493,12462,23,23,213,474,127,377
457,175,901,760,121,545,2233,3035,883,1106,6161,79,11274,119,482,1069,6,380,0,187
658,736,238,404,285,600,210,1093,236,695,49,1728,31,324,232,940,991,181,602,171
252,885,920,1174,0,728,793,178,1384,179,1434,0,138,0,74,11474,815,94,170,582
48,2122,154,136,8,334,147,131,4803,754,0,484,83,373,1297,1015,417,248,175,888
234,208,630,137,216,253,193,600,101,1956,2018,0,204,1300,44,626,1529,242,482,283
172,536,5748,1112,1005,2147,8,795,265,96,577,23008,352,60,1016,1378,932,427,462,2121
568,523,304,1386,1644,75,431,187,1021,709,446,1315,203,1725,680,252,414,1474,3246,12688
2149,1605,645,181,393,51,1266,665,1233,460,2555,2307,1604,1861,2248,584,184,298,86,299
63,5943,56,0,278,3026,111,351,664,100,319,339,507,0,1040,134,1533,109,1000,1076
19,191,1114,39,200,20,1070,658,258,1195,115,1029,2816,447,1705,80,566,326,312,1169
1483,43,959,926,319,24,791,1067,174,2499,1399,67,823,1175,6702,99,181,2179,2956,270
593,207,253,128,2104,1269,665,282,1418,633,258,115,579,736,383,653,0,153,317,863
158,137,1563,104,366,395,68,0,325,13208,124,0,0,2054,694,1042,147,420,203,2275
1502,254,1712,211,230,313,238,2617,85,1201,152,9924,1085,537,162,0,463,528,0,490
982,109,575,105,443,624,340,269,1785,563,1358,445,28,708,1968,120,1914,364,930,507
809,36,800,14,973,199,83,33,75,343,2546,767,526,64,980,1886,712,287,387,139
0,442,686,426,312,727,78,348,103,1930,339,191,164,1294,666,554,514,984,300,1287
