-0.8972476215044355,-0.0034328357947969084,0.8988097872809196,0.9506598790629216
577,532,1853,596,323,1449,670,745,72,615,1048,840,98,296,28,549,1317,778,2213,1227
401,745,1199,1196,1404,352,801,386,1310,698,1650,520,2446,11,140,136,64,1007,229,525
1596,1816,77,943,2328,1316,205,521,120,1473,987,2121,1430,1525,516,1367,1843,576,1078,2245
618,1310,133,966,2006,826,388,141,239,1807,823,711,686,1411,114,675,1895,282,549,1185
2267,601,680,3086,862,86,554,3081,2633,770,275,925,1541,2114,306,2594,803,1667,1652,565
200,2311,15,634,981,964,1393,11,264,708,995,608,504,2955,510,1829,381,1746,2408,1614
1043,514,626,1014,1081,2218,1057,2321,3639,2477,599,662,929,833,822,390,1698,219,854,885
1073,566,2391,919,212,6,513,2781,362,1999,659,2108,1311,9,1631,503,379,626,2121,264
295,625,1236,863,3790,915,298,1343,525,1141,1915,1150,795,259,1299,694,2125,52,1085,193
627,99,141,71,704,161,1434,750,321,571,1082,3492,563,924,1736,304,412,291,1371,1911
949,1918,864,154,1347,2309,1154,131,1518,280,1509,2715,1643,481,931,2337,573,528,37,2036
214,770,44,2136,562,1546,851,685,1533,1199,414,1395,454,2840,450,20,278,374,464,1165
1557,1225,1380,810,545,620,2047,1408,1526,1433,3827,1640,607,1096,287,1139,613,1396,523,1611
233,719,542,751,1108,1134,556,580,283,654,98,1272,829,1134,1124,374,1165,1542,22,113
1472,223,888,247,272,580,660,2381,711,3250,914,766,702,1636,536,1222,216,35,1085,481
608,1187,1322,541,935,1118,474,1094,1462,836,74,1279,2214,623,27,520,2219,239,1228,463
1080,701,1607,39,15,890,711,1670,662,601,4,2074,1,786,1820,452,178,1529,956,1251
2323,1134,3077,872,34,174,1170,1537,1763,280,580,674,1255,1504,3019,548,488,0,1401,49
491,566,3779,19,844,2213,2732,1937,421,411,1154,909,2086,554,19,1543,12,1168,680,854
910,539,1063,174,15,917,643,1106,1587,317,37,59,323,268,936,1029,871,822,1260,710
