-1.5675744659754807,-0.001565163609724556,0.9077992288643014,0.8550661869012472
722,33,1098,311,1328,971,524,56,76,131,1500,18,3279,27,2199,208,1494,96,107,6956
1733,359,882,180,282,3466,472,7,112,439,91,1132,1196,0,959,701,738,81,2,42
182,3821,82,28,20,655,28,813,1993,897,1091,11,2822,2011,107,393,1593,515,1849,533
169,59,82,328,447,583,1,2690,460,2241,1076,634,138,482,4,2432,2660,47,103,12
335,746,335,25,150,2106,392,2062,1573,73,709,514,301,5,40,1466,64,489,51,101
561,3,824,367,18,617,436,218,2193,920,34,7,2,417,60,2427,199,888,1,287
528,123,1224,3163,135,104,1253,452,151,682,11,803,806,447,264,987,573,611,4858,6373
2461,2,351,1812,282,1198,381,418,0,1580,1147,495,56,184,897,8940,125,559,578,265
422,2598,108,60,276,1529,1630,1,239,1202,654,21741,542,0,1547,2460,227,0,6225,224
274,1644,336,952,308,821,41,86,41,2285,3,1571,73,6643,3538,15,1,15,158,13284
89,161,963,2172,223,724,125,149,118,151,1223,1452,1102,33,2482,297,253,926,205,129
149,4057,736,1487,2,2269,1876,724,49,1358,2,681,0,1,909,2066,927,69,62,5438
1140,1941,1259,2,205,36,2777,858,9,24,399,104,2033,269,124,10337,215,433,802,88
960,424,476,1389,734,59,179,2274,191,3529,56,73,671,1099,193,1873,34,45,970,240
508,477,1017,1463,781,729,25,245,180,2930,304,31,747,295,317,81,1496,471,651,873
22,1472,319,719,69,2,834,87,1,4754,0,323,1227,1081,163,1787,536,1842,15,973
5,945,542,1206,105,59,9,4218,1160,592,1,9,141,110,209,1477,439,954,2016,627
123,287,998,6,218,232,286,555,169,33,1760,193,235,687,2561,249,13,146,651,280
2322,275,231,164,1594,0,2719,60,4476,238,39,799,2199,1132,405,162,1087,225,2294,10
627,4438,408,646,529,403,598,2734,130,1852,199,10437,813,211,5101,266,1238,3770,459,81
