-1.6957185707676903,-8.824483756617073E-4,0.9360296052727393,0.8482671332281223
633,162,1542,363,30,1532,5,284,1237,263,1044,386,1142,222,4,37,92,630,253,9941
343,152,949,2299,236,3287,61,74,243,1862,209,11,1323,3081,2189,80,2802,0,250,1126
2,86,787,328,67,637,457,164,0,1232,457,165,1744,52,1009,69,871,171,936,153
2,285,0,656,231,24,3732,3,259,526,148,3223,1526,1796,47,468,3587,960,222,4292
835,359,1378,1522,9,3,1179,66,536,1449,40,214,156,1449,7294,2228,563,854,6331,2540
3,967,1244,1,224,80,3,514,156,437,889,0,891,523,2130,173,659,1233,19,0
1347,65,1305,3166,283,480,1,881,1066,2160,791,42,171,1313,2248,126,471,861,2388,128
683,1452,4,2,150,938,2124,337,2727,2252,0,77,3,0,580,0,348,121,68,2
3325,763,1077,2742,4,200,1357,1977,715,226,15,1137,724,5559,411,121,593,0,1367,61
16,0,10,617,975,605,190,208,576,0,2131,0,1071,3183,1402,104,1,5,0,12588
1029,616,96,0,3,825,283,1,440,6695,7,28,25,1457,1199,700,294,1195,214,1113
886,700,36,680,263,370,67,1072,90,1362,2764,2189,32,369,537,5148,1642,157,579,0
557,382,451,2,19128,3,59,5,29,396,0,937,11,84,195,10147,7005,419,407,2
5936,12,190,4187,77,110,1,996,165,1011,1854,16,3223,2961,314,984,9,1299,1449,139
54,4,3151,176,41,0,519,4855,600,234,290,828,52,124,549,362,1469,1623,244,902
1770,0,577,72,789,785,1644,12,4,752,817,317,20,2206,202,6904,136,529,1170,247
1904,6316,130,11,0,455,67,87,104,211,30,94,95,271,474,1144,216,57,1001,169
4271,2951,2095,3465,393,254,87,236,43,6,662,405,5,1782,749,90,25,7,4266,307
858,0,1665,2,203,15,83,1029,2391,249,118,850,150,597,79,274,42,1905,3865,33
6,514,2102,191,1003,667,205,401,1,5466,1057,1162,352,1496,3,3431,1593,304,1843,93
