-1.38066325283829,0.0011706240558517467,0.8254587395557074,0.8493347520024862
582,64,392,1214,538,508,51,80,107,817,154,290,102,2500,1794,636,1638,536,1022,889
900,0,5,3061,64,3994,26,137,31,368,22,24,815,89,0,2239,265,1185,1517,169
55,0,7,0,605,982,34,248,3919,893,990,677,0,953,591,35,17,325,0,720
381,582,659,969,493,228,3279,2177,296,208,367,1197,13082,323,227,715,1330,32,197,1519
609,8,618,295,1442,208,399,322,0,3346,2222,701,275,1644,386,1115,75,354,96,573
381,865,1063,262,113,337,919,894,2390,47,607,5152,142,858,366,12631,0,3,239,663
1,486,42,170,96,0,232,159,929,1,1807,1128,1360,551,1253,31,254,1575,49,894
23,198,885,150,125,169,587,1731,273,1704,2408,6592,569,0,946,107,1340,219,464,442
215,2096,932,501,1065,808,251,440,148,101,293,14133,111,1048,54,1696,16,153,1041,9
2344,1075,20,2405,946,408,1801,583,80,1349,97,170,58,833,249,154,7294,1034,538,64
1091,158,503,174,434,68,2264,424,12435,450,615,1994,797,715,16755,87,1570,2355,354,106
5,231,600,2147,82,426,661,185,10354,564,1815,1752,256,0,451,1865,1094,1900,216,496
51,741,3407,377,196,11,353,421,1010,332,808,158,29,565,1029,374,343,683,2725,732
492,974,485,34,444,2077,81,0,147,1160,84,512,722,452,188,524,7,1443,1946,121
634,2,1807,29,1640,30,1123,624,439,619,178,1083,1327,1086,3244,2779,0,12,0,1484
128,1052,256,1756,236,3428,183,15,0,16145,26,923,265,1644,851,2880,82,123,689,307
824,328,1002,3411,299,65,21,1149,1758,142,1222,441,428,1647,12,348,912,768,1638,561
59,1926,1081,194,88,529,61,1660,90,41,235,2885,785,182,1004,7,167,53,759,146
264,25,1969,0,326,1548,286,55,75,54,816,623,81,394,406,587,340,367,1485,855
1070,52,534,313,116,4689,5,390,640,1522,630,1054,35,859,2743,466,1744,4,291,3687
