-1.6650392262794382,0.00827573354333901,0.8495690793074859,0.8839466098294368
158,243,9,137,796,128,72,69,1305,2317,6,112,1273,1555,181,2510,181,1186,1021,1026
28,107,46,1262,213,500,233,684,455,15,3602,49,667,436,1683,1539,2323,22,25,711
704,288,119,45,403,420,245,1705,1922,1436,141,4577,1814,1685,161,234,329,1230,319,456
39,765,491,7,279,3,171,616,1180,2274,1057,213,419,42,1090,1129,80,50,54,241
5,467,594,127,7,720,632,3117,1852,278,1112,867,2008,3126,70,5402,22,4145,5128,2
143,1,2104,82,1975,529,304,299,311,84,48,34,51,1118,1961,8716,703,1126,1348,1034
7,5,1237,5,195,72,2408,1165,4810,3430,1275,5045,2451,1,93,84,817,1,915,1017
2181,53,836,231,2384,8,4720,36,150,1331,237,565,131,178,15,93,1159,1028,779,310
703,136,3204,21,1007,24,2011,742,2287,25,2344,1913,104,1031,3809,837,62,3463,518,371
10,844,5,284,42,16,1217,197,151,2794,1653,5,36,2846,115,1086,537,1011,794,208
1581,46,87,6,1147,1022,1347,1698,3,1167,0,2659,4,3138,30,487,80,700,3269,83
65,0,79,222,3932,235,3123,520,180,1011,1,2580,2568,1223,406,312,1289,136,139,1
1367,90,584,1,1322,1636,1664,198,25,729,4436,1908,50,4048,33,7355,261,781,217,17
5,31,5,118,5575,438,3084,1376,1291,2540,4094,875,1919,2215,43,171,1744,1400,154,361
3607,814,160,211,1,705,2075,1164,3,526,1260,909,270,1,102,2111,2726,1,945,88
240,319,464,3418,192,4,20,4020,957,0,3096,297,2577,431,3860,2002,2612,1743,1,13
1467,641,3,28,343,1098,696,617,111,53,603,373,1,56,2475,1366,2001,3045,980,5340
4138,240,1,29,609,1186,20,4096,851,149,16,897,215,619,3128,1843,7149,16,4,156
985,87,151,240,205,2173,1,117,871,2,932,1055,548,2438,819,14,198,427,2407,294
142,1419,90,60,186,990,748,261,1361,415,1098,53,56,264,1331,1544,0,576,990,927
