-1.6905636630635172,1.0611971617050115E-4,0.9775782302205785,0.8479353334498058
866,42,1215,569,27,98,75,14,391,76,0,3,887,293,2536,42,15,403,477,2464
1112,2,439,2005,2483,422,148,846,1401,15,0,116,945,5198,178,110,2660,823,4,324
6049,46,260,406,0,157,78,26,122,1256,592,49,0,0,317,17,2117,704,2,468
94,135,1488,365,230,1,668,5,250,1376,1,1398,8122,659,611,467,3901,300,1470,4935
32,340,791,2502,297,218,1545,665,296,9,99,1,12,3432,4018,1690,7,12,6464,3642
3,2163,3857,216,49,949,5,129,55,323,714,347,782,881,472,53,2181,147,423,82
913,1029,4,355,744,162,28,976,495,3878,952,360,18,83,1967,334,30,636,757,1242
482,12,381,1,0,1045,2086,1371,679,1674,197,553,3,133,998,8195,117,452,71,3
1049,203,199,2948,25,581,1501,1134,4428,276,7,958,460,4491,1181,371,309,139,4133,1830
27,163,32,698,920,595,8,134,2,780,1104,564,5201,3169,1614,17,1,0,121,1258
1759,162,1609,0,5,946,589,940,261,706,2072,7,2581,28,0,119,3770,2186,512,979
151,3479,7,2066,114,159,73,1324,617,455,113,1333,792,242,636,187,1160,63,483,163
53,3,129,4,831,4,158,2705,1635,0,27,351,76,107,23,479,1360,612,151,146
552,19,111,3781,512,407,57,2510,2189,1585,665,1938,10,150,53,2995,187,904,7750,91
33,5,929,14,14,6,1067,166,1,942,4,940,145,320,439,193,121,1941,2207,741
1025,161,273,244,512,1124,145,313,66,248,606,977,469,2210,782,423,35,755,730,566
1617,28,68,15,1871,313,10,2,100,34,78,130,67,965,155,1455,2404,2696,279,993
2510,797,160,2274,1749,66,30,8307,871,4,112,923,290,939,450,61,70,12,592,16
24476,434,867,2,335,24,206,527,2961,598,16,2337,9768,3825,601,489,86,2867,1714,217
372,1152,4151,155,457,1625,58,626,604,184,1542,1374,338,2893,1061,10191,275,949,4035,1585
