-0.9501862402914703,0.024840360235508972,1.000827290443068,0.9430826785710856
853,2927,2218,538,985,1311,2717,88,1118,1058,1655,336,806,454,1199,1289,2315,522,1941,5088
3577,1782,1628,969,3143,520,2284,0,901,598,958,378,649,1807,580,192,549,549,1144,563
1718,2358,2278,445,608,1301,909,1306,822,1899,993,1016,642,1282,1639,2058,41,829,594,897
646,1552,1394,609,1209,619,608,803,1570,382,380,10,2,2266,649,1027,838,1087,1732,1527
744,1724,1341,1052,1431,635,257,970,239,621,69,519,1976,557,896,1049,874,1642,380,2597
458,4822,2542,2377,1896,1464,94,620,1003,52,937,379,1302,201,2355,1540,829,1322,57,127
1246,1021,705,1457,2486,311,1149,441,929,188,662,291,1906,1435,782,710,803,507,54,425
299,1752,1599,255,395,59,1400,512,506,1185,668,161,75,2331,624,497,192,255,634,235
882,2062,73,691,109,802,795,102,576,158,586,808,935,5,100,812,670,937,1029,2
1125,2046,894,728,638,423,725,156,425,510,421,1073,592,441,85,827,392,249,76,624
800,1587,2092,896,1893,193,1176,434,881,11,613,1132,804,401,721,2708,816,1835,701,644
378,374,1185,783,3372,1523,555,383,960,423,827,5,153,439,739,11,383,231,516,709
10,2850,696,1504,8,268,405,2121,581,1148,741,590,1451,561,1403,943,1266,314,1997,220
2255,181,949,2870,3634,713,45,1637,138,91,310,301,109,982,605,2814,1602,513,388,4
2400,26,19,813,519,1872,239,1160,976,424,282,1333,356,595,454,70,195,1648,2134,381
249,620,1267,509,784,1279,161,679,1063,1187,187,415,306,2216,1364,421,305,1188,2978,3968
3172,1634,8,610,287,492,1644,235,627,461,903,43,869,1249,164,1142,1745,1440,333,159
2699,834,667,1867,910,143,208,1095,516,504,25,448,620,1928,64,1245,1022,2423,4614,1504
898,2230,357,317,572,264,547,1721,490,507,2046,71,1140,310,1531,840,994,811,1873,332
117,2596,1946,1127,940,582,526,1328,398,172,161,947,2670,1737,1291,1567,3266,35,4168,3279
