-0.7520742422637663,0.02345963857456311,0.8490461879152373,0.9551557544197585
347,225,668,361,51,474,534,429,309,1624,527,1475,212,1200,685,1368,987,278,166,559
873,90,557,636,811,338,164,984,657,217,292,1853,22,733,495,1230,171,666,368,142
322,814,432,1513,442,294,1345,539,723,1741,1989,521,191,863,2029,1191,1593,1453,533,264
677,1616,1063,686,784,1384,374,735,249,1864,949,3249,972,220,801,555,755,181,1048,2306
838,1287,2054,974,354,1036,2588,1368,810,1405,1355,422,1111,32,1507,1231,689,568,470,498
1185,1148,1297,808,1134,1112,1128,1471,2195,540,1077,598,1047,862,1214,130,248,681,2027,1222
1093,479,545,1516,1037,1597,303,974,2338,2116,522,1172,2630,171,498,1016,3126,245,991,1306
1598,472,820,1832,545,343,1102,1674,1222,548,121,1090,1273,992,3061,809,201,1303,769,432
467,1027,1522,908,1013,1050,1156,0,3379,1949,3003,1593,1813,155,142,1420,361,473,638,1805
1388,611,949,977,597,2677,966,861,893,1574,1466,1548,757,902,159,382,779,441,805,229
428,354,935,1504,1709,752,1135,1007,4317,4218,2990,1626,1119,261,4420,818,112,1247,444,437
1211,883,838,988,1145,625,2550,1331,878,2456,830,1126,535,585,535,2666,110,4797,2052,479
1013,2097,817,1203,2103,2329,1367,1426,1132,213,2711,2405,2434,1619,1535,404,285,1654,251,2500
1735,1473,320,756,1088,1363,3866,1521,158,2798,580,663,1671,1464,258,475,262,714,1039,474
686,1268,1207,113,2224,728,463,1726,1013,3587,242,652,1520,1294,852,1327,319,1700,159,134
210,994,384,1602,867,55,135,562,1697,2007,162,754,1099,811,56,680,1875,1082,263,760
879,1007,291,511,623,679,231,222,172,1357,1034,834,698,754,538,951,507,1627,933,2083
1023,1154,733,348,829,236,609,834,1333,1277,232,746,2090,428,198,233,2348,466,221,1285
539,138,908,592,30,90,918,1276,230,631,631,399,1372,629,1505,956,481,250,506,1265
493,371,1941,623,1526,328,1755,1068,1172,924,386,233,227,354,23,708,207,834,571,204
