-1.369177794030828,-0.001132470166111325,0.9541360450608386,0.8487637939782733
1600,901,516,4769,410,175,10,314,19,668,1232,319,734,67,9,15736,14,891,917,2273
4085,530,361,412,948,914,845,2831,398,333,204,540,0,73,1354,528,1390,861,815,106
2,103,106,1027,1494,1494,2097,11426,5454,517,1003,791,1032,43,68,44,10,188,549,9
529,49,116,0,1203,844,328,32,144,274,458,180,13154,46,479,471,297,2523,321,8
498,58,1067,687,594,6,914,0,758,1332,1036,1374,182,1066,204,261,447,8,1219,186
198,176,82,240,34,312,2265,1117,869,909,345,166,374,5553,1199,830,822,0,262,128
16,49,72,0,521,309,2038,171,80,561,451,1482,41,402,1697,1252,851,1553,136,586
1354,825,1129,222,1034,1242,78,847,45,3,135,1309,609,30,1486,2034,1952,458,34,994
61,699,4,323,187,104,87,0,1669,5951,1,2944,178,110,1329,354,330,205,1041,3183
2818,882,508,118,1023,2815,1101,219,95,0,1092,375,281,100,50,374,815,359,954,1897
221,682,778,12,682,1530,3320,239,1421,2690,3861,469,1865,1102,51,355,28,957,710,9
383,63,224,506,311,89,155,1954,3896,781,979,0,0,0,185,10815,29,735,1709,27
278,155,473,69,556,1633,312,571,254,92,593,82,425,761,1343,0,1,252,25,1745
1091,82,252,758,214,119,650,0,372,458,784,541,520,3,203,699,179,1438,0,1325
163,807,81,455,229,738,4823,190,1750,1098,365,1177,277,48,394,712,2786,2663,144,1109
395,3612,811,187,441,63,725,74,1146,287,331,367,211,125,1027,87,465,2049,1091,1402
141,976,616,50,546,258,1683,130,283,330,3370,186,193,2053,1516,933,738,640,2951,57
12,503,367,1010,235,1037,322,1,922,446,1977,674,1798,402,426,87,53,616,488,1663
438,3734,483,363,47,314,0,439,28,1214,1364,657,64,7341,241,126,735,1069,259,1572
1097,2386,126,677,10920,14965,757,104,1235,52,273,701,40,18696,163,12,0,2003,1123,938
