-1.5270231630917075,0.007290121435122652,0.8503004317914057,0.9041282854950493
1077,371,1376,227,1581,380,121,276,292,634,1464,741,203,123,8,1821,42,288,181,0
1,1,7,1118,561,954,83,1200,609,429,3339,490,48,156,1551,2,556,73,432,1814
1343,624,627,38,429,1075,9,267,3176,19,951,232,2771,1125,79,998,1,363,103,1022
12,1085,36,124,1,768,103,340,120,1248,866,10,1572,168,1469,1523,2643,1195,2,2135
9,773,1,366,671,724,286,2444,0,2,108,141,322,1908,1884,3676,301,6980,2161,106
1098,234,216,1646,45,1242,1381,269,16,747,363,1246,2745,909,1058,3127,712,905,1515,1492
664,888,230,272,1695,775,1594,375,2729,110,677,262,2637,1,415,135,1158,1,1300,180
367,1584,526,1,690,3581,3150,1371,570,2245,8,182,285,70,1502,141,445,1148,580,275
1021,92,2155,2264,1959,523,1734,2024,258,2414,1081,3200,611,2461,2294,1276,1020,1,227,422
2155,1045,8,3571,193,34,146,1115,1,1483,686,1489,100,3061,2163,1831,3836,2123,189,2655
1376,32,565,1777,1966,301,1447,548,39,7707,2110,1171,1836,1014,2,409,377,496,1744,1
498,61,92,305,987,2020,2130,904,1800,574,651,9,6478,294,68,18,3225,705,364,223
809,580,1106,1,91,622,65,4006,45,713,8089,287,98,1412,878,4115,614,2204,30,1022
370,582,1,164,3776,8,652,470,1530,3189,4517,90,2282,1863,66,1487,560,238,1099,189
5372,157,215,1092,2237,9,1209,1482,4652,1246,2562,671,1104,1,762,945,235,325,1955,1060
1196,441,21,2253,2820,718,2560,74,115,1129,727,16,1514,928,556,822,11,1910,346,0
2522,906,1885,85,751,1937,493,197,1624,8,1082,2557,92,142,384,317,203,8,339,629
341,722,1,1849,27,2879,1,15,2273,211,17,149,47,2302,3394,548,2017,485,25,4
224,1896,222,590,776,2,1,184,2177,9,1163,582,787,748,1008,193,1739,113,2533,9
434,1881,253,140,225,2051,8,217,1874,1947,534,797,1570,273,2410,1407,32,517,23,2268
