-0.9981463418257364,0.0015020552265776971,0.8433035431158802,0.897271766883499
554,254,122,0,1853,190,181,59,2176,1592,931,506,99,1329,934,1104,19,1179,473,261
325,1030,287,34,2229,1106,138,609,523,306,0,517,809,596,548,299,552,1247,404,5721
255,250,43,848,243,0,1220,1176,0,377,1103,543,1217,2438,20,464,3949,915,171,261
466,110,0,818,393,304,1687,64,411,533,267,597,194,1217,1634,399,131,549,183,667
666,403,743,843,895,3061,1710,1736,926,60,1290,3267,1131,60,350,327,320,376,0,294
3061,400,329,1262,532,469,96,281,871,1770,1800,781,1259,0,185,793,376,171,577,647
506,967,597,784,60,762,1472,1308,254,9186,57,476,317,2108,291,814,1100,495,67,4339
94,73,588,251,369,1288,1734,594,173,703,2104,3571,2465,117,216,238,3918,936,799,98
428,452,138,528,820,455,642,414,12808,3072,955,523,5701,779,631,1632,1081,3097,440,327
2666,126,1577,11,947,1061,353,0,15,586,595,1521,419,556,1646,395,764,1930,441,520
137,688,856,130,1488,0,2522,427,173,2009,360,196,152,1955,252,1301,383,1354,448,825
292,870,7509,528,1274,973,670,0,3587,575,5902,247,2023,343,582,1338,1133,261,47,2569
341,332,912,246,114,268,1003,1278,435,877,1526,1003,1455,761,467,2118,1555,136,2226,68
498,323,1222,877,898,224,495,1220,1565,701,271,4371,915,497,271,2951,350,1687,886,337
216,576,216,2734,1192,407,0,433,520,483,232,334,294,270,7412,1588,163,931,1072,469
314,957,525,242,1154,566,4495,376,525,665,9852,637,791,1649,1361,456,238,81,0,1846
125,325,1140,324,112,1241,63,820,743,2690,1055,534,1332,1190,15108,643,1565,1728,713,809
1551,583,315,687,858,1427,374,2668,314,911,537,484,666,163,269,408,2573,852,1470,752
771,1765,154,708,159,214,430,672,134,306,3487,672,226,122,628,1064,1315,426,208,276
342,136,529,265,958,895,145,2410,160,362,256,557,1119,273,1436,776,318,276,166,247
