-1.0698861718314705,0.002008862206100068,1.0012894638714633,0.8999203082767674
390,908,330,101,338,127,665,556,461,1441,605,934,775,188,159,142,1041,153,989,16494
2337,293,34,598,110,259,797,526,729,562,220,954,679,96,1996,0,602,48,2164,1570
794,554,1115,859,606,365,8323,373,2254,194,726,3682,2143,589,519,3017,944,5996,5415,646
13,1144,242,97,3461,190,647,1744,1249,111,0,308,139,1,1842,506,1286,635,4577,158
845,265,828,616,737,2956,1092,290,704,1249,1073,604,1404,424,514,456,243,828,929,179
2880,1105,1048,575,890,1769,1078,1288,1224,1185,52,334,837,436,366,49,823,765,329,2338
226,325,3538,1502,1568,354,380,380,904,1270,385,63,24,279,78,183,311,82,686,60
1546,989,3570,417,324,0,753,1048,397,491,47,53,1689,424,811,317,167,377,2883,1439
805,267,502,325,1210,854,1310,199,1997,404,364,10,2077,0,862,64,2825,1643,2554,79
740,161,217,188,2045,261,86,1355,176,157,426,45,183,700,1135,364,351,891,977,1497
922,1330,1031,248,258,2459,572,350,1760,502,350,3802,137,719,766,338,1028,243,117,455
10310,310,520,697,75,1727,543,754,685,784,106,1105,690,881,249,559,1034,2013,1856,838
1544,1851,73,3501,723,124,298,870,649,1070,1205,772,1116,2001,1128,1502,861,1,1495,270
393,550,327,359,150,316,673,1540,437,470,2050,715,202,1163,312,587,2125,2298,643,573
1279,69,268,402,265,791,1241,1080,384,48,66,626,1119,239,580,736,398,1004,37,161
4540,554,39,223,501,847,2790,394,1316,309,340,851,534,1789,159,237,44,546,1223,2430
245,680,1584,1438,383,269,419,1768,970,390,788,906,2585,2141,230,1198,151,1243,947,2358
10321,873,747,683,421,66,120,157,2930,1321,1042,51,323,868,69,220,7727,1425,14,75
822,637,415,519,0,657,2481,523,368,810,186,311,295,72,1647,1121,142,511,306,225
1421,3652,540,1240,560,33,4103,464,305,276,125,1008,570,190,154,1744,3827,6254,259,678
