-1.0484936339257875,0.0031069892657894053,0.9810279293543946,0.9026716974892204
1773,328,292,92,0,951,386,512,461,1285,10,775,772,66,108,244,950,113,1029,16166
1060,478,39,132,110,319,562,470,698,538,52,933,1627,87,1741,568,153,215,833,1261
815,2381,1051,1498,431,382,8815,745,3022,216,792,3382,2190,1073,289,1708,1638,5998,5415,188
21,733,252,88,311,91,439,1737,335,118,454,130,53,44,42,1254,967,253,4311,178
189,164,1936,296,937,3557,567,344,668,1301,2191,960,1404,381,126,510,738,646,557,151
3184,1116,626,1727,617,1769,286,1481,1229,1311,693,259,864,437,526,63,2227,662,418,1661
235,55,1708,2472,1365,355,503,128,899,1230,281,63,21,346,78,138,370,162,569,90
823,1436,3416,1078,505,35,641,1060,2567,229,32,69,1770,1051,649,353,113,262,2664,60
910,236,658,325,426,854,1323,204,1524,1514,364,10,1895,1306,865,152,2810,1090,2687,165
1238,471,290,22,1018,667,271,1512,268,65,320,175,183,1207,1996,335,576,752,1307,2011
10450,708,807,155,258,2395,836,161,1342,555,352,1682,820,606,836,338,435,291,358,706
10310,342,333,618,341,5432,452,421,727,777,207,1708,1704,1326,227,559,995,937,2019,1668
1955,2360,523,3319,468,326,49,653,662,1070,701,395,679,2011,1251,985,894,149,750,372
2644,464,204,270,265,971,432,1359,309,955,1299,840,293,928,253,382,2390,2516,774,461
1254,74,310,401,392,1159,771,1144,342,53,13,328,238,2281,405,732,171,624,157,156
4543,569,45,2629,339,620,1899,1275,1316,200,340,846,239,1355,183,120,219,610,1197,2620
599,578,584,325,992,153,1021,1868,970,551,726,1115,930,1813,1258,1935,1537,1353,987,1475
0,1350,0,358,1104,63,124,348,1362,985,243,51,254,1138,69,634,7771,2262,69,316
784,295,727,515,0,734,2476,1292,464,963,564,0,635,83,1555,885,133,514,1128,471
2061,4309,442,1129,573,236,2177,636,263,0,25,1044,760,1455,349,977,1938,3487,385,239
