-0.43432725174725945,0.00599965819234063,0.8959719156395242,0.9811963299506951
2102,1007,823,241,958,615,886,1618,503,403,837,1539,0,1280,493,1165,979,889,322,772
635,638,772,907,533,627,527,1249,887,724,979,861,933,761,526,1600,1006,1302,743,950
704,891,1205,1172,1438,1763,417,715,1273,612,924,834,0,377,672,1577,771,560,781,916
1189,1217,963,1233,213,1217,776,837,356,737,1151,837,1463,302,951,1018,392,2017,1459,315
870,906,672,1031,938,413,1265,1644,230,2197,913,551,1755,1467,920,777,458,1199,1126,615
1588,770,826,1347,1405,1106,426,1108,800,677,884,1225,1038,1748,581,1762,1051,1456,1721,1116
1743,1688,1598,924,1286,354,1041,1777,980,860,1912,702,1357,546,988,979,1279,896,368,607
1034,935,328,1174,1235,979,1750,1017,685,460,389,1491,1484,1467,775,1961,764,1000,737,86
1183,692,898,972,1125,985,3214,992,865,920,661,2311,551,1039,2447,1513,1043,787,1327,851
897,207,591,413,573,1561,1158,642,642,1720,914,1466,1648,1971,1288,1765,715,994,461,934
893,1725,1011,1951,1093,1556,327,1219,1216,1526,1314,1252,1054,558,1549,508,416,1104,1062,777
1596,1008,1754,1523,1217,493,810,1071,604,2519,1118,1273,1847,744,1789,1398,1014,310,938,991
881,1035,1109,1104,381,1297,900,895,1191,6,1054,699,333,1127,1381,810,538,911,0,739
363,1497,652,1820,662,954,761,1044,1326,909,1176,2116,1016,1860,1169,1620,1134,511,726,1039
1417,970,739,1360,993,655,1477,412,1440,1856,1470,1405,688,1688,1174,1437,785,696,530,1298
1335,0,744,831,1812,939,916,586,2358,959,608,935,854,1646,770,768,597,1028,1396,888
528,691,679,1082,1046,789,526,504,628,476,1215,1887,908,655,615,1455,1343,0,312,1443
1638,746,618,871,499,1072,837,1094,772,1076,825,2060,711,717,697,749,1582,958,1646,118
686,1113,1185,915,688,635,511,1058,554,1374,893,596,1684,1536,307,725,880,920,415,1149
1861,1029,313,902,1445,927,642,905,589,763,808,820,683,850,965,1171,665,692,838,801
