-1.0965159698724223,0.00906590852532266,0.8433573675494345,0.9008755539476451
889,0,408,2422,1796,1121,917,976,1395,2991,289,0,104,780,538,1155,661,83,358,663
665,84,271,560,406,132,546,1860,770,1161,729,218,224,2779,430,267,243,4927,998,3390
774,1135,293,765,10,624,23,891,1108,21,1387,846,159,80,14,476,2297,116,322,262
170,98,123,1196,2768,326,0,263,50,495,990,226,1587,654,252,2602,619,1233,612,947
239,1911,305,592,411,434,1450,2146,1191,453,924,13,491,17,840,570,0,1358,150,368
1396,151,277,1370,845,2135,1371,48,552,366,1830,2355,1083,863,160,1201,301,658,1236,686
543,191,71,360,335,1732,405,1994,258,8840,2228,2425,71,974,1283,1073,2165,14,617,1099
60,187,318,30,299,684,2908,1079,5569,2329,1775,2473,3217,1841,444,268,158,259,397,235
223,396,110,355,307,345,1867,32,12110,796,359,2201,2544,1229,641,1122,171,84,614,746
2857,1316,1694,675,1340,456,2479,2593,1199,4,329,908,741,385,673,279,22,161,1280,897
134,603,951,795,499,477,684,1285,3338,6624,446,1058,1395,1620,1504,272,492,729,655,1180
853,369,669,728,792,507,415,1486,182,502,2089,5361,249,708,616,927,2047,804,84,1883
2255,39,679,1312,262,146,1000,108,75,133,5491,530,258,184,1637,28,1109,186,560,617
17,303,901,551,162,1022,4,1569,487,1811,2223,669,1623,460,818,1728,127,1086,175,524
3048,724,725,476,1621,233,310,66,1267,67,937,782,106,2105,4319,135,1511,235,1162,1471
128,72,99,0,1487,686,436,712,41,761,3065,244,26,1270,636,214,212,187,441,971
185,1100,0,63,398,1020,122,2651,4780,2244,90,416,4857,568,17528,63,156,125,965,337
437,0,449,2014,4465,1819,496,1475,59,164,77,1057,1297,72,25,1717,1287,873,1028,1179
166,721,1510,1349,1293,801,757,313,567,200,157,681,930,472,219,932,2680,618,300,176
321,323,530,180,205,818,757,857,298,443,1739,410,2148,685,466,172,559,690,324,1610
