-1.0436435006317255,0.002287363356858831,1.001494386736276,0.8997362926226211
980,402,855,73,355,625,1271,2955,190,1392,387,2962,593,426,108,75,1001,173,976,16624
1120,67,61,1712,162,0,1004,367,402,989,192,963,808,132,2137,1115,675,0,1367,830
215,2474,186,877,1478,261,1316,373,792,186,608,2970,2143,1296,210,1728,380,5279,5415,1485
307,785,288,117,2980,338,385,654,741,661,139,404,9889,577,22,506,1102,86,1892,897
249,322,1018,511,1361,3770,427,1025,710,1253,2283,0,1561,417,1795,665,158,1320,1082,191
2766,1350,737,186,481,1306,339,1536,291,1653,1034,267,1049,1944,662,216,1100,1571,243,1559
163,44,3323,2295,886,270,257,322,1042,871,0,208,51,136,321,186,355,583,1728,104
1591,948,3801,417,315,32,615,605,401,176,763,235,1724,965,1026,276,905,506,2883,280
323,20,52,492,1794,143,1323,543,1008,1348,306,17,1740,234,1096,30,1921,357,1564,12
1184,118,156,1016,2116,336,196,1245,238,90,406,256,286,168,993,130,394,652,1248,1328
132,1298,160,427,654,360,523,161,1380,0,515,3479,820,663,495,169,347,282,127,367
10496,408,584,891,45,1326,1268,754,404,784,569,215,2565,577,33,562,514,2296,1979,997
1960,2664,99,3175,384,644,381,1125,60,1084,108,318,682,1383,503,1379,1,185,1783,294
216,0,2443,185,104,894,883,1556,265,697,913,689,185,973,316,599,1986,829,500,730
0,216,430,401,526,1588,0,966,293,624,153,249,80,515,1201,1067,4,806,77,164
4603,959,100,292,454,371,1809,1127,1346,745,264,617,1610,2203,283,131,188,399,1137,76
426,562,1569,382,309,646,1511,1845,970,434,1374,1111,2220,1755,1060,1300,118,1054,1378,1904
9046,1501,1117,700,424,795,165,306,2975,185,1595,44,67,615,218,137,7588,2033,134,0
779,590,802,473,0,647,2645,1060,374,223,316,0,374,166,997,1341,651,1086,671,349
748,4233,595,839,689,994,4091,1629,359,309,908,1453,860,153,340,1695,2857,8077,536,234
