-1.6204136610610291,-0.003666826795065101,0.94061779090392,0.853136149742695
177,48,425,734,38,65,172,66,2498,1137,1752,11,179,621,2,128,247,474,152,287
716,707,465,1466,2032,1100,80,73,1104,1391,317,19,1282,65,3277,190,3321,671,1143,7
2505,585,488,269,1311,12,2924,138,44,501,211,108,4800,795,846,6,1720,112,580,1
466,59,2809,326,245,1,435,93,112,1289,1,1848,6949,92,67,298,1450,544,75,2915
3,297,706,3748,205,31,3629,246,202,39,548,1,1584,4146,1618,1438,1448,214,9416,2022
29,131,1249,77,1717,652,134,169,787,244,850,136,998,220,843,120,1131,291,685,1
843,925,1360,227,5,203,9,463,93,163,1991,4,42,739,844,226,20,404,1648,365
1234,366,19,294,309,1607,3198,0,1322,513,404,632,10,99,1228,6933,23,165,28,179
723,156,293,1730,309,14,1128,1431,6203,71,140,3678,853,1056,1317,2,458,1256,2277,2982
262,460,166,254,1023,287,4,405,22,1027,522,2146,1411,4540,1012,98,63,24,149,3446
4375,481,199,125,1,652,1465,1111,48,103,2,1,13,58,513,6901,984,347,1788,1649
3,733,1009,1751,1430,256,117,1479,796,2017,1,3694,115,887,194,536,127,152,1617,24247
42,5,166,129,695,9,264,3610,172,474,144,758,83,300,42,509,2730,70,259,801
4301,3148,287,3922,394,63,4,6025,133,2179,1831,1065,1818,202,157,2273,10,610,420,594
1850,5,2673,682,436,157,102,162,31,341,113,2,22,323,262,7,10,1527,709,164
633,112,677,59,2007,840,1238,35,356,231,77,711,53,2529,417,186,538,53,861,2
914,0,566,344,846,98,351,56,453,142,0,47,649,475,1919,1408,500,151,332,827
3999,2272,2348,4739,0,40,428,14510,20,29,177,378,177,574,815,343,874,2,2063,2314
443,311,456,444,493,15,300,518,2349,859,25,1407,4661,121,357,31,2344,2148,236,71
3,3595,4180,50,811,1129,400,0,5,2784,691,1050,443,1785,145,1575,318,402,4846,34
