-1.4140647878164985,-0.0027743976968177225,0.9907108111735335,0.8473197871561828
342,685,5885,110,574,1233,577,161,10,18,550,51,9733,271,2627,77,929,50,1244,3075
1284,149,727,116,946,558,171,51,194,27,152,6,1021,1135,208,482,1102,1387,67,33
0,2701,609,2388,779,1379,520,4671,4993,1042,752,1713,2135,7,232,2446,2293,0,96,83
906,746,440,1395,825,68,13310,78,37,18,677,653,4043,1,54,732,406,1365,14,123
1012,69,183,1502,1040,808,621,123,109,50,410,599,82,1048,2835,5,130,1886,6059,633
149,123,407,10,134,1385,814,272,1067,1181,995,700,446,164,1065,216,600,94,712,1096
479,3220,573,656,83,0,2,682,79,1756,465,1271,194,40,1333,242,106,728,565,1173
132,5125,1142,22,1651,2122,25,13,1204,746,62,34,53,17,1,238,131,2,584,553
4792,293,56,968,141,230,2129,12,439,546,269,18,775,243,35,652,12019,491,2523,59
895,245,68,96,714,0,1459,702,341,574,73,1128,71,466,270,55,211,298,185,73
956,63,146,982,198,582,3561,1435,166,293,436,1267,72,116,51,246,601,384,157,10711
158,1397,940,2906,350,546,158,43,3661,265,362,0,962,1178,4746,525,391,292,107,13261
597,842,718,2248,271,2798,170,933,332,369,81,1979,312,530,942,854,2019,908,0,293
57,107,91,3067,201,615,1,961,64,1278,2410,772,2123,10,116,64,205,579,628,112
679,310,1008,26,57,389,53,429,213,125,594,361,606,88,102,59,173,1248,682,0
503,772,223,886,1421,1782,102,313,476,240,417,559,828,308,2805,220,218,250,1017,321
316,8048,161,229,1801,167,56,115,211,272,262,131,3,437,1138,512,932,742,3942,714
942,97,14,2841,941,63,355,1392,773,126,69,17,1881,156,487,427,10134,1805,1080,304
2486,1126,635,1747,0,559,2390,600,2,138,888,550,2197,1412,210,663,120,241,4829,369
3548,87,403,720,1335,20955,977,473,149,189,58,2108,27,1465,612,1027,0,2356,145,554
