-1.5218087989625657,-0.005700780853200245,1.0010741899306816,0.852902372267234
11,610,4506,91,614,292,255,22,680,1025,74,192,3858,730,14,140,35,108,2007,9202
162,246,578,1785,2940,1827,66,4896,59,796,229,112,579,386,184,202,6782,2197,255,655
7544,10,184,915,3976,72,316,2142,270,419,402,46,331,16,631,983,1375,528,3,403
341,23,212,3022,170,965,967,6,1119,159,122,163,7581,66,238,808,2391,259,13,320
16,573,190,382,147,954,1061,0,282,23,169,44,197,721,75,2257,22,211,6461,8058
2,246,109,49,1011,1658,3817,607,128,106,254,89,914,919,320,400,1056,2259,193,184
561,472,156,406,300,2036,883,329,401,901,2401,543,33,1052,8,63,10078,489,3841,509
1042,485,8334,437,1031,1579,168,156,1534,933,6,639,84,6,1,913,316,63,269,207
3342,100,137,2050,1802,313,1374,2235,1233,0,1849,40,1341,1056,305,6,63,316,3394,0
6,616,6,1549,817,935,179,139,3,681,727,2074,208,1925,78,101,72,0,436,1820
317,281,365,1679,735,1187,1828,0,0,915,201,1,13,291,505,1324,440,247,61,2321
375,5801,49,314,0,1103,2,893,160,4806,12,206,40,181,581,106,9,2951,562,1043
203,41,254,3,304,1016,1555,335,130,1824,621,327,17,811,925,130,1663,284,351,182
1003,55,93,220,18,172,21,1121,362,1518,3335,0,3131,650,1142,336,4,732,1591,0
105,456,660,782,79,0,434,480,1928,67,1958,10,61,326,264,1296,274,3513,276,259
258,10214,64,2013,2370,447,81,843,320,569,1721,1524,4,771,540,49,69,1045,1263,90
4050,15,137,15,2541,1435,292,27,0,621,51,247,61,244,635,2490,540,88,2049,893
1848,6,1314,2957,743,579,295,684,2648,550,172,104,886,13,959,127,710,76,2362,1402
0,927,1691,6,78,685,105,111,2790,40,150,196,2914,466,445,303,235,670,64,375
407,3573,964,411,476,12753,231,94,624,2693,787,451,59,14241,18,3562,309,3844,111,3198
