-1.6394942574148195,0.009070367687885229,0.8539664688731543,0.8869271588553885
158,637,9,137,725,130,72,69,1618,1830,6,93,1273,1788,181,2713,181,353,1021,875
28,107,816,1266,5,500,720,684,455,15,3602,49,525,2407,1683,1575,2323,22,25,713
704,847,119,45,327,420,245,1718,1922,1436,165,4577,1589,1735,161,234,255,1230,319,421
39,765,491,7,247,3,171,616,1180,2274,1143,213,419,42,1108,1129,0,50,54,77
1,285,594,115,4,720,632,3117,1887,238,776,867,2008,2913,70,5428,22,4145,5128,2
117,1,1547,0,532,529,304,299,339,91,48,198,51,1118,2166,7830,703,1126,1348,807
922,5,1237,5,163,78,2408,1165,4810,3430,1275,5045,2451,2367,93,84,1508,1,995,1008
2184,53,899,231,996,215,5277,36,150,1170,237,565,438,178,15,93,860,1028,728,310
703,136,3204,21,1007,96,2840,742,2287,13,2344,2064,95,968,3809,837,0,2450,307,518
4,844,5,229,42,16,1217,197,151,1296,2004,5,38,2846,115,3666,535,1011,626,5
1581,46,417,6,2042,1022,1347,1698,1,1096,0,2574,4,1476,23,629,67,700,3269,83
47,301,30,220,3932,235,3123,520,180,896,1,0,2568,2746,406,492,601,410,139,1
1367,1103,584,1,1322,1593,1664,198,25,729,4436,1908,54,4048,1476,7355,261,781,217,60
5,31,323,0,5539,438,2693,1376,1291,2540,4094,875,1919,1421,43,171,1806,1400,154,361
3982,814,1894,1098,1,705,2075,1166,74,526,1272,515,270,1,102,2111,4114,1,945,2
240,319,464,3418,192,4,20,0,957,2,3096,297,2577,431,3860,2002,2612,1744,1,13
1467,641,1,23,358,1098,688,617,111,39,603,373,1,56,2489,807,1688,3045,833,5340
3797,240,56,1,614,1186,19,4096,476,140,16,897,247,619,1685,1681,7149,16,3,156
1335,96,151,240,0,2867,1,117,871,2,932,1040,548,2356,819,90,198,427,2407,294
92,225,90,60,186,918,748,261,1361,415,1098,53,1079,264,1331,1544,0,396,990,927
