-1.1831200429185829,0.004160685259495701,1.0051990215664492,0.9009555117362735
44,878,29,5975,432,1256,1693,1341,1767,1175,309,384,757,1628,457,120,1136,3702,2861,10600
3956,910,2062,1381,696,184,692,232,357,208,1500,1473,892,68,873,3,328,355,295,1309
55,1432,1007,213,161,422,222,162,0,112,357,3116,1320,247,361,1119,598,1200,5719,1332
2051,337,68,598,1055,2,808,1311,172,143,1614,114,2537,413,218,125,948,18,356,21
732,1280,336,280,251,3595,4040,1196,1229,690,158,43,130,1792,1408,339,0,588,1083,285
514,165,522,1028,1056,707,213,254,1349,256,436,787,361,63,414,16,389,199,222,1228
3635,4259,3401,547,258,278,231,380,56,0,360,194,98,130,261,3905,1968,83,436,4112
1625,221,3836,978,785,733,629,74,176,1905,1008,1786,1536,321,6,32,180,224,3583,174
1151,147,233,1145,653,270,742,597,145,225,2172,1543,165,61,215,574,1823,1068,2155,143
854,213,31,732,1121,524,611,200,17,253,217,96,91,1843,2477,462,931,431,1167,526
128,2374,554,200,318,1066,524,364,408,469,624,1354,1245,231,1035,476,314,107,375,865
5568,479,402,4,0,24,2784,438,55,574,1186,221,666,327,197,435,99,914,219,243
0,4112,681,66,512,690,649,52,1262,1942,2001,695,2831,391,136,652,1900,2006,408,668
606,2923,1680,142,2503,93,535,2363,0,805,413,533,1135,3446,90,779,1795,400,790,56
967,1496,220,58,1348,3398,90,1378,242,390,301,87,126,996,343,1008,599,1280,954,115
7221,158,48,1090,18,348,763,104,1138,7183,234,865,584,1248,127,181,296,377,617,995
140,1737,437,959,2,89,346,815,2607,356,1280,4631,13,871,651,2250,289,511,1806,300
3769,1232,2649,968,1090,739,63,2029,1431,167,2191,2752,581,78,249,786,353,375,0,710
255,1253,971,1435,20,499,2227,644,170,756,258,829,72,307,1914,379,31,1392,6504,2128
2396,3388,1338,1194,4865,1210,7,814,54,5100,1619,0,795,1077,190,1502,1370,5075,568,0
