-1.8918470673104155,7.89572207881764E-4,1.0003398938941257,0.8435190049475578
1057,1427,1059,558,27,120,10,961,132,1,2218,2,3202,130,4,16,176,287,150,10341
148,84,637,2273,1079,2498,122,74,230,1576,238,8,459,4763,3293,74,3048,52,6,3824
7320,403,776,1956,297,216,14,260,472,1302,332,142,999,78,700,155,3769,77,4,1
10,221,1255,0,329,1,837,3,930,510,1,485,6933,55,341,1412,3158,1791,1,4457
834,299,510,1691,0,22,1331,131,455,20,61,1,15,3171,74,1346,1,61,6394,2548
3,5557,1257,16,201,342,1,209,924,413,885,0,786,981,410,117,94,2456,95,9
3625,1020,19,233,2610,604,282,691,431,2419,1248,3,33,249,702,119,1,553,3807,0
1021,2056,4,0,376,2181,2296,337,2549,1902,80,77,3,1,576,6978,2900,46,800,2
3878,759,24,2193,5,219,1497,1981,587,165,1,1141,724,5481,846,120,608,102,1274,856
16,555,33,678,586,605,116,217,2,835,3583,1080,1806,965,1645,104,1,2,145,3911
1816,616,162,767,2,653,1734,2,171,3,10,1,126,525,1036,2375,377,947,10,673
932,3757,20,667,66,993,107,1327,169,1780,313,1133,45,709,537,2778,1428,90,2452,0
2540,89,426,1,679,5,89,5,27,20,0,724,1,190,224,10147,6641,106,343,2
5273,3,191,4161,0,3,1,1100,138,1404,2239,2102,2102,819,314,1016,9,1316,1336,962
2,4,251,63,1,0,519,132,178,602,101,344,28,71,21,16,234,1518,19,31
1646,6,413,19,212,1041,815,1,21,610,933,272,75,1262,311,567,70,1272,1038,1
1904,25497,188,19,0,865,67,82,79,177,32,131,95,557,474,1357,853,129,921,285
4027,1027,2303,1097,1533,36,286,0,195,8,398,4114,19,1461,2677,105,1875,6,4224,1718
999,0,1665,2,205,27,406,346,64,113,53,681,4272,597,391,468,164,856,3637,120
214,716,2689,567,1001,907,452,560,2,2952,0,1075,352,1908,3,3431,62,2011,1122,1306
