-1.2656753250663744,0.001942682377188216,0.8610978339381249,0.8485806488847718
196,265,1191,1072,301,67,304,134,176,1064,242,269,181,610,1095,908,7850,263,337,1208
1214,71,194,1303,1219,248,373,6,7,404,569,7645,0,47,2423,2182,725,2320,260,523
30,1986,4034,565,778,50,24,424,2118,1562,803,60,493,6461,113,23,213,678,232,433
508,175,626,760,121,545,2253,3035,883,1106,2300,79,11274,79,905,1069,6,380,0,187
658,736,238,246,230,600,210,1093,236,756,49,1728,31,324,340,889,991,127,602,171
252,1852,1762,1174,48,728,793,178,1384,179,1434,10694,138,0,48,12905,815,94,170,582
48,2122,154,284,8,334,136,74,4803,36,0,554,31,373,1297,1427,417,248,175,390
255,208,630,137,216,273,10,600,373,1956,2111,0,204,1300,44,24,1648,242,6481,0
145,536,86,1112,1005,2147,114,795,102,96,577,23008,352,41,1639,2013,1077,59,462,2121
795,997,304,924,1644,305,375,187,1304,2400,613,1315,203,1725,680,252,630,1474,1815,16643
2149,1325,645,181,489,7,1266,665,1041,460,2555,2307,3167,170,1281,584,85,298,97,299
26,5943,56,0,111,3026,108,351,664,79,319,339,242,0,1040,38,940,109,1000,1428
522,19,1114,39,206,20,447,658,166,1195,0,1029,3008,175,1705,32,566,326,312,1169
2387,1207,959,651,319,24,626,0,174,1076,1399,933,623,1175,6702,354,181,2179,2956,270
593,217,163,128,1708,248,665,282,1454,633,171,115,579,736,431,1115,0,153,317,2850
158,137,19,104,366,395,68,0,953,2897,124,0,0,2680,694,1257,304,420,203,288
1502,254,1712,211,230,313,84,2617,85,1201,152,9924,457,537,162,0,463,528,0,490
982,109,575,85,443,0,340,269,1150,268,518,445,28,735,1968,8,1914,364,930,402
809,36,326,14,973,199,83,5695,117,343,2546,784,526,64,980,1886,712,287,387,146
0,442,686,426,312,727,1501,431,378,1930,339,217,1004,1294,666,950,259,984,300,1061
