-1.8804988752145106,4.889468092522556E-4,1.0033981836165735,0.8560959881572359
1136,20,5049,2138,1225,97,28,188,150,82,458,1,1350,153,18,19,10,452,362,5866
1049,3169,265,1555,2964,2486,20,128,1,1345,107,273,641,334,2321,183,4921,3434,6,115
5156,428,783,1182,623,51,300,4313,219,43,239,34,80,3,5139,2008,4,804,7,1
4,5,1404,4303,3,2,1020,2102,596,2481,1,575,3,4,110,893,2151,215,645,8171
275,33,772,95,4,4,259,33,30,44,590,1,168,5496,32,3724,3,2690,7598,3341
1,1202,396,24,296,3,55,161,401,18,445,78,554,885,507,54,1330,1505,2,26
925,145,9,4067,5,1001,4516,1371,407,2218,2515,530,31,1663,188,249,269,396,4354,509
1212,2681,4,4,1008,2333,132,721,1059,1779,34,406,3,1,101,6642,60,145,20,3
5003,40,118,1880,1225,456,1451,1899,124,29,63,1,752,2215,1743,310,652,1529,2699,1228
22,263,26,2151,2553,536,8,33,8,686,557,2047,331,4409,1352,165,1,2,500,2444
1612,508,713,322,2,1142,2487,487,163,1,6,1,152,715,807,1231,290,822,6,3189
677,4590,4,2202,96,1956,3,572,193,1312,1,48,197,668,724,2598,1137,414,472,10267
155,4,464,1,408,0,1266,41,320,109,893,622,52,1098,45,33,1930,74,293,2
1078,5,4,2364,378,134,20,73,28,1376,1391,1090,4285,734,125,1492,1164,39,381,453
2,329,2960,1455,128,1201,481,510,7,118,1090,23,102,396,860,50,1308,1937,5,279
194,6730,810,171,238,1074,1780,7,70,101,1304,565,3,0,91,132,1002,620,719,107
1202,5203,73,31,999,244,7,70,437,624,113,313,91,1084,249,280,516,120,1942,376
3954,164,813,2245,1950,216,607,72,593,17,90,3,21,27,3040,183,390,20,2298,633
832,700,144,36,132,204,3363,840,1265,53,346,946,2555,35,787,4,162,1876,3712,60
2,1346,3186,117,1648,5663,183,963,0,3314,776,551,122,14239,54,2418,167,3524,64,2160
