-1.9405061855845867,0.002560783428889095,0.985853217781709,0.8499924290816488
1057,1427,1059,521,27,120,10,105,132,1,1681,2,1146,224,4,16,23,287,150,10341
148,84,729,2273,1079,2722,122,74,230,1576,209,10,602,4763,3293,74,3048,52,6,3824
7320,1128,776,355,297,216,401,222,472,577,332,134,999,101,700,170,3769,77,6,1
4,322,1255,0,329,1,837,3,365,954,1,485,6933,117,341,1412,3096,1791,1,4457
834,299,510,1691,39,3,1331,131,455,19,60,1,15,2177,74,1346,1,61,6394,2548
3,5208,1244,1,201,408,1,209,924,413,885,0,786,981,410,117,0,2456,3,9
3559,1022,19,233,1910,554,197,767,968,2163,1248,3,33,249,702,119,1,588,3807,92
1021,2056,4,1,376,2181,2296,337,2727,2232,80,77,3,1,576,6978,2900,9,1,2
3878,759,24,2193,5,219,1497,2026,936,202,1,1141,670,5481,846,14,608,102,1274,875
16,555,27,678,586,605,116,214,2,0,3583,1879,1806,2564,1645,104,1,2,148,3911
1816,616,162,767,2,653,1695,2,171,3,10,1,109,525,1036,2375,241,791,11,1116
933,3757,28,671,66,993,107,1327,175,1780,313,1133,41,709,575,2778,1428,90,138,18439
2540,2,426,1,679,5,89,5,27,20,240,724,1,190,224,10147,6641,143,343,2
5273,3,191,4161,0,3,1,1100,138,960,2239,1744,2102,772,314,1016,9,1335,1336,962
2,4,251,63,1,0,519,132,178,600,101,344,27,136,915,16,234,1518,33,866
1646,6,413,19,212,1041,815,1,21,605,933,261,75,1262,311,567,70,1272,946,1
1904,7274,167,19,0,865,67,82,79,168,81,192,95,333,474,1357,1709,129,922,285
3939,1027,2303,3153,1686,36,286,0,195,8,576,3529,19,1461,3549,105,1875,6,4223,1718
999,6,1665,2,205,27,244,346,2378,122,82,681,4272,597,391,468,164,856,3637,120
53,716,2689,567,1137,1492,351,560,2,3163,0,1162,370,1908,3,3431,78,2011,1680,412
