-0.7547428885196296,0.011182074877086208,0.9995345957793774,0.9518727919656104
911,3251,1818,743,1776,1301,249,469,771,808,1097,3408,77,456,3309,2179,1352,2217,1377,12918
519,2013,433,968,667,545,929,658,724,1219,717,1245,2335,403,647,986,507,243,2195,1776
992,1136,391,806,0,613,1234,2343,646,607,509,1158,1705,727,681,1388,965,2038,1181,847
2680,998,130,821,304,607,1961,634,1153,300,1221,1082,917,225,617,494,254,1802,1484,1493
1964,534,407,771,120,388,412,252,335,605,476,977,2382,2151,423,754,162,126,916,1530
1541,1668,452,398,514,725,358,1736,592,1561,16,1407,891,2696,1069,1619,551,1438,675,346
888,2860,981,749,376,1041,574,824,6,1051,1358,1046,62,820,1116,605,1110,809,162,665
2025,0,1676,90,820,2038,863,372,815,952,405,176,2191,1563,184,1010,631,425,11,0
1683,1180,1357,1507,1154,1501,1847,445,813,292,752,617,1102,292,814,359,1300,1012,657,107
195,565,534,1740,883,1660,16,627,826,1176,577,53,281,655,164,737,152,196,2168,182
1392,1781,1839,772,686,932,1152,1142,2313,453,297,146,437,344,622,1285,479,2277,728,877
1087,1404,727,543,475,668,719,1061,773,294,853,826,285,601,800,266,1660,1838,5,1711
364,751,623,882,676,478,153,515,541,871,96,153,1582,826,250,560,1211,400,1561,892
1614,435,2869,400,216,317,248,783,892,955,640,237,1288,430,853,566,179,683,1240,1201
2259,874,1148,143,556,12,470,590,670,490,435,953,970,1749,876,1439,789,2822,374,1054
1341,472,1573,73,1158,497,1225,725,725,1157,787,300,1938,2586,13,705,534,833,1168,2478
947,1714,949,1655,1865,679,2800,131,574,0,1035,834,1154,1952,218,1151,502,877,1147,962
1869,1062,1406,567,223,184,499,1515,554,1994,971,697,339,810,1071,1289,1518,855,2624,888
1374,1085,1034,327,627,1207,1019,419,1541,583,15,240,2685,935,1079,192,821,961,1426,1362
2918,1083,1060,1693,358,585,1057,790,1377,845,3329,750,624,1007,359,1643,691,1976,2652,2131
