-1.1019931638682277,0.0030782438311905062,0.9922448722533214,0.9010198722005422
161,878,1128,2134,426,235,1454,1274,1364,287,1071,43,223,1623,930,348,2013,3702,3144,13141
3710,106,282,1515,386,82,0,3655,229,73,584,1180,220,65,838,58,214,518,129,1229
786,88,926,259,1017,218,512,694,1122,1631,193,2854,882,377,510,1181,454,1413,5629,693
23,0,1048,635,1083,393,189,2393,122,38,1007,0,2180,76,1937,390,1440,102,2947,167
338,226,1179,110,759,1853,1726,17,317,1847,256,761,130,581,110,340,524,1584,1397,64
1201,329,0,1468,635,1731,1651,320,963,1001,436,136,493,31,530,0,1603,563,580,623
2196,101,1677,845,2921,1633,235,321,794,4784,713,210,319,893,652,422,2221,350,821,963
1540,428,3819,821,890,461,0,861,98,1798,342,932,1266,292,82,282,18,295,3574,318
1449,49,191,662,720,1245,206,596,72,461,1526,886,289,413,245,485,2154,746,2103,114
190,652,122,953,865,524,286,406,412,0,635,40,306,1480,2352,971,863,463,720,528
295,1055,554,0,684,2010,442,419,815,0,624,892,1624,152,16,1894,354,596,59,104
1839,469,1204,520,1018,119,1401,0,91,1254,10,224,0,462,331,400,4566,672,0,167
3528,1809,429,180,512,506,211,310,1605,1942,943,0,816,2101,261,637,1215,557,1746,190
112,729,2090,0,1979,6,431,4900,18,822,253,325,1314,3511,810,151,1139,226,557,82
237,1292,695,826,2413,621,1501,553,127,418,702,431,136,827,322,2271,1976,1168,800,780
7403,158,132,222,9,277,2425,180,1962,7183,785,743,556,519,137,164,73,272,449,663
2252,1188,344,1583,347,522,386,815,4597,689,1171,3429,245,271,796,499,197,940,2932,0
7266,577,2937,2,209,354,91,2905,2032,495,2086,2773,130,205,246,948,0,1523,1122,47
248,783,792,592,41,463,2713,515,1516,0,698,1209,68,66,2032,0,59,1323,6199,297
1818,2498,1791,636,4961,922,872,368,135,3746,853,245,653,1209,0,2360,1370,6922,82,84
