-1.1068766391561875,0.007641321629073094,0.8447506145635562,0.9012192743711794
889,0,408,2422,2083,1121,917,1276,1395,712,289,2154,104,780,538,1155,1553,24,361,663
665,84,271,560,406,250,546,2127,770,1079,584,218,224,2779,187,267,243,4927,998,294
774,1132,293,152,10,624,23,1492,1108,21,2253,461,481,80,14,499,2268,116,42,262
170,145,123,540,2768,326,3634,548,11,457,990,1403,1587,654,252,2602,619,1031,612,1160
413,1911,305,362,411,1395,1396,2146,1191,117,924,13,491,17,840,570,0,1358,295,368
1396,151,277,1370,798,2135,1697,195,731,366,1720,2355,1083,768,257,1201,301,658,1233,1154
543,191,137,360,335,1732,83,1994,258,8840,2228,2425,71,974,1166,1073,988,14,617,1099
607,187,320,30,299,684,2775,1079,5472,175,1775,2473,3217,1776,457,268,223,357,397,50
223,668,110,215,307,345,1867,32,12110,1067,359,1930,2544,1229,1041,1009,171,84,614,746
2857,1316,1694,334,1283,456,2479,2593,1199,4,531,908,647,118,673,279,22,161,1280,883
134,603,951,508,499,477,305,1285,3338,6624,446,1058,1395,1620,1504,272,451,959,442,1011
519,369,669,728,792,507,17,1486,182,502,2089,5361,66,678,616,927,2047,241,84,1817
2255,39,679,1497,291,146,1086,108,273,169,5555,469,258,184,1637,28,898,186,560,617
134,639,901,551,162,1022,46,1569,487,1811,2223,669,1623,460,699,1728,127,1086,427,524
3142,724,725,476,1621,233,310,120,1267,67,937,645,276,2105,4319,135,1511,438,1405,1471
128,72,160,0,1487,686,436,712,41,761,3065,384,121,1270,636,214,212,187,441,971
611,1100,0,63,398,1020,122,1759,4780,2244,90,416,4431,615,17528,0,168,125,965,506
437,0,396,2014,4465,1819,496,1475,59,46,77,1057,1297,72,25,1717,1287,873,1028,1899
247,449,1510,1349,1288,654,852,313,34,200,157,681,930,146,356,932,2680,618,300,24
321,382,530,8,205,615,757,2270,203,489,1739,410,1896,685,466,172,559,690,333,1610
