-1.497573928508959,0.0013313853102067616,1.0071099756262198,0.8530227771576523
2399,110,3101,294,451,396,2733,928,148,105,299,1046,1,117,1047,243,87,14,325,4646
116,512,0,2414,3731,215,61,1170,218,808,147,2014,310,735,2183,1149,7157,329,25,191
1454,188,403,1632,601,347,74,7,152,69,873,156,904,0,963,545,5317,903,3,249
10394,227,925,3835,322,12,686,424,1027,359,1757,454,19,1401,2091,1607,1410,33,108,1340
423,686,2040,0,126,126,2525,842,495,31,13,703,22,1334,0,438,979,541,560,1098
102,401,449,892,629,295,1405,456,94,251,301,565,512,600,65,107,1489,311,11,5
1333,297,1542,14,6,1319,643,143,21,1503,0,19,11,1914,354,27,707,682,3169,95
753,13,378,26,0,4083,459,5490,114,1853,55,202,392,86,8,8163,1586,418,361,2297
657,233,161,347,507,46,218,1291,2921,191,8,0,138,2564,102,340,1699,207,417,1781
28,336,11,171,989,475,367,13,46,604,32,1355,105,0,107,635,69,343,974,2021
298,0,0,237,50,466,2190,103,70,1732,458,1129,22,365,5760,233,141,193,1955,2710
164,6248,16,224,280,502,956,1448,445,16,306,1506,6,391,844,818,68,247,208,11828
1958,4,435,449,716,421,1149,506,228,1595,220,846,267,203,950,681,1393,373,2742,56
2090,132,107,25,102,99,5,145,18,174,0,24,57,63,87,43,2270,183,1236,280
1344,650,3345,3718,510,866,540,272,334,300,193,556,66,1061,595,5,723,1200,5718,1734
409,7400,147,77,62,442,31,299,3412,77,0,732,61,508,55,334,123,111,413,97
83,6367,688,294,2946,1126,1706,13,79,8402,571,749,1290,101,1124,8311,179,0,5226,5
515,72,1562,4065,2241,229,322,53,885,1158,18,6,474,420,563,170,598,4,4212,194
7307,292,146,621,148,1154,3703,347,1443,216,1853,99,2341,1130,637,152,68,195,10,1306
268,2860,4993,957,384,13694,1412,1240,146,172,0,37,2116,108,562,4887,168,2220,72,1116
