-1.5618404238378907,-0.0036294572694422524,0.8483692971232438,0.8496134665605922
1348,0,476,1350,223,954,597,172,1,364,1117,2,1468,54,1629,47,1850,10,560,0
1791,1796,681,454,1423,4424,29,249,325,359,16,2747,1160,53,809,1222,497,878,136,1942
91,0,1530,1055,6,0,1089,1255,1048,566,11,1264,0,1650,291,1539,3068,1147,326,1934
369,208,107,726,20,885,411,1786,608,61,344,1085,146,1272,16,2919,4866,162,17,76
284,2652,1411,210,954,1415,1388,131,4051,82,64,736,443,78,0,65,258,494,364,23
402,475,1368,123,1,785,224,485,6140,1778,1875,196,48,312,1032,539,184,1161,13,277
310,1154,434,2832,55,1432,7,253,92,1087,279,1298,136,58,122,138,640,945,6301,372
859,59,9,156,782,1710,86,346,4524,70,1784,1418,1524,2812,3064,9149,21,1796,182,814
54,97,594,121,956,354,466,86,50,784,8,24421,337,64,1105,1978,310,868,2431,100
1110,1459,1378,3,200,1425,504,372,3594,2317,16,22,789,6433,695,242,1897,95,82,8757
59,1855,0,214,236,3080,1,8607,399,1,4973,246,102,227,278,265,573,119,446,74
1357,4781,99,2858,1418,2325,1407,565,39,643,569,28,1312,188,632,522,169,28,656,1032
329,225,506,3,212,105,1469,1055,6,234,32,2211,2281,947,453,10529,40,1752,0,501
21,444,596,1299,2285,824,343,1764,545,4539,30,11,127,47,11,238,211,16,556,85
467,5,1165,1935,953,861,1467,1255,98,1345,50,214,694,1969,44,67,1537,187,95,414
7,146,51,143,109,69,1316,60,173,4318,1369,12,2154,185,1672,95,1204,1470,15,1590
66,24,2171,17,103,0,327,560,129,37,1,1451,259,70,201,563,777,884,167,409
200,997,134,132,3862,260,291,651,87,670,217,23,132,1051,2280,489,216,543,524,46
567,742,470,156,8,40,4835,8,2105,844,518,154,5,246,806,3720,13,289,74,23
48,1012,177,1,563,795,138,248,36,1208,10,11612,56,623,420,3646,3,2884,396,227
