-1.4115019527464505,-0.0010916464623845024,1.0016930530672523,0.8502554167202813
342,881,5740,58,508,1233,0,398,791,70,754,6,9891,199,2004,352,924,50,1948,3877
2029,185,2069,2490,833,1313,643,282,195,270,201,40,1509,1141,208,570,329,856,168,19
9636,2167,604,2388,916,1647,520,4671,4993,986,744,638,2069,26,232,2572,2469,50,64,60
886,1477,255,190,1034,73,13278,78,114,48,445,158,2598,27,54,920,494,45,14,143
1012,69,207,1446,1653,752,293,123,56,1071,45,599,16,985,1380,158,130,1963,6055,417
42,699,281,0,724,1385,809,237,1067,1244,256,9115,366,159,763,148,1331,249,2312,1012
458,2369,2468,668,83,408,2,597,79,680,436,1420,407,140,158,98,107,751,51,942
125,5324,409,24,1749,2478,121,187,491,985,1121,173,54,8,1,431,131,68,584,928
4760,124,11,968,0,234,142,12,486,412,20,64,1250,240,35,429,2460,391,3828,80
765,245,216,24,351,0,1755,702,321,917,108,110,71,28,270,55,182,298,186,154
913,206,541,1359,176,510,2111,1427,166,293,721,1225,70,112,0,247,731,218,371,9111
133,1226,716,2906,137,154,230,73,3988,265,125,717,318,994,4659,204,391,40,195,13261
577,63,698,1998,0,2404,653,1151,121,281,81,2172,312,119,950,854,2182,637,182,1377
18,96,39,3067,353,654,1,1233,61,881,1386,772,2107,0,116,1,1,277,0,112
840,0,794,16,57,389,110,176,303,125,1090,339,440,298,769,215,443,1314,763,0
533,772,245,832,1811,790,770,222,33,303,519,387,881,760,2987,378,687,339,1048,367
37,7690,52,1002,3069,189,11,120,1087,254,262,0,3,437,1516,496,879,623,3180,59
551,18,439,2455,1235,63,304,1392,980,270,79,22,2135,131,476,242,2501,1823,798,255
2047,1395,205,17,95,711,2371,613,0,1060,628,550,2227,408,203,1440,119,379,320,538
3563,80,9,704,1448,20935,925,598,1137,180,58,1792,324,1809,705,6487,9,2356,137,39
