-0.7345191355771472,0.00807821129162646,1.003403868939139,0.9495928113001146
1293,3251,1747,720,1897,1313,748,882,1126,686,1209,3408,1728,456,3309,2194,1433,1069,900,12889
171,1717,1520,1333,810,426,556,936,797,1219,697,1159,2359,291,647,599,690,117,2273,1450
992,1715,642,650,0,1410,600,2102,644,489,509,1607,1705,727,681,1399,580,2038,1181,847
2949,749,130,638,0,500,1961,688,1089,837,1432,1020,837,806,617,543,307,1456,1671,1493
993,250,365,748,120,396,433,670,369,605,364,977,459,282,859,560,1167,159,335,193
1168,1668,667,177,349,244,0,1896,225,961,373,931,891,1940,2220,1545,416,2763,561,354
1149,2860,638,2088,282,1343,859,824,112,1107,1506,137,326,716,1116,324,1110,809,88,518
1733,1774,1676,90,676,1809,807,372,961,860,705,176,968,1623,144,897,202,537,271,0
1683,230,1399,1386,511,1781,1847,445,743,292,477,1244,1017,292,506,133,1375,1171,1596,1311
224,565,233,1684,1675,0,16,434,619,727,298,57,1186,744,125,910,152,135,950,182
619,1781,1296,1355,591,932,455,1127,2380,276,297,146,438,348,678,1450,497,2523,580,464
1161,1783,591,674,343,576,710,673,434,285,853,891,422,552,919,710,1660,1459,963,339
692,751,0,1269,664,1790,568,465,493,1404,169,251,1489,988,185,904,1129,400,1613,494
1458,592,2044,400,255,348,190,783,855,1010,0,237,1288,374,0,532,181,563,1528,854
2259,916,1161,364,4,12,606,590,464,490,493,1919,870,1654,759,1500,1724,1796,680,1068
237,472,1573,231,1607,280,1225,150,400,1157,1519,2623,1638,2586,359,1182,534,882,1168,85
954,655,1726,1655,2284,351,2800,337,596,1597,1035,801,1127,1508,337,1151,571,998,1135,690
1752,1539,726,757,351,1203,407,1515,506,0,971,641,339,1280,908,1289,1518,720,2721,3318
1463,1144,1054,640,599,1564,1073,419,2589,522,20,240,2685,1026,452,208,371,942,1351,1415
4104,1110,1142,1956,990,585,1059,857,1649,1238,2162,709,544,1874,1450,1785,511,2132,2685,1476
