-1.060668312658495,5.136032613336646E-4,0.9774383428485545,0.9015747109160691
1522,453,443,224,1186,199,1145,275,182,1558,224,6,314,1358,73,2648,2314,1004,2117,12207
395,1161,38,112,586,31,296,61,306,720,140,1727,1137,269,1728,359,657,50,682,789
1128,461,0,392,133,285,1209,286,160,169,1569,512,1154,0,464,4493,937,6492,4212,508
0,2680,975,180,942,116,740,2497,926,199,3768,272,9713,149,82,356,689,466,3,1042
331,729,137,985,639,2625,1394,2330,3,1476,996,1559,222,376,632,1269,196,1315,295,573
262,2587,488,1338,720,2253,133,904,278,782,473,468,0,413,480,0,2296,1035,755,4358
1176,456,3332,629,722,1948,477,164,583,2182,306,326,5104,423,123,156,56,153,270,790
1279,222,181,3064,299,130,1391,492,613,455,441,265,645,166,218,411,1540,308,896,1039
157,722,183,296,3227,324,48,1460,428,773,501,459,2529,207,1,769,246,233,1211,732
525,260,355,610,1382,35,182,1702,1350,0,1610,128,1591,1805,752,232,149,400,440,340
0,0,717,597,785,897,902,736,2850,242,362,308,708,450,216,1259,726,366,77,295
8765,264,278,363,506,495,770,982,374,65,515,653,1146,1081,223,578,308,602,1669,1496
1406,743,387,2886,551,183,1599,123,1070,1242,169,291,174,2326,703,2355,0,1731,783,369
1826,907,1800,283,265,626,1297,532,306,1059,51,111,90,1826,272,144,2440,2333,799,355
1188,1864,102,357,1393,304,2625,2266,1476,336,176,409,491,416,3025,634,0,1157,225,24
4971,652,1964,266,3881,899,311,0,1298,3025,401,2380,670,578,925,0,414,2151,687,850
59,820,1074,1569,70,252,78,1589,317,543,2057,1029,90,886,479,286,2617,2165,217,739
9187,1408,909,7037,0,719,473,83,2466,1722,393,179,670,1731,151,421,6429,1736,541,880
77,641,209,96,1141,709,1790,0,0,418,1627,773,731,1037,519,340,699,936,293,353
1043,2256,871,3043,445,145,2695,886,449,1897,96,1573,921,0,1277,1471,12,3869,482,111
