-1.7849982898786656,-1.6935676828773577E-4,0.8937666480697269,0.8789078262100415
1429,451,309,2393,408,827,62,1,41,476,209,3522,684,473,374,11,300,334,872,326
209,1631,2489,58,2075,214,0,27,637,827,2777,1256,1,2322,847,391,977,3,82,519
2,1479,75,73,825,824,179,23,58,431,5,398,1,3914,839,2243,876,108,286,2114
398,1558,1391,976,3,61,66,0,4655,491,799,66,2153,863,2212,5045,897,321,163,579
73,1154,193,1997,1,640,2045,4,969,123,2716,5,1,3400,1949,7,1,428,146,8
2844,484,3202,50,27,408,37,2081,419,1470,2,4830,510,371,2075,2577,35,7324,3274,425
723,256,122,479,1453,2166,806,16,0,228,1643,2548,175,208,289,1202,2634,3366,5939,478
5686,954,1,70,1355,2127,342,3403,1,103,1,71,2,106,228,40,170,726,2073,530
201,19,357,1196,170,649,3047,742,3604,653,643,1439,8517,69,262,10,3119,2071,2510,65
205,29,174,1652,7,1,1762,838,283,764,711,0,1,434,1633,1600,868,1,1418,745
14,446,44,237,64,24,323,990,39,807,540,0,1,6,2796,473,850,977,2751,1399
1285,3,212,543,1066,2892,4759,1003,544,155,18,800,880,1295,933,1029,9,57,1507,5
42,557,1799,625,1364,2,2193,222,1340,305,1874,4119,2887,18,3058,704,4710,939,151,606
723,2645,2,944,408,482,4315,1723,832,255,89,212,9356,1296,1059,387,3095,1301,2452,607
641,433,1386,23,293,1769,46,5,4616,1171,3,3046,46,13,602,4,26,1,135,1408
60,775,2,320,916,207,2,1435,26,369,1538,1817,10,659,471,489,9,447,0,16
1238,241,1003,7,9,10,967,99,2894,198,1501,334,1592,1,5,295,2615,481,0,15
4705,1079,495,3979,318,5,2,894,1691,3514,299,1916,28,20,117,4,1210,7,493,465
805,3255,2856,610,418,413,5711,1856,272,70,3995,120,589,30,3857,4,1,997,5,3
85,1,174,1438,262,1467,26,68,226,2117,1361,0,199,386,4293,2785,143,281,342,2769
