-0.8572610132704579,-0.002768131438438819,0.9179639275366469,0.9525235437453692
373,527,1096,449,135,367,1522,210,2105,389,463,1123,769,352,252,1109,1027,2142,486,1574
3371,657,348,7,200,1206,340,1041,909,2067,781,1477,1092,59,1271,824,787,4297,2782,637
1408,363,612,682,1382,560,1115,1967,45,803,1330,456,697,33,2121,926,194,33,1145,31
1563,1227,1235,302,1188,1154,940,946,381,445,1767,760,129,1767,634,885,644,1262,888,690
1726,1015,1224,2248,240,769,731,1671,147,656,1536,1335,1833,1580,3704,547,611,22,414,764
2285,30,358,1472,866,1724,703,1590,855,39,1298,1327,3798,2306,1204,1301,578,151,1186,958
675,471,915,1096,194,591,1137,1192,338,13,454,388,1127,726,2266,1295,530,446,917,1066
915,292,236,799,994,898,1149,1613,2798,441,583,1770,418,78,2936,601,2038,965,2518,35
836,636,2921,506,2132,355,1324,101,1956,1806,915,1244,271,1635,299,1548,794,1029,254,1223
427,561,415,201,378,750,453,31,1498,86,1411,561,941,2299,1598,1291,1151,1,381,1530
1526,72,1518,3165,2451,1714,342,885,2249,1240,401,69,2325,1330,2382,270,1583,152,865,1318
711,406,536,1904,1647,73,374,709,582,763,269,542,1333,1395,696,1231,315,753,418,1190
39,976,846,484,777,742,107,1346,1383,113,2269,350,217,199,303,1087,617,2471,405,446
3180,400,571,852,828,206,832,321,338,175,471,1440,1551,450,579,2011,1346,572,550,1677
1295,3,172,154,2661,1187,3882,334,2183,1364,290,252,323,1229,25,663,1423,1432,603,789
945,1088,2664,1149,749,45,970,723,1505,40,1780,1046,849,395,2107,407,852,1561,111,1075
454,823,79,1612,695,516,913,567,583,2184,910,1237,1185,779,373,1404,2356,47,673,487
1,1296,2805,1110,1190,1804,873,1058,2156,2038,1678,96,2036,542,0,1452,264,970,2224,875
1080,2553,849,449,1139,2621,3109,616,2458,1801,271,2728,713,746,740,357,513,533,1066,1428
456,1116,216,1306,906,239,409,1336,405,883,2295,1239,2192,1948,432,505,595,849,79,337
