-1.2972039941860358,0.0029606965714521235,1.0026543289002923,0.8499661975346682
1520,511,2660,2270,518,700,558,239,671,275,281,653,621,1964,857,94,8636,1969,172,1108
1136,372,127,177,4631,594,819,1287,1344,138,96,697,2048,2783,467,352,11169,14218,115,184
485,227,3385,0,313,62,302,6456,72,1293,459,83,172,121,441,398,128,360,1020,989
1203,2277,0,738,690,988,4258,475,188,203,188,842,8945,532,76,406,479,218,6418,1908
16,133,636,234,476,175,1693,68,851,109,0,159,996,70,318,2076,115,588,72,67
428,995,702,4,92,628,3368,215,48,36,152,34,139,394,354,510,2060,224,100,308
295,3302,162,0,398,410,26,1022,439,4560,774,806,310,45,356,912,2029,1877,411,1362
3047,267,867,232,186,191,2248,520,204,384,60,217,1265,425,123,703,463,215,644,4019
531,604,124,1490,61,0,650,535,694,2162,723,251,1267,168,546,19,285,400,2201,1999
1151,706,130,153,377,748,219,555,608,1097,678,488,189,315,218,329,23,278,81,1703
436,32,129,1258,57,668,0,87,558,193,523,137,2121,242,0,232,489,326,36,6914
248,1458,9570,644,0,1359,445,486,124,770,151,1908,128,115,511,262,83,278,67,11998
1563,255,87,205,423,472,1043,10050,45,89,985,222,357,479,311,1489,394,5175,989,68
1187,299,4,533,530,516,979,1434,170,706,28,115,0,44,0,67,213,1460,57,233
425,173,1025,1846,357,11,517,331,511,44,822,263,13,1867,109,63,510,347,152,827
2747,397,2849,491,102,974,1555,2469,0,411,662,634,98,1356,559,1094,188,0,354,83
1159,5656,1730,1397,5646,566,360,12,167,5227,512,23,1343,662,870,889,53,399,5713,1014
550,249,3,119,1609,1192,315,75,477,475,108,960,139,74,304,0,209,65,83,5262
1868,521,204,85,85,447,2030,71,328,992,718,654,125,113,83,569,82,1749,4,232
124,99,307,753,346,2269,104,134,190,1416,316,491,2370,14239,48,5191,78,4246,1829,509
