-1.7234654119420727,0.01051907562086428,0.8472676628961079,0.8828420087733911
158,243,45,383,587,470,71,3,1031,2222,9,45,806,1555,181,1886,181,1268,1399,1408
31,1,96,785,207,41,185,1038,443,13,2975,49,432,827,1664,1575,2310,22,73,158
679,160,119,44,313,432,267,1725,1925,2259,141,5197,1711,1859,28,234,318,1230,297,421
39,1036,491,7,261,3,171,541,1257,1652,1115,213,270,42,415,34,0,1401,55,412
6,948,594,96,20,776,573,3117,1639,3,1112,932,2008,3324,404,4823,53,5432,4730,2
738,10,1550,0,2046,490,649,298,273,95,857,18,16,0,1961,9792,703,1094,1467,1034
7,15,1578,18,170,72,2183,1165,4380,3430,1328,5045,2461,1,144,1148,817,1,995,1008
2181,59,836,231,2384,13,5595,36,144,1513,9,565,338,178,8,93,1174,1028,12,300
1183,15,3050,643,1267,17,2835,790,579,14,3603,1858,104,1045,3926,1236,62,3347,853,371
1,61,121,94,42,2,1176,222,199,1507,1619,5,38,2842,109,1052,535,973,590,5
1581,59,0,6,1147,544,2606,1930,3,2108,3362,2574,4,3276,1581,600,80,81,3269,94
64,91,79,34,629,201,3117,520,63,1688,329,2580,2738,1192,364,139,1289,136,590,1
1380,106,550,1,1249,412,1346,944,25,729,4268,1908,72,3676,31,7355,247,844,218,66
5,54,5,481,4188,319,3033,1385,1291,2540,1521,65,1919,2215,43,600,2295,1400,13,317
3607,68,287,1843,8,640,2075,1429,3,526,1272,813,270,1,171,2111,2530,1,1325,2
3035,319,464,2969,298,4,12,4472,4,783,2697,475,2498,460,3901,2002,2612,1820,1,16
1435,594,3,28,769,109,690,617,509,266,31,127,1,94,2475,1585,2020,2481,424,5126
4138,228,1,4,609,1232,20,3806,818,149,26,897,222,647,3019,1822,6996,15,33,1
505,86,151,240,195,2207,1,117,911,2,109,1610,442,2438,582,14,198,427,2407,301
92,1279,90,76,186,842,787,1007,129,415,1098,53,2,230,1329,1455,0,844,990,1036
