-1.4620041642593695,-0.003972118260876976,0.8466056950284329,0.851179493085126
1363,37,428,2773,730,1912,374,37,54,116,951,1,1468,290,1201,63,2252,6,712,0
1423,1039,1001,50,1746,4424,325,541,225,419,27,3150,1128,95,395,1122,1430,619,169,28
77,0,982,249,43,41,12,966,3997,0,155,1239,873,1466,411,304,3508,236,491,652
357,54,111,3771,12,596,399,1130,1783,0,921,1643,165,191,9,3106,1075,421,2208,52
470,2578,2013,130,737,243,555,164,288,59,180,791,354,112,123,618,231,463,345,8
848,475,1487,295,4,785,353,306,4668,4796,1713,145,425,675,542,445,204,1176,9,134
445,225,490,2542,39,1234,9,380,81,898,163,27,325,197,73,52,119,951,6395,395
527,40,91,80,1059,583,38,413,5400,208,1614,1786,494,1842,680,9395,21,1475,286,1039
1492,198,567,96,792,316,1874,82,1,1043,274,24421,274,65,1433,2481,38,875,2241,133
1000,0,1191,25,34,1502,194,1335,3931,2314,105,4,35,5838,106,195,3,115,31,9162
128,1435,1618,1816,278,3249,203,9662,351,113,5135,136,283,287,909,446,863,171,227,48
335,4338,422,2834,988,2162,1323,539,341,2918,1166,203,641,107,676,208,0,224,160,2142
299,986,469,4,113,104,2531,923,2,28,128,2182,2348,363,388,10299,14,869,683,441
167,365,123,1609,1562,841,774,2651,579,2869,0,0,80,1157,30,544,407,20,1432,131
110,0,317,1754,634,1244,385,658,334,1614,201,101,319,1724,62,111,1620,253,199,361
7,456,304,190,228,69,1213,121,40,4260,528,30,2104,677,103,962,880,1392,15,1714
5,24,6,0,103,804,3079,611,212,67,30,977,109,164,319,487,684,873,238,310
132,60,432,53,4958,633,538,634,66,734,232,200,165,3254,2530,469,1033,277,522,636
192,815,739,293,103,18,4340,146,2037,239,1817,2,0,13,538,3701,438,564,1796,998
24,94,111,0,974,607,159,367,218,984,1818,11185,614,386,1922,109,27,1852,4,176
