-1.6347917115118353,0.00542899844549793,0.8499117639541948,0.8876184327200257
158,999,45,383,1366,1514,935,3,1305,2317,5,60,1128,1980,181,2713,494,604,1021,1026
35,31,95,785,185,137,185,327,442,15,2975,251,902,828,1546,1546,521,22,25,197
704,166,115,45,370,406,245,467,1921,1436,141,4934,1814,1192,397,61,120,1230,292,476
39,881,442,247,262,3,171,151,544,1462,621,238,419,45,1090,515,165,40,114,382
5,285,390,96,7,711,637,2533,1668,3,1023,867,1868,3322,167,5230,26,4698,4794,2
1,10,1704,1124,104,592,762,294,1691,95,56,21,478,451,1910,4279,667,940,1177,1034
7,84,1364,21,166,95,2539,1165,4810,3430,1328,6088,2320,1,16,140,184,1,1754,522
1723,5969,594,231,2384,1,5277,114,174,1513,9,391,273,131,249,90,1159,642,157,188
0,15,3180,21,2498,196,2835,790,672,15,2482,1883,2046,933,3929,1330,68,926,780,1940
69,61,2,284,26,16,1176,197,151,2744,2301,542,156,2842,922,1052,418,1314,590,5
1581,70,338,6,1147,1119,2595,1639,3,1998,0,2175,4,3138,15,0,80,576,3269,76
510,178,249,47,5622,236,3117,520,63,1491,1,2238,2568,1232,654,64,876,112,158,1
1359,109,561,1,1450,1636,2256,944,25,729,4439,1908,54,4072,32,7355,795,541,227,17
5,31,179,118,5539,979,2653,1143,1291,2540,3541,2,1181,2215,43,648,2411,1449,11,317
2508,96,251,2165,1,5683,2075,214,0,526,1248,1086,270,4,102,2162,2726,1,945,2
274,221,464,3648,108,3,436,4020,21,1424,2551,294,2368,460,2082,1397,2075,1854,80,630
1467,747,7,28,358,126,688,144,509,53,593,127,1,288,2478,803,2020,1921,1426,5340
4138,257,831,100,329,1230,44,4096,818,149,15,897,635,95,2429,1795,1307,16,6,1
985,1186,240,244,134,2173,1,109,6,100,113,1040,548,2348,1028,468,195,140,2407,294
82,1223,90,76,417,862,2556,1445,1276,415,1138,63,0,35,1127,1521,0,1263,990,927
