-1.3068179216353895,0.003552173938664126,1.0029737091175221,0.850355280090642
992,511,2660,2270,518,700,572,232,671,422,281,522,621,1964,949,94,8956,1969,238,1108
1136,376,127,184,4643,744,312,1286,1466,99,87,706,2048,2783,467,270,10908,14218,108,697
485,252,3385,18,359,62,302,6076,72,1153,454,27,172,121,441,241,128,339,1020,965
1571,2254,0,539,619,988,4258,475,182,203,1154,621,8920,631,134,423,479,430,6725,1934
20,205,636,294,485,175,1693,66,729,127,0,150,996,36,248,2076,96,424,72,70
413,995,702,2,92,628,3362,215,290,44,122,40,139,396,392,268,2110,215,226,275
276,3563,162,0,249,410,24,573,458,4700,774,787,310,45,356,254,2322,1862,548,1212
3047,267,264,194,22,191,2297,632,204,331,60,217,1265,479,127,717,463,202,644,3969
531,604,131,2046,255,0,650,551,814,2011,723,251,1267,186,581,19,332,380,2146,1999
1097,649,443,131,272,748,219,570,567,1126,615,488,161,336,218,329,13,233,45,1916
436,35,129,1258,54,668,0,87,236,193,250,124,2121,242,5,288,438,326,36,6860
248,1458,9570,645,12,1359,445,138,133,712,206,1928,140,115,570,676,83,278,61,11998
1388,225,96,49,423,472,1131,10050,45,89,1021,147,358,425,311,1671,228,5175,940,70
1187,260,4,533,530,516,866,1467,84,795,28,118,0,37,0,67,224,1460,58,328
301,435,1026,1793,204,11,381,331,303,44,822,285,13,1870,148,63,510,347,254,827
3202,347,2669,519,227,974,1555,2997,0,603,662,471,67,1518,559,1094,108,0,310,4547
1159,5656,1730,1427,5646,566,395,65,167,5185,512,22,1343,662,736,933,597,317,5713,1014
550,249,241,119,1563,1192,315,0,500,490,90,960,126,74,528,38,209,65,83,5203
1799,358,195,85,85,447,1064,60,297,1028,718,708,276,113,165,569,40,1749,4,209
332,59,406,705,210,2169,104,268,1693,0,316,491,2370,14140,45,866,78,4246,1842,476
