-1.1296223257951663,-0.004919591856072785,0.9170518949234848,0.9184223796426569
535,1539,1271,161,222,187,3201,0,1154,774,223,938,1570,521,2238,697,234,412,778,0
2749,2879,2186,1437,3323,681,373,853,1224,633,688,219,144,4683,104,607,2325,1834,4314,60
2179,524,822,533,368,383,934,2720,582,2173,2277,135,136,226,703,116,682,253,384,999
5,4830,1683,488,1327,461,2,194,2584,4,559,5086,1973,335,495,1425,1095,1983,165,740
890,3012,0,2043,507,879,802,1350,154,763,2852,1226,130,394,2905,170,270,70,211,346
98,111,266,246,735,1224,393,588,5,1027,2366,726,816,3491,2859,487,37,0,2700,156
75,4604,724,984,125,1700,0,738,49,2342,241,531,1732,130,266,887,2615,742,1117,571
2211,876,154,203,868,0,95,472,64,154,107,328,1409,784,68,2556,643,333,1,315
15,183,500,2280,1250,2373,2063,0,44,3016,28,68,238,451,2546,2270,219,486,1246,2121
5,1590,649,2371,7212,176,434,1035,123,453,57,4213,1071,1547,2218,94,860,0,140,95
216,488,844,631,447,127,1447,267,450,1792,137,66,3236,93,5740,2330,401,877,220,3686
1446,1045,836,2352,147,169,0,3199,301,603,2080,320,2963,76,492,2269,204,0,970,184
0,149,641,1360,181,1269,713,855,2296,383,1601,1532,563,1086,2413,733,1545,2242,680,733
1021,1235,116,287,205,265,3566,3037,315,2038,1244,1170,360,1358,480,715,23,99,426,1083
619,498,1364,1043,444,1738,635,1736,25,835,1057,0,226,1041,3315,285,1767,8,1159,172
739,159,617,549,43,719,2072,226,1263,176,1,1586,1110,1515,585,133,332,1836,477,1308
140,390,1053,292,991,2307,2085,1433,75,748,733,706,13,36,962,271,804,55,1512,333
1112,759,2,691,616,1977,830,987,2097,630,1150,4827,707,192,30,372,0,345,769,698
1150,619,1482,1254,2171,2223,20,255,135,889,795,507,0,13,1529,1028,589,767,2576,625
2846,337,669,1924,123,637,97,555,2089,566,750,1394,3710,586,551,755,1578,1218,140,2726
