-1.7678591500837317,0.006926839816204554,0.9489381979328564,0.8499839230396526
633,432,1542,277,30,1416,5,284,258,1,1044,386,1142,222,4,75,92,917,253,9941
343,258,945,2268,235,3287,61,74,243,1580,209,11,1772,3172,3295,80,3048,0,6,1035
0,86,787,328,297,641,457,164,0,1140,310,156,2106,87,1009,69,871,171,487,171
6,328,0,1214,204,1,3732,3,255,526,1,2664,6923,1847,103,468,3587,1791,82,4454
835,359,1378,1522,18,3,1219,76,536,22,61,215,156,1897,6975,1365,1,701,6331,2540
36,912,1244,1,521,80,3,514,156,437,889,0,786,981,392,173,2380,1233,5,0
1347,65,1305,3166,283,604,2,881,1724,2160,791,0,170,203,2248,126,640,619,2388,128
1131,1452,3,2,150,903,2124,337,2727,2252,0,77,3,0,580,0,342,9,68,2
3147,763,1077,2742,4,200,1357,1977,577,207,15,1137,724,5559,698,123,593,0,1080,1343
16,0,10,734,975,605,190,208,576,0,3583,993,1071,3183,1545,104,1,7,0,12588
991,616,96,0,2,788,13,0,664,4872,7,28,146,1061,1199,2375,399,671,132,1113
886,700,36,680,448,1020,112,1072,90,1453,30,1133,79,824,537,4951,1521,157,579,18452
2541,382,444,2,676,3,74,5,29,491,396,1028,1,84,406,10147,7005,282,407,6
5297,216,191,4187,181,5,1,996,246,1273,2336,4,3223,1937,254,984,9,1299,1736,150
2,4,3151,176,1,0,611,4595,281,0,290,373,44,124,549,104,1469,1518,138,901
1646,0,577,25,366,574,1465,1,4,744,817,317,20,2206,363,567,40,1272,1060,1
1904,6316,169,11,0,455,67,77,104,177,72,94,95,271,474,1388,38,62,1001,199
4277,2951,2095,3420,279,549,235,197,28,6,662,405,5,951,3886,90,26,7,4703,1331
857,0,1665,2,203,15,83,415,2391,249,118,850,148,597,79,274,69,1913,3719,120
2,778,2102,191,1038,1546,205,350,1,3483,1269,1162,352,1401,3,3449,941,304,1843,93
