-1.8357176974316685,-0.0020814533822063937,1.001169181625112,0.8497716937443843
928,26,2898,3799,1029,272,171,115,84,1,348,223,1176,697,31,47,96,63,3547,6085
479,347,485,2283,3499,3334,206,4797,655,879,57,13,824,87,2855,285,6697,3856,19,866
7885,339,536,987,1782,16,333,3862,124,724,19,157,12,5,631,2063,1448,366,3,56
5,8,43,3920,375,261,1710,6,327,364,44,105,8109,1,43,269,1942,382,8,355
21,10,487,67,19,932,1787,13,148,12,221,222,116,3280,44,1102,3,366,7311,2277
12,1689,242,27,111,1,1430,181,122,62,457,265,854,1393,572,75,1276,4991,2,9
724,1437,129,0,428,2034,1419,172,758,1741,2133,569,29,1225,38,213,88,54,3113,852
1249,0,39,4,1213,1695,5,65,2627,4819,39,83,7,1,2,4,0,153,134,1
3075,1,124,2942,613,81,1291,1710,94,1,305,121,1144,1350,791,296,693,60,440,1943
13,371,67,1021,2255,461,105,289,3,1632,495,1838,894,3822,155,635,1,1,714,2120
29,17,1364,1622,88,2741,1486,1156,60,239,19,1,117,337,1176,1383,376,34,440,4645
655,1362,69,117,1191,3724,2,1114,201,1204,1,2,94,449,1023,1352,1,337,227,8865
729,3,358,1,1609,78,2690,44,5,1118,1238,1410,1,1411,1557,210,1505,824,28,3
727,280,73,1417,296,208,23,42,9,873,2107,3,3514,499,1208,1472,31,157,1336,176
1,429,2843,1183,138,56,544,67,1,1865,552,82,224,430,266,84,604,3513,1,601
176,7470,305,53,120,273,10,779,60,1187,1565,434,0,1958,369,268,100,894,852,51
585,3966,256,15,2553,3,10,230,324,860,140,161,180,984,75,2088,750,108,4726,666
2170,109,3691,3997,3666,767,270,82,987,483,201,5323,2,10,2688,36,1401,115,2197,997
256,924,1024,34,25,577,442,238,2505,17,290,762,2934,36,590,840,173,38,827,183
2746,1224,4071,141,1235,19810,167,490,0,2360,4,392,545,7883,94,0,414,3865,275,139
