-1.1008982361785367,-0.0016085347790300243,0.8743515958005859,0.8912831384289941
1313,277,135,799,524,44,55,258,2121,2956,785,22,503,1278,3339,363,0,453,0,379
512,1557,35,0,1255,218,83,204,128,142,125,629,450,400,608,266,289,31,311,5721
161,29,932,1511,466,722,350,962,448,403,1103,1956,121,1488,804,882,856,312,14,180
259,351,11,1041,468,347,1401,126,547,391,20,781,189,617,2673,410,183,220,90,619
373,247,696,699,1476,3449,4210,1952,2247,418,483,1668,1380,67,131,191,397,150,37,990
1761,339,111,0,360,341,308,338,479,2000,1074,2508,1101,1615,84,603,257,208,540,604
544,540,792,347,224,1797,2021,540,191,8288,1762,75,621,3587,300,322,703,1468,378,0
94,2351,693,438,248,1198,1517,374,3038,301,1897,1120,1812,19,1025,73,2570,488,0,112
1865,386,138,335,865,713,406,295,10355,3456,889,428,2228,3072,245,1140,2975,2466,1121,320
3822,251,1519,42,1549,706,493,1657,22,1065,1255,1489,73,295,868,182,1786,1951,249,115
172,983,407,317,1078,17,2588,373,149,0,457,169,437,374,718,595,339,1072,160,747
456,1542,7504,518,1280,671,1126,683,2019,880,1317,61,0,1470,709,1440,1333,1188,91,2426
2137,219,1656,182,1302,785,1976,2379,283,397,2118,777,864,1167,836,2073,0,282,2090,16
87,2175,1625,500,965,3845,352,2413,1539,1069,1629,1049,1004,1299,52,1608,110,1137,913,311
131,578,685,141,183,496,1135,361,502,1084,124,155,185,272,7347,358,181,514,887,430
126,1436,212,345,868,792,1092,271,567,96,2692,640,162,1633,831,448,662,2,0,1694
821,316,733,6925,132,3709,77,698,1347,273,1074,418,1261,0,19781,204,1038,2218,995,160
1965,1247,524,1405,701,1422,208,4315,322,481,521,479,0,156,194,413,1693,345,3429,454
911,156,1576,919,184,861,416,27,175,874,1083,0,165,1410,815,534,354,175,252,194
298,6935,173,717,1156,293,170,2297,39,392,720,601,282,88,257,5520,989,305,232,352
