-0.9007965997513665,0.0012891847031267908,0.9524344626377864,0.9451898352892779
872,192,1657,653,1346,1605,343,618,222,469,2121,1329,213,275,2332,0,1139,1159,692,2704
951,822,1937,448,497,642,941,45,656,1913,1386,1477,2278,2124,680,1073,132,964,1442,520
1537,1292,990,101,2182,1497,2190,301,1193,1952,371,0,257,702,385,300,960,1910,624,1139
2117,183,1845,3741,700,356,1710,810,797,1467,647,1228,1505,318,692,2829,476,1069,6264,1028
706,61,337,829,2154,1093,183,409,756,1745,154,238,93,669,2550,76,1736,531,702,1731
1114,5,1358,572,1282,1496,821,1197,2620,931,265,746,826,328,131,796,653,2339,1105,1227
2242,600,100,127,183,353,91,0,1902,1372,2691,1828,1322,507,2960,459,119,1204,2217,766
6516,168,1339,1231,263,1026,166,1696,2383,811,619,579,1234,475,619,331,1158,874,708,70
2142,227,800,615,1357,780,265,894,372,1373,4217,134,0,294,88,1429,2181,2810,929,1114
480,527,1950,382,1359,714,210,1496,899,239,334,516,489,1069,265,524,161,741,1346,889
2433,1301,904,966,704,277,333,149,1088,1205,7,1428,381,691,566,2315,1173,527,1044,520
103,814,353,1325,978,1592,690,2194,2550,48,648,106,184,169,1835,1087,612,608,990,541
1167,683,438,804,611,760,1540,2086,14,67,1663,483,857,461,906,767,1,445,1104,453
0,1048,1186,687,17,136,1937,319,2613,1259,78,418,1459,421,415,426,845,441,138,1830
1265,177,897,307,653,879,982,7,2030,432,293,388,860,2397,1808,1862,1,156,176,1394
4,502,638,774,1319,2981,2015,1436,222,1880,544,367,1,1614,1392,27,333,398,203,218
2508,438,2520,1282,2284,1053,892,1630,0,1279,391,1116,542,173,631,633,964,1805,2948,658
1986,1352,861,841,1959,554,289,491,1094,1033,123,589,558,2016,347,1317,697,1284,1124,731
495,2144,343,1968,2211,5443,1060,2554,2036,395,1324,253,743,1550,217,642,961,786,1219,1160
917,1657,13,2012,681,1028,1407,466,1344,731,1779,767,1370,494,812,17,736,1994,120,2450
