-1.6150687929581629,-0.00399357277757463,0.9956433868987077,0.8500828197527815
880,7,3857,2149,622,211,82,298,103,1,110,436,910,439,47,47,7,91,325,6018
217,285,110,0,2976,3444,86,1216,989,609,173,74,661,943,1998,959,6707,2460,18,148
7351,281,151,845,2624,80,847,2324,100,716,230,117,333,5,2587,204,0,533,1128,793
13,24,293,3866,559,226,180,30,184,30,31,117,9421,1,42,646,610,126,3,240
79,106,535,20,572,884,1271,53,316,11,228,15,104,2817,34,638,275,29,7866,269
37,894,170,149,0,64,833,150,308,402,377,164,730,1804,115,130,1429,1867,4,0
1009,820,94,183,298,3717,359,210,264,2047,2376,582,14,0,319,229,979,1093,3334,113
215,1168,7369,1555,1014,1068,3364,210,1359,2249,25,1,4,26,2,1475,79,28,125,141
6294,346,74,2875,722,14,810,1800,68,94,16,92,1158,2467,1010,228,627,435,2172,2223
30,441,179,832,167,416,25,68,841,1278,1034,2432,603,5540,351,142,25,453,564,1926
136,268,471,1936,187,1327,2143,21,139,7,413,17,51,170,367,1845,395,530,11,3740
460,5516,139,128,47,1687,4,501,783,1080,270,112,52,309,636,1189,266,331,233,9784
206,302,307,1,47,92,1526,7,18,1014,156,635,44,663,3690,2491,1685,278,0,3
2919,2277,88,238,534,154,1,60,0,1186,2170,0,3582,504,1214,1715,888,191,1789,42
1,243,2965,1641,3410,1969,37,85,27,217,776,61,181,110,837,275,562,1744,1,545
295,6930,321,1992,157,301,2,884,986,1612,1787,412,4,1556,853,84,38,1027,0,50
615,3927,117,11,2834,2,15,216,355,509,95,120,1242,124,254,1036,282,126,5326,938
417,583,2408,3803,880,1521,283,198,321,459,15,1079,9,93,2497,270,728,181,1769,1363
169,949,2212,34,72,386,195,149,4202,229,113,76,3013,213,185,450,1107,1420,774,957
164,4700,4165,252,1390,13355,239,369,123,2360,33,322,132,14792,91,3592,133,879,179,2704
