-1.2495297907025527,0.006224523339738062,1.0016519987166388,0.9115839419847126
1418,424,932,3296,0,159,5944,1769,260,1017,2265,635,4684,274,1612,1835,277,1089,1766,6183
5568,4612,730,1109,3402,147,1578,21,880,543,878,579,29,276,3188,3023,583,132,1174,420
908,911,131,1764,224,468,843,1,49,151,1226,2807,325,832,0,14,580,4207,1890,341
1771,1305,0,540,1710,2108,1012,77,1371,1375,1415,145,236,1,406,97,770,41,371,1784
426,1277,87,738,3077,561,1290,1516,402,791,62,11,12,3930,65,2862,12,256,1827,793
289,750,177,1266,193,58,583,85,543,474,123,1,2671,550,1818,428,536,3278,3812,143
1560,996,20,727,252,619,34,321,936,1490,444,1024,43,13,181,499,320,45,14,2112
19,0,839,1460,1085,1937,466,888,1142,1258,1452,95,684,276,117,1344,1131,4437,1121,3503
294,259,156,17,136,295,2065,315,11,2616,482,65,1130,359,409,310,1063,582,0,1614
1530,1763,538,1286,540,1479,62,740,283,4,636,120,0,1045,558,179,1913,376,525,238
548,717,489,1178,474,466,33,8,197,1715,412,80,127,218,653,1083,845,2879,1358,917
1545,1195,174,527,970,57,1223,52,95,210,1592,911,1701,1041,527,0,549,3895,1020,1215
213,1183,1681,253,283,69,7,355,845,690,977,678,98,110,49,175,1719,2395,236,79
4122,664,13,910,1331,1601,1,2556,1543,1076,1333,57,197,2400,605,427,470,3724,592,1933
666,1592,3132,1437,926,899,727,1810,53,1108,900,2157,542,1654,744,234,2225,125,842,889
2365,27,1,2275,940,646,1798,263,381,504,54,745,4590,8,92,933,1250,1038,5058,60
218,5782,5181,0,295,289,102,139,471,222,2667,793,1192,3553,734,42,243,2008,698,1004
584,454,1326,444,502,37,226,139,508,38,1646,845,1017,1401,2962,97,1193,196,1520,643
469,1701,1040,979,372,2134,1010,1322,969,226,834,352,0,908,3,244,481,516,1215,1588
2330,7482,2406,220,1242,808,670,1083,2,766,25,2115,200,12,1699,1366,916,923,301,447
