-1.3686931618151073,-0.0044213025491871465,0.8996408858880913,0.8500692034969233
181,769,299,738,424,1385,102,1189,414,103,748,361,108,1828,539,41,235,459,42,1247
853,7545,773,2437,77,5432,356,60,565,445,29,2409,327,881,1657,3754,1144,244,62,4675
207,2852,2733,250,547,1774,97,542,751,1232,1919,1193,1624,57,25,368,9,310,326,27
297,74,2562,619,1145,461,176,2104,233,10759,1184,67,968,143,173,186,3,1686,1488,1463
331,683,4777,0,63,1492,249,1372,485,823,1580,455,297,365,117,18,644,130,329,73
848,596,361,703,245,509,218,24,349,511,605,1776,58,660,273,8821,1276,30,0,152
256,79,221,172,168,246,336,228,516,560,1966,1479,11,173,221,758,272,317,1472,4969
961,572,5390,306,122,337,273,638,942,114,2293,4052,118,395,655,7,251,0,2295,317
245,1160,3412,416,971,1321,2177,372,211,833,493,22587,599,0,1401,0,18,5026,559,790
291,338,1797,29,2124,503,257,582,97,344,157,307,261,2335,93,472,209,121,155,15732
2885,174,812,553,115,97,3835,116,2071,3,3406,2832,707,3989,2707,35,62,192,121,3
154,1550,590,4580,227,1332,243,442,916,748,163,702,1545,2250,70,1005,895,98,1421,696
65,336,109,0,45,120,297,1751,168,251,69,1385,1370,262,313,863,362,23,537,4394
59,238,340,2792,16,69,69,681,469,1701,148,137,306,594,62,1514,350,898,3394,227
18,240,25,1498,344,841,50,12,1212,194,784,13,17,639,0,689,132,2860,0,840
205,150,807,310,9590,881,2,977,31,10711,779,552,224,315,1290,966,96,1853,8,2642
4804,793,274,769,536,0,254,509,134,71,919,7826,46,1198,737,643,289,162,1159,663
159,1029,1026,519,368,47,187,32,1255,415,9,320,97,1981,2069,714,945,200,557,270
129,390,139,85,100,292,947,179,809,548,31,953,857,308,239,384,511,736,5,282
39,3747,1081,264,506,1625,439,1074,4,1174,131,0,130,26,894,1886,87,0,13,1707
