-0.677660101586246,0.008644541537316612,1.0000989755806,0.9500557802879699
2947,913,779,1243,4424,637,498,890,431,487,840,1126,1148,392,1323,876,1155,423,823,15136
1067,70,1082,1497,929,912,703,647,204,568,892,1904,1447,575,1459,520,312,1274,4759,483
603,1180,367,1454,234,1092,751,1441,542,658,925,746,178,517,717,1178,1614,1088,813,253
341,1465,416,1605,634,137,736,1044,1351,43,692,245,1245,1158,1302,646,909,1925,580,1999
795,799,930,1565,330,538,989,1433,958,652,1356,878,1201,529,303,1033,1339,705,918,1127
563,705,615,695,329,703,408,982,653,591,1348,481,231,443,1041,955,171,1506,396,423
851,1138,766,1041,915,1345,140,795,1152,1565,991,848,693,528,288,1843,1289,73,534,1367
546,931,941,367,887,908,76,1365,2096,701,453,302,490,1217,437,1296,714,2570,3592,586
561,620,943,797,1196,1066,400,0,473,1385,462,367,1141,423,598,856,1803,914,578,764
483,1641,276,653,292,2098,1318,1176,1308,656,318,694,384,105,447,622,1077,1252,969,956
762,391,828,593,757,325,145,1279,102,814,1042,438,1094,365,710,1244,224,794,646,905
605,2614,3076,800,2519,320,1335,827,506,788,1128,858,881,481,1687,644,455,886,852,853
1593,1525,645,390,472,954,1758,279,390,231,506,29,322,888,626,191,225,240,2889,1591
419,805,579,598,491,604,82,1996,1052,287,494,815,419,731,512,457,681,591,744,517
2324,957,669,986,837,1000,843,192,803,798,943,996,399,744,2545,677,177,1396,333,862
2584,817,542,637,215,1936,457,292,139,824,732,777,634,704,1799,1211,534,279,557,1132
1144,1064,2075,1062,1802,828,164,670,828,971,226,810,491,1128,531,899,1274,2263,1514,602
2161,517,6062,871,810,1031,248,1196,1472,415,494,410,1196,952,1077,1753,1834,728,409,2329
770,1760,5171,839,1349,1376,695,1525,695,303,1829,296,1209,2740,669,2253,1591,761,4679,904
102,946,842,227,649,664,286,418,249,1223,1598,2685,871,2364,1386,2533,581,357,1027,1772
