-0.8899485998484121,1.3317149529811745E-4,0.9122415598447773,0.9461133909704962
373,481,1563,867,297,202,396,951,2105,593,469,747,769,352,0,42,903,2114,262,1470
4796,188,440,101,200,557,1086,1041,977,1563,671,1477,527,193,2979,953,690,2386,3013,442
1370,560,3064,672,1382,895,831,1699,45,126,1330,396,704,13,1888,401,150,34,958,233
1382,1472,1413,9,1010,456,1439,3249,1151,106,1373,794,55,1538,634,1072,656,1262,887,354
2007,975,1224,0,1008,1400,513,2074,134,1038,900,1250,2295,1580,3312,234,790,53,1422,778
2297,132,358,1394,3075,1841,2100,1002,445,88,1284,1527,2641,2725,1216,1294,588,151,1870,903
675,133,966,668,97,531,525,1660,416,13,719,276,688,374,2198,1295,580,535,800,1275
978,336,236,258,1442,473,2120,2148,5057,1213,511,1770,149,453,3833,601,2116,1034,2837,129
1688,890,2064,276,1339,305,959,141,1442,1806,915,951,2771,854,531,638,635,832,408,1348
88,546,324,337,566,750,1315,33,271,86,756,214,913,510,1888,2375,920,1,570,1530
2026,72,1514,3165,0,1742,350,715,744,1201,779,622,2550,992,1561,503,597,66,1374,46
615,207,1982,1914,1647,73,745,448,1185,1011,269,528,238,1826,174,1231,378,145,159,188
498,976,786,502,1240,761,131,2285,874,452,2069,851,126,199,44,473,612,817,251,443
3271,75,571,1416,820,104,1006,326,511,352,1156,602,1442,620,193,1870,915,378,550,1112
673,3,177,360,2515,1860,3809,306,3026,1746,344,1352,254,611,12,663,2263,2193,458,1018
565,1434,929,2299,902,619,444,437,2976,40,1780,1374,849,752,2106,752,859,1561,111,679
454,0,856,1352,875,489,984,878,528,2117,1029,1738,798,1671,416,1404,1796,35,673,383
14,1296,3960,790,2301,1709,1096,2643,724,1369,2246,96,1466,559,597,208,290,227,2009,949
1279,2539,838,499,1139,1708,3109,616,2352,1596,1147,1551,721,1046,740,203,513,739,1760,324
383,1116,230,729,906,1748,912,395,1034,849,378,1182,1300,1606,594,479,1276,771,94,316
