-1.2002421095316265,-0.004862497349771563,0.9247270778863773,0.8543722905789041
1184,1375,784,1323,219,23,179,82,553,0,1960,836,652,276,1779,16127,83,800,153,1894
676,1859,828,969,1515,726,16,2980,42,276,210,338,640,213,1258,397,795,1086,242,117
824,338,171,315,75,1496,1323,8605,12514,57,106,142,658,523,73,87,1506,457,293,8
28,402,519,692,495,520,373,272,210,527,481,739,12681,75,371,93,461,277,971,2342
1228,525,105,385,614,398,110,1575,546,992,475,279,1478,620,381,761,564,15,183,386
1698,274,134,296,223,987,286,368,446,176,652,314,354,11252,322,471,136,215,1536,823
1027,150,1320,261,210,835,674,591,63,803,1797,1553,154,596,1410,180,273,1271,533,962
2,181,1308,129,83,0,5940,1018,348,46,635,483,207,441,435,3784,970,616,497,400
38,2,202,2362,1201,749,582,306,609,843,2624,4192,522,345,20,153,1635,1299,1726,3762
2618,678,654,60,59,910,479,2,1734,957,1073,111,920,412,381,358,1419,1775,218,1284
556,131,0,2740,934,657,1345,563,0,298,144,173,113,1320,12,610,1754,741,75,148
916,199,628,204,2992,1053,309,2631,112,92,304,384,320,1129,1927,1235,0,285,629,13799
379,1938,629,271,871,766,2608,5132,277,87,893,264,120,465,626,593,567,795,738,4066
6,145,776,0,1909,1007,1309,0,11,519,9425,1165,236,714,98,835,351,99,700,468
31,1098,1250,2325,307,53,5998,126,763,152,713,800,240,377,155,299,4724,1739,174,717
778,1272,662,113,818,336,455,263,2063,778,1220,81,237,716,73,548,856,651,541,0
353,1259,915,599,707,555,1485,484,285,551,697,82,11,496,314,768,2663,322,1997,1473
677,152,0,663,528,714,368,58,913,467,460,1248,866,56,1094,35,53,543,369,76
71,1971,89,89,134,116,673,499,736,710,885,174,195,1282,81,410,945,1604,111,1168
75,593,21,0,223,15071,211,348,317,156,709,1107,80,14592,230,66,599,1345,1390,13
