-1.0617500429141147,0.006640759602348079,0.8474977722271528,0.9073191803066443
236,256,41,1628,1009,57,972,394,394,124,185,737,185,1099,801,592,294,38,212,323
11,16,442,57,1611,155,26,454,1044,0,173,493,45,648,248,377,455,1290,326,410
921,656,131,2294,1152,556,547,675,293,515,558,120,85,579,1694,2119,759,373,1916,90
116,294,172,1814,356,129,1625,183,1566,77,291,1421,449,95,350,873,163,220,3231,634
8,837,839,1493,1529,1538,5976,1373,256,194,0,158,1068,152,623,148,331,57,540,349
5387,617,115,28,356,115,562,513,138,1868,839,2108,709,4136,493,865,79,432,210,704
151,587,823,1240,731,1038,1785,437,434,9202,655,231,1222,1370,249,974,844,585,559,1299
959,180,162,219,1549,57,856,501,5027,3441,2792,1769,1826,762,745,628,916,1224,324,6
473,1054,90,1373,181,548,1220,1717,4358,1702,1659,8,1480,242,4846,278,522,668,1034,139
2130,2428,1844,3,799,733,1486,564,64,2396,1219,251,1293,483,1695,436,1251,467,390,339
1406,129,27,250,1123,52,2465,988,979,7517,199,401,881,1051,1074,219,276,639,117,2393
92,698,6285,1047,1533,436,620,60,1053,823,1429,243,384,724,438,1513,1930,914,1657,1889
1210,239,2041,391,1207,76,285,1191,503,1374,709,700,1263,485,395,940,521,422,2570,1478
83,533,1082,930,157,90,602,3515,1652,3468,237,4620,784,324,1401,1511,1012,1238,748,211
801,898,1279,314,117,383,880,1283,158,269,918,383,285,298,5176,1893,346,1579,2480,553
1550,12,393,57,38,1389,2800,435,801,182,10027,2272,393,2191,765,1461,290,103,752,1053
108,600,655,45,808,2438,398,776,1662,1157,478,752,1348,0,14582,687,347,1519,271,827
2680,351,317,976,837,2345,630,3318,139,1754,394,761,2111,370,96,1211,2368,680,230,1295
668,30,844,532,428,259,644,332,523,131,618,956,195,387,758,412,1685,585,973,656
0,2136,1493,315,1439,2157,211,1703,120,622,561,490,799,52,293,501,1156,375,2573,428
