-0.6547369925157426,0.025210020656818884,0.8556965377649376,0.9625087347035648
522,337,1298,308,487,693,2184,873,850,1127,457,521,846,473,1422,621,960,207,437,301
279,400,793,165,750,1742,854,942,2216,526,368,2666,483,509,576,244,717,61,178,614
291,871,202,804,717,749,136,476,849,1079,794,535,1071,905,54,2027,743,1151,701,474
874,295,1916,909,785,290,916,845,1714,377,2002,1938,1579,390,1958,167,779,920,909,1087
112,410,773,981,424,659,1105,979,589,1502,892,1191,814,1072,472,585,1027,183,786,1249
691,280,466,1561,1718,623,984,1610,1554,1851,776,1608,2045,944,951,516,154,1427,770,848
630,789,2206,0,1371,2193,1414,0,1470,2079,191,3764,910,1171,874,0,3056,496,2169,257
1671,657,1285,905,474,899,1323,1044,489,1121,997,2351,83,1601,1919,1369,543,1348,759,1055
773,922,754,1047,1155,895,3157,1656,719,197,870,1063,1090,2896,1646,2682,0,337,1468,1988
653,697,1027,1225,952,756,3120,2884,520,2553,644,1188,1078,2166,315,663,2338,1161,1561,154
684,454,65,429,3156,1055,558,410,638,2572,1286,2555,1886,23,1278,2989,1575,682,769,362
306,449,190,1629,1152,793,616,1403,840,1693,587,1660,1771,251,2148,705,2420,907,333,819
176,255,1013,1136,983,913,1568,0,1590,423,1298,687,2283,3451,972,2173,1209,478,1861,517
2251,541,892,599,694,973,1779,731,1762,893,793,423,2356,896,1110,1549,1149,1761,811,1021
20,319,0,505,819,644,2080,1366,1349,1458,511,2191,559,1573,716,701,2100,0,858,1264
2026,646,218,570,1666,1311,562,425,528,890,429,1119,2057,1521,1376,621,1113,594,815,26
833,1119,357,20,1495,1343,799,408,1776,1741,704,1062,365,491,1485,765,675,184,354,449
909,1056,2646,467,628,1156,573,255,1885,1042,842,1225,268,466,573,1179,1213,1221,699,1174
359,1888,209,818,214,1391,727,642,1456,1120,721,1003,257,999,985,345,865,282,866,811
692,391,777,975,1532,661,701,1042,712,464,3677,1147,609,560,797,645,527,864,658,526
