-1.2190610809223517,-3.891382876511491E-4,0.8598062987683134,0.8497531274428176
192,265,1191,2148,301,67,184,10,212,1064,347,244,181,610,1095,908,7850,76,54,1406
1214,56,194,1303,1219,248,373,6,23,404,569,7645,0,47,2489,2182,725,2320,260,523
44,1986,4034,565,741,57,41,325,1516,1562,803,60,493,12462,23,23,213,474,127,377
457,175,901,760,121,545,2233,3367,883,1106,6161,79,11274,119,482,1069,506,494,0,187
658,736,587,414,285,600,210,1093,236,695,49,1728,31,324,232,940,991,181,602,171
252,1067,920,1174,0,728,793,178,1384,179,1434,0,138,0,73,12905,815,94,170,582
48,2096,154,234,228,334,138,140,4803,754,0,484,83,373,1297,1015,417,824,164,888
234,208,630,137,216,335,193,600,101,1956,2018,0,204,1300,44,626,1529,144,482,283
172,536,5748,1112,1005,2147,8,795,171,67,660,23008,357,60,0,1076,932,427,462,2121
568,523,304,1386,2061,75,431,187,1021,709,446,1315,203,1725,477,252,630,1497,1815,10268
2149,1605,645,181,1155,319,1266,316,1233,460,2555,1890,1604,1861,2248,834,184,298,86,299
63,5943,56,0,278,3026,111,290,664,100,319,339,507,0,1040,134,1559,109,1000,1076
47,191,1114,39,469,20,1070,658,258,1195,115,1029,2816,447,1576,80,566,326,312,1169
1483,43,197,926,319,24,791,1067,174,2499,1399,67,823,1176,6702,99,181,2047,2956,270
593,207,187,128,2104,1269,397,282,1418,633,258,115,79,736,383,403,0,153,307,863
158,137,1563,104,366,395,68,0,325,13208,153,0,0,2894,3114,1042,147,420,203,2275
1502,160,1712,211,230,313,1254,2041,85,1201,152,9924,1085,537,162,0,463,528,0,792
982,109,243,105,454,355,340,269,1785,563,336,445,75,708,2097,120,1914,364,930,507
809,36,800,14,973,132,83,33,12,343,2546,767,526,64,980,1886,806,287,387,263
0,116,686,426,198,785,78,348,103,1930,339,191,367,1294,666,554,514,984,300,1234
