-1.3983115981221834,-0.0047268673070520635,0.9008217607954414,0.8492269766203541
181,572,284,738,424,1385,23,1189,414,103,748,361,141,1828,539,41,235,459,42,1247
853,7545,807,2613,77,5435,524,60,683,445,29,2415,324,881,1458,3655,1046,186,62,4675
412,2852,2733,250,547,1774,196,505,5,1232,1919,1073,1406,57,25,368,8,310,326,27
297,74,2562,613,935,461,176,2104,233,10779,1184,67,968,184,173,186,3,1481,1488,1282
331,464,4777,0,63,1492,266,1372,485,823,1580,455,354,365,111,18,644,130,329,73
848,596,361,587,245,553,237,24,323,511,605,1406,58,641,273,8825,1276,30,0,152
256,79,221,172,168,211,336,23,516,560,2712,1479,11,11,206,666,272,317,1472,4969
676,572,5390,306,122,337,273,638,942,145,1877,4052,118,559,655,38,251,0,2307,317
201,1160,3362,416,971,1321,2358,305,211,833,493,22587,609,0,1401,4,18,4283,780,569
291,338,1797,48,2124,503,257,471,97,368,157,307,261,2491,93,472,209,104,317,15566
2885,174,829,553,115,97,3835,116,2111,3,3406,2832,730,3958,2707,35,62,192,121,3
154,1550,688,5099,227,1537,243,442,916,748,169,702,1480,2250,70,1005,987,98,2192,699
65,336,109,48,45,120,297,2494,168,251,69,1385,1370,262,313,92,338,23,537,4394
59,249,340,2792,16,69,69,681,469,1701,206,137,306,594,62,1514,350,898,3394,227
18,240,25,1498,344,841,50,12,1212,194,265,10,17,7,0,689,115,2860,111,840
205,140,807,310,9609,881,2,883,151,10711,779,578,224,525,1140,998,110,1853,8,3274
5174,793,274,769,751,262,254,509,134,382,919,7826,46,1198,534,643,229,177,1122,663
159,1445,1026,599,368,47,187,29,1255,614,9,320,97,2031,2069,714,945,200,557,270
110,427,141,85,101,258,1128,179,809,548,181,1058,851,308,239,506,511,631,5,282
33,3747,1050,264,506,1457,439,1074,4,1208,131,0,130,26,894,1555,110,0,13,1707
