-1.1519484066226684,-0.004684096998442136,0.9361313180437243,0.8493985060186279
1218,1628,590,1268,63,0,793,959,713,0,1378,639,736,276,1854,16924,110,696,397,1800
659,2085,929,819,1888,142,34,3066,632,75,76,338,325,209,394,397,753,272,122,514
712,498,253,315,0,1690,1195,5823,12514,49,121,2208,561,523,73,87,1651,278,414,9
463,404,665,404,686,520,415,285,210,651,540,397,11686,75,370,175,514,42,1090,359
1354,525,190,140,60,398,141,865,2177,1172,717,325,1325,0,462,761,541,70,183,399
788,97,504,406,61,834,297,1162,446,415,312,314,107,17028,212,101,101,423,924,344
752,131,558,176,167,847,678,561,347,186,1404,1985,189,477,1410,193,294,1256,584,714
2126,119,672,129,118,745,291,1018,280,16,635,468,43,229,404,3660,689,510,499,400
0,81,899,859,1143,493,407,1046,800,803,1687,4221,183,367,194,228,1547,1050,1399,2864
614,460,1901,56,73,888,554,2,1734,449,936,182,1127,534,34,358,1419,1673,218,1661
556,114,0,2498,433,364,3360,563,438,289,149,47,569,1708,0,1005,1782,741,109,19
1662,168,965,204,197,1447,318,380,2170,46,218,399,444,0,2156,1028,0,201,1168,13806
261,1644,563,805,837,112,2608,1480,195,339,598,220,120,642,626,756,566,1433,847,3869
728,60,1046,348,1890,1472,818,0,0,476,9277,1709,210,884,698,1094,373,99,673,18
21,1251,1250,2325,297,16,5093,108,812,421,485,742,247,377,176,0,4784,1117,189,638
0,1272,439,852,922,924,455,234,1996,839,853,796,245,792,100,699,856,1395,497,476
358,4339,1133,1100,712,359,1360,520,127,551,1166,209,6,496,44,167,690,322,3828,325
474,0,776,730,501,1658,452,300,1448,885,502,372,1245,68,963,1,0,918,620,80
75,2824,84,73,430,391,892,720,0,271,841,265,38,955,1304,463,777,1458,116,1168
322,639,8,0,223,15071,61,323,522,145,104,1546,151,18752,424,42,599,1368,965,73
