-1.5364881280958094,0.004391529746736202,0.9976033999548823,0.9023021742841725
988,391,484,1279,115,131,3257,2165,395,1050,1870,697,4330,497,50,2616,431,1079,1355,5780
5950,4238,2769,10,3090,89,1543,29,1,52,637,570,553,22,4715,575,1061,479,1660,1609
687,3504,419,2200,172,750,325,1,23,1,1862,2487,438,304,796,759,12,3937,990,156
1797,395,67,663,3110,1131,321,137,2239,2951,4,698,1699,109,261,0,1387,99,637,1783
645,432,1,1709,1292,55,49,1434,385,879,79,4,199,496,48,1336,20,24,1803,315
1,3,164,757,199,27,475,157,1105,369,31,1,2985,579,1259,621,489,6099,1231,13
2770,83,155,1040,517,619,33,140,1497,1591,468,1205,7,11,2892,1326,1133,139,14,1504
1717,1122,833,2,848,1975,578,831,1340,186,1155,8,288,409,180,2651,1402,864,1323,3768
1330,1011,2,1438,4,297,1575,514,10,2014,487,73,794,405,280,58,1651,1386,793,245
756,739,2,1244,2004,1,121,35,273,5,457,1213,352,646,252,741,1913,2236,8,84
28,899,141,2714,238,211,66,3,228,832,683,40,915,1262,2166,729,1014,3363,128,2278
1675,554,1766,914,249,317,1575,34,1247,237,645,706,849,626,1997,605,683,2804,17,131
474,1001,2571,1169,1331,16,7,109,641,976,7,1855,42,1,59,838,1154,67,193,30
5654,862,3,1130,1783,2201,2436,1814,69,1384,1095,600,901,1060,100,40,1,3721,252,1022
1078,1997,4814,534,2650,1,3,827,206,20,1409,2103,322,634,3506,299,1469,400,21,691
2345,181,1,3465,1765,145,1699,357,1388,748,82,8,2961,7,5,1925,937,12,548,88
1992,8015,3365,67,400,431,167,75,499,295,2441,1072,77,349,507,564,246,1832,823,1344
461,193,771,165,30,51,136,34,537,29,1448,891,611,1192,2277,2,929,1397,1005,241
242,405,264,38,52,3837,1469,818,291,2298,540,841,2618,1,479,473,814,3549,906,2291
1099,5690,2615,803,1647,1056,88,1079,9,2159,858,278,641,5350,2568,1810,347,29,208,718
