-1.4577384341656796,-0.002552153055014855,0.9213914885920638,0.8511662727889863
998,0,1376,2042,1557,971,148,95,62,691,15,283,2184,48,3680,0,301,217,413,7375
1009,113,832,327,662,3979,464,121,465,7,59,1168,233,0,780,6182,505,55,8,521
133,4251,364,30,311,53,1120,1593,1592,58,948,9,3579,2814,255,533,1532,507,1774,1046
393,43,245,3165,934,72,478,1951,729,2662,1314,26707,84,337,65,781,4015,63,34,1288
333,5,1196,323,160,0,597,1713,1040,112,854,609,444,4,53,155,162,246,166,1456
352,0,593,115,18,252,362,384,1829,474,97,708,4,19,79,2379,387,235,111,80
509,0,508,3113,134,252,0,133,216,1871,1260,1810,206,383,566,999,328,697,3370,6374
1766,83,334,352,37,515,1306,488,473,233,900,124,26,1428,1036,55,13,0,522,1330
423,438,27,769,271,1444,1160,7,16,1339,74,5057,193,244,2040,1706,73,450,5972,567
431,435,336,3239,339,985,28,507,371,2285,120,1398,6,6646,3725,13,3,115,158,11903
951,165,1061,1133,7,551,132,150,78,784,1250,1199,449,58,4009,233,59,2921,47,93
295,1198,409,394,0,1901,859,782,39,0,0,98,3932,530,856,224,1452,437,775,5451
43,1267,2365,34,300,72,1570,1441,15,24,1406,297,2266,269,136,10210,559,583,474,677
321,255,1072,1198,2672,165,185,4581,866,3417,211,207,714,1044,43,82,23,0,122,596
104,952,898,1325,242,1400,25,108,333,295,5,166,711,111,429,3137,690,302,271,960
79,447,979,1529,244,43,479,86,48,301,1614,6,1227,713,207,1605,194,2211,8,6
16,876,3,0,875,71,2,171,601,756,3,107,487,99,185,974,1042,941,1906,895
729,284,874,8,262,14,16,0,169,271,3030,140,329,657,2301,627,407,3139,978,94
1180,334,574,1504,1685,548,7647,578,2601,1144,848,286,2078,138,358,166,100,519,2921,10
734,260,2533,365,149,536,943,3078,343,202,15,7738,165,85,5117,343,609,2957,1072,85
