-0.8108556874054901,0.01674424689240929,0.9990608890663988,0.950406986008588
3078,2304,372,660,1316,2406,1998,252,2195,1669,1733,491,1151,244,2138,1073,2530,355,813,6809
1795,1349,1828,1415,3118,511,1194,1295,1027,1072,1342,259,1378,1648,1506,90,2778,1876,77,525
1512,2780,1014,988,424,751,1332,682,535,227,892,1145,306,1645,1148,516,131,1715,1447,688
296,3114,2540,1517,2280,1159,493,678,1801,173,309,180,1359,2255,773,1280,925,654,790,1064
460,1205,1583,969,2201,526,1224,1307,362,742,40,774,1439,812,1498,1199,316,1253,341,1628
380,4766,1269,2100,680,152,80,640,1516,150,439,725,723,313,392,1308,10,1398,750,265
306,245,948,0,928,1017,579,992,1875,196,106,1029,951,326,721,2469,1200,259,259,1279
474,344,1276,522,437,184,2159,791,611,1379,382,1709,44,588,423,1297,160,1121,95,443
689,1116,164,355,132,518,521,201,741,194,567,1047,657,14,190,179,994,978,1666,2
38,712,609,821,464,825,25,1040,597,2030,776,646,394,480,72,719,1021,570,1541,653
458,615,876,508,882,784,2950,191,431,441,1963,522,1592,401,746,1457,843,1446,554,640
294,214,1206,392,3552,1506,1051,204,570,900,1,1031,317,696,573,547,427,479,651,835
357,991,608,1767,154,374,32,652,246,1221,819,677,472,599,830,1038,743,286,899,508
1452,149,1276,4314,1891,750,1208,774,402,44,1047,1147,724,430,761,806,2673,703,318,447
1778,111,480,473,1122,578,187,616,1011,461,313,988,856,1020,703,617,827,1516,670,336
946,1752,401,433,1497,1335,382,850,519,1491,157,542,61,1099,2008,352,709,1105,2680,3422
1353,822,415,475,1955,432,1116,378,465,380,304,2130,1237,1233,176,2073,1206,351,122,857
1347,426,1995,845,586,688,330,1056,235,354,915,223,1070,883,595,2572,245,1444,5052,2097
2616,2959,1571,665,343,353,1346,1883,1843,672,406,969,870,310,1727,423,792,957,1663,290
1651,1958,1889,508,1663,691,1081,1127,736,468,468,836,2803,1632,1068,1834,1775,344,3922,1895
