-0.5297566808848139,-0.0037575108849655743,0.934444864367937,0.9716957295083214
90,508,1019,820,1363,586,0,289,546,963,881,1514,907,297,2136,1572,1708,1120,1055,1018
979,1746,1179,1667,1579,566,1274,638,1169,1116,455,686,1451,511,988,1297,970,1874,802,1251
765,454,715,2571,863,0,841,899,687,423,950,602,93,445,532,259,434,675,976,531
910,654,979,1858,910,1247,609,719,1399,784,1124,1089,1819,1158,1424,457,1111,1175,2394,743
1183,1690,0,1037,939,0,1529,1707,988,671,596,1143,2124,371,1580,107,819,2694,1706,0
896,841,1573,534,655,290,880,360,920,922,1149,1460,366,1014,1013,2055,1701,357,586,1654
991,2124,752,1274,2293,396,2073,823,957,591,2026,905,1437,701,0,931,413,730,431,1255
729,676,1826,1972,556,2297,1254,3359,756,770,909,481,469,306,1080,1640,884,1045,0,1125
1226,771,1281,1083,691,160,1260,636,560,1005,997,885,593,319,784,485,1378,680,747,915
1096,779,542,324,563,880,1345,1771,411,371,506,1488,141,2360,969,2009,605,1127,458,1397
1848,977,591,1024,1244,427,546,760,817,913,2887,569,683,1307,487,1125,1442,673,686,850
1003,1806,1833,1211,148,517,1923,464,1638,761,760,1065,919,1073,1315,305,1142,2169,1263,1587
809,560,1274,1439,329,764,377,2665,551,450,1097,866,1100,424,952,1118,603,1343,555,1077
592,1757,376,1195,565,505,663,691,1522,1569,574,1969,506,1230,859,675,838,1046,1260,1196
2448,1597,1509,545,1116,859,463,985,412,422,775,770,851,1482,693,817,608,251,885,1024
906,94,1067,1233,1125,957,820,946,636,408,144,1046,304,970,958,2481,673,160,1933,265
1186,1115,1174,681,787,1108,1342,547,1141,1446,1492,0,656,277,659,730,1047,1033,196,2428
608,717,1107,598,1874,270,420,704,1015,772,2249,543,2228,587,1311,1500,356,2463,2192,2221
1886,975,1078,849,1205,604,859,383,2596,1685,938,807,361,1604,2080,673,2677,1885,871,1081
192,882,0,1020,839,410,490,1509,1211,112,1075,724,968,772,876,1642,1060,535,1663,1050
