-1.7225047710620818,-0.0015473856972669767,0.9357449127030236,0.8484670072664761
90,58,1009,1274,6,53,1156,941,219,34,320,11,4,322,3,77,193,7565,153,99
833,821,87,1643,2637,1017,80,103,631,1985,284,0,1093,909,2915,90,3066,670,1558,2
5689,130,495,578,967,9,169,35,184,966,146,116,827,795,743,2,1321,1650,504,1
8,104,573,37,72,1,945,45,162,913,1,2097,6997,487,123,286,4002,677,75,3574
51,185,791,1902,205,38,3645,9,62,39,162,1,382,4947,737,1438,3,214,6806,2766
29,8,2253,31,2128,394,5,163,289,423,0,239,107,160,0,118,3139,61,379,1
1414,925,24,66,5,715,9,356,10,229,1046,4,56,414,807,149,15,4059,2927,90
0,155,26,33,319,2468,3195,0,431,2204,30,644,1,145,1136,0,212,426,833,62
939,142,293,1727,196,14,2502,472,4193,52,8,2507,1056,1890,822,4,614,685,3699,2244
205,163,166,254,1077,246,5,648,2,847,679,1712,2570,4274,893,704,1,1,127,1898
1853,408,334,599,1,672,4020,645,753,273,675,1,15,281,2123,7114,715,468,2340,1399
120,674,5,1973,1295,217,117,1608,1108,1509,1,3326,4141,672,414,917,353,26,322,24444
43,5,173,4,0,10,636,3601,80,294,552,129,93,606,42,765,3300,94,292,1127
3407,2494,263,4595,953,50,1,2841,126,2002,1876,1179,3947,242,1243,2779,32,15,476,377
2241,3,2673,0,301,57,565,681,33,1468,82,220,494,193,1120,46,2607,1527,3505,118
756,285,295,377,1542,461,1238,24,584,170,77,71,186,2280,84,99,261,0,549,13
268,374,180,9,1361,105,136,99,212,142,0,290,458,474,1831,1464,588,1869,257,764
5416,0,3238,4878,2100,26,447,13886,32,72,54,208,186,1092,11,411,115,172,1629,523
378,610,775,1026,302,19,157,603,1827,896,8,1482,4623,144,396,42,2522,3311,1841,50
3,378,4447,267,763,1119,94,767,3,172,2308,2035,794,1332,195,2068,661,0,2238,107
