-1.73353587431246,-0.0035955126108596818,0.9888903031479379,0.8507410302432747
875,26,2898,3816,590,720,171,115,89,1,348,223,0,697,12,47,142,63,3547,6076
338,93,214,2283,3475,3483,259,2353,340,879,56,13,446,206,2855,285,7795,2496,1389,30
8012,24,36,987,1691,147,355,3862,187,724,23,42,112,25,631,505,1196,628,3,115
3,8,25,1209,251,247,167,6,396,364,48,105,8109,1,1164,342,246,382,40,500
1642,50,490,24,13,1048,3128,3,2096,2,170,222,110,4239,45,1081,3,635,7312,2274
32,1689,56,27,122,162,1430,185,107,86,457,149,361,1395,572,141,1276,5163,2,9
637,1437,129,0,434,1940,1525,174,758,1741,2574,2777,23,2621,38,213,88,54,3048,23
1249,0,44,587,1213,583,5,48,2560,2522,35,83,7,1,114,12,0,902,142,1
2912,1,124,3442,594,29,1291,1710,81,2,113,121,781,1863,800,292,693,96,0,901
13,260,25,1021,2255,461,105,389,3,59,493,2037,847,1923,115,160,1,5,714,2120
3258,17,0,1622,87,2636,1486,1156,243,367,16,1,54,368,1148,1383,376,34,430,4645
284,2180,69,380,736,3716,55,1089,277,1204,1,479,64,431,969,1387,32,139,250,6012
729,3,839,102,3093,797,2714,25,5,1118,2966,633,1698,4264,1557,210,1690,824,28,33
2089,262,73,1427,95,77,26,42,39,827,2011,3,3514,436,1208,811,30,57,1844,176
1,450,1624,1183,466,56,546,81,10,1865,431,183,235,430,52,218,623,3242,1,601
151,6949,284,21,120,309,0,892,56,570,1889,356,24,1958,361,120,186,930,1515,52
479,4013,107,15,2483,3,20,235,324,860,103,161,180,1278,289,4532,564,99,4726,733
2170,109,1743,3997,4333,685,83,89,1040,483,201,5707,825,10,2688,298,929,113,2400,1132
256,949,1024,33,23,477,425,1281,2536,18,290,559,2926,0,463,0,173,38,827,183
0,1240,4071,141,1235,19915,167,541,0,2355,4,370,521,7884,110,2334,449,3926,275,80
