-1.3326467058903833,0.003323750963662864,0.9999917577669086,0.850488652547483
992,511,2137,2270,518,583,572,232,671,283,281,500,621,1964,949,94,8636,1969,181,1108
1126,372,127,184,4643,744,312,1286,1466,103,87,706,2048,2783,467,201,11027,14218,152,184
485,252,3387,18,313,62,302,6589,72,1177,454,27,172,102,441,241,128,339,1020,965
1203,2254,0,1843,619,989,4258,475,182,203,1157,842,8933,631,134,304,479,224,6725,1934
20,205,636,175,488,175,1693,66,729,127,47,150,996,32,248,2076,96,424,72,70
413,995,702,2,92,628,3362,215,48,44,152,40,139,396,392,510,2110,224,245,275
281,3563,162,0,392,410,24,893,425,4700,774,787,310,45,356,254,2322,1862,584,1069
3047,248,264,194,22,191,2248,332,204,854,38,217,1265,479,127,717,463,202,644,3969
531,604,131,2046,255,0,650,551,814,2011,723,251,1267,172,581,16,332,400,2514,1999
1097,706,130,153,249,748,219,542,567,1126,615,488,387,336,218,329,13,233,70,1916
436,101,142,1258,54,668,27,87,236,197,563,124,2121,242,5,288,438,326,36,6860
248,1321,9570,645,12,1359,445,119,133,889,126,1908,140,115,570,851,83,278,50,12001
1388,225,96,49,487,472,1131,10050,45,89,1021,147,357,425,311,1671,228,5175,989,70
1187,260,2,533,530,341,866,1467,170,795,28,115,0,37,0,67,149,1460,58,328
301,214,1025,1846,357,11,514,331,303,44,822,304,13,1870,109,85,510,347,254,827
3202,323,2697,519,227,974,1555,2997,0,603,662,610,98,1518,559,1094,188,10,310,4547
1159,5656,1730,1397,5646,566,395,12,154,4080,512,23,1343,662,736,933,511,308,5713,949
550,249,88,119,1609,1208,315,0,500,490,90,960,126,74,528,38,209,65,83,5203
1961,497,192,85,85,447,1064,71,250,992,824,708,276,113,101,569,40,1749,4,209
332,59,406,705,210,2169,104,268,1693,0,316,491,2370,14140,32,727,78,4246,1841,476
