-1.3359691828159121,0.0010757066408179944,0.8225760186201215,0.8497193166337133
425,64,392,1214,538,508,243,80,528,944,143,290,235,2357,1794,695,1638,633,1022,596
900,0,11,3061,7,4637,26,137,31,368,1027,24,815,493,0,2218,265,1185,1517,169
55,0,7,0,605,982,34,583,3919,893,990,677,0,296,299,35,85,325,0,720
139,582,659,969,493,228,3279,5655,642,208,442,1854,13082,323,227,715,1233,32,480,1519
609,47,618,375,1442,261,399,608,0,3332,2222,568,275,1571,386,1115,99,480,290,823
381,681,1063,262,113,337,919,894,2390,47,588,1804,139,858,366,12631,115,4,239,663
22,36,318,170,96,0,232,159,929,2,1807,1128,1360,551,1253,31,254,1575,49,894
23,212,385,150,125,169,528,1731,482,1170,2408,6592,569,0,720,31,1416,519,464,420
215,2096,932,501,1065,808,251,440,148,101,476,21711,111,1048,54,1696,16,205,1041,9
2308,606,20,2405,946,408,550,583,80,1349,217,78,58,848,317,154,243,1034,370,64
1091,158,490,174,434,0,2624,300,12435,450,615,1994,797,715,13277,87,1570,2149,354,106
5,231,893,2147,86,4214,642,185,9950,564,1815,1161,6,3335,427,1865,939,1881,216,510
51,741,2055,377,196,11,697,77,1010,330,808,158,29,757,1039,374,343,243,1270,311
492,974,485,34,444,2077,81,0,198,801,492,512,722,452,188,524,7,2795,2626,121
634,2,1755,29,1640,30,1123,624,768,619,178,1024,1315,1080,3244,2779,415,12,0,804
128,1052,1382,1564,236,93,186,15,0,15807,28,1154,265,1644,851,2880,45,248,689,227
824,328,1002,3510,299,94,29,839,617,164,1222,441,962,1647,12,360,912,768,1638,561
59,1926,1081,41,124,697,61,1660,90,204,235,2470,509,185,1004,7,167,53,759,459
685,25,1969,0,1242,1544,410,433,0,40,816,623,238,67,406,304,340,459,1485,855
955,52,832,0,114,4403,5,270,640,1522,630,1054,49,859,2580,466,1675,4,291,3687
