-0.7885645817773861,-0.004699745195566546,0.9410803003837818,0.9404054013051345
136,2541,575,953,1680,1087,1009,1841,435,710,213,113,2406,874,542,965,549,172,308,690
457,408,2779,1973,1508,2086,861,464,619,990,746,1435,2901,1092,697,1170,2297,492,5267,443
1100,724,488,1581,436,1258,541,477,851,929,2201,377,352,2437,931,211,1889,467,208,351
446,639,2303,776,594,0,694,1448,417,351,239,303,1075,1615,2309,133,710,3744,784,3390
804,590,574,365,1094,611,1305,718,0,0,218,329,1037,901,352,777,1112,229,899,207
1088,266,218,1050,152,1189,852,522,559,76,583,663,398,2213,767,1668,569,763,1158,305
1316,210,454,662,1589,303,49,536,741,536,1122,685,591,161,40,1684,250,571,1329,1911
1452,1461,892,954,1727,1719,1763,14807,128,844,1017,680,1509,848,1700,1715,651,2317,2589,606
466,151,865,237,1113,625,1325,835,373,604,971,1946,1670,539,537,1183,980,0,696,29
334,577,1233,1058,119,1064,452,264,792,402,67,643,2408,677,781,1243,953,629,3076,571
192,1699,593,394,754,0,1836,954,1241,350,27,790,2867,689,1755,1339,278,878,226,962
1142,1150,55,737,2090,1054,2916,392,287,409,628,164,1669,318,669,139,787,961,405,1908
1338,332,2629,2854,1127,1606,985,387,302,1217,469,531,314,40,884,619,520,77,1098,1075
999,762,1428,812,2460,582,42,1437,296,318,488,728,829,887,0,304,2114,630,1890,2261
43,376,1601,1928,1024,215,607,296,427,769,1153,1490,672,854,1303,973,702,815,755,362
1412,95,0,542,1363,2503,431,1291,944,344,1162,2179,112,806,535,696,1649,666,437,177
1121,475,976,1311,1678,1346,814,1994,370,630,1271,736,292,766,0,45,1294,608,4,592
2980,2780,5361,602,854,1545,630,1076,1583,815,456,1822,1225,1038,1374,2583,2921,1341,2395,766
902,640,454,0,432,1017,698,0,81,904,179,130,2091,522,736,535,942,871,203,881
572,1166,1106,3550,647,885,380,766,1439,655,0,361,219,2779,650,1276,1510,651,1925,2274
