-0.8378587162612696,-0.005350432944040863,0.9203094454459164,0.9466760799231274
521,94,26,542,280,223,1473,1060,606,2016,59,1690,1521,1371,156,368,2076,1360,2496,3040
685,580,2254,1652,143,833,1665,1235,104,676,1586,166,300,505,727,3440,362,223,1346,490
219,422,94,2442,2393,262,107,576,323,925,719,413,0,1110,1990,1680,515,1414,2660,196
92,1100,294,694,1706,1811,1531,309,3307,390,713,946,1721,251,1059,112,564,1057,845,1001
3550,1293,747,95,1378,1332,17,2883,976,340,1250,985,141,527,1834,165,1541,1285,246,428
2759,899,1261,102,118,0,1250,90,906,99,451,945,863,158,1064,1185,897,886,1212,953
707,1299,367,997,2324,1235,1327,1566,1106,706,1467,406,100,868,882,1853,1740,424,478,1777
283,0,144,17,1010,446,960,389,1762,974,38,340,1381,2152,895,1814,1561,156,252,649
160,1350,1549,1275,1245,1348,735,464,671,1218,760,1176,1642,84,100,982,1568,539,1820,943
853,590,1860,623,734,836,913,2157,1503,1058,610,1522,352,1786,1565,2247,1268,2692,477,1907
779,379,2232,913,1104,1872,1299,419,800,1463,621,560,988,524,506,1815,241,572,229,819
938,1410,1099,2128,502,694,0,88,906,1217,1108,1696,608,1548,96,1537,5067,2094,528,1936
340,403,782,2924,291,0,190,430,770,513,5990,740,1579,429,1925,366,694,509,946,1163
130,740,766,1404,645,672,1007,480,1168,3565,915,245,2967,809,2463,1139,727,228,311,850
411,2107,0,15,665,213,738,452,419,1776,858,2082,103,1401,872,1829,0,929,836,2141
310,1601,818,741,875,1439,245,384,1652,904,73,495,864,1821,1214,55,698,2743,6,193
1541,452,1420,2740,388,1176,335,895,1379,425,794,677,404,694,334,347,109,773,660,3084
348,0,0,949,1183,270,1395,1233,570,111,1594,109,2378,30,1137,1025,1386,948,1700,466
2819,548,30,1305,2183,0,148,3461,1113,2659,1042,398,1035,457,1075,670,198,539,90,718
742,284,691,400,2704,2127,748,276,783,1060,1284,2055,1167,35,1330,2570,779,99,2329,1845
