-1.1461054679909028,-0.004598623751426493,0.8751223364893967,0.894000296320141
30,53,125,4962,762,364,386,119,2391,2305,279,337,41,207,2281,756,0,312,660,1006
1300,1621,215,3122,377,1537,849,2363,295,1569,4,710,607,951,1993,386,344,1421,645,528
296,197,411,662,779,46,1314,398,101,1097,1016,514,424,1360,110,499,439,1638,1580,12
4363,237,48,1571,3,116,442,197,4364,890,590,248,0,520,413,243,707,228,74,832
443,426,440,478,702,23,3938,376,1618,132,69,1144,827,28,356,162,644,991,250,824
1050,161,510,1262,2548,311,210,1487,97,3055,1506,2539,1527,1230,1054,351,0,94,208,3013
146,1048,395,428,827,1299,1843,1480,925,58,1780,1516,1540,1827,3948,348,274,680,536,881
0,455,2462,640,779,2306,943,599,902,757,779,1793,1778,918,275,262,3057,162,38,2267
840,60,236,722,236,52,799,558,9914,5162,921,996,538,1068,1225,2125,334,2367,26,398
2494,582,1607,223,22,1044,773,0,83,781,981,1194,1038,751,716,78,126,1392,235,132
163,688,93,785,310,0,870,342,766,5203,249,16,465,290,832,489,1035,418,506,1219
134,1042,3283,228,1113,1000,543,1930,1178,263,522,1164,465,451,372,1774,2800,213,118,499
1905,144,491,505,1166,115,9198,1721,0,290,765,0,2588,2508,77,0,6,2210,5211,270
437,291,596,189,1376,233,838,3160,201,836,265,2048,470,610,919,1120,116,714,357,57
1711,2200,135,146,1146,309,281,317,214,116,66,21,419,1139,2420,4037,330,1397,1014,304
676,131,2868,80,1289,1359,1625,2259,1262,161,9910,1833,1256,729,94,312,67,45,180,1656
168,494,675,306,142,1556,1276,279,2971,552,275,1,421,1037,19204,130,136,968,689,3984
72,1275,651,507,1902,1781,258,187,1388,377,1347,2344,780,1267,204,294,3033,161,668,175
732,449,1309,110,639,249,808,135,135,347,712,685,885,1309,168,299,23,1988,499,601
106,396,352,1878,2541,3477,241,1021,29,210,714,145,84,1200,53,6,2702,636,86,192
