-1.2037297567018335,-0.002793600046321513,0.9465119144974306,0.8499291181124575
305,985,411,669,257,159,45,32,162,4,1446,0,566,283,117,16541,362,891,344,2631
733,1201,1324,348,1792,422,1491,3933,563,0,151,0,72,319,1398,489,822,371,308,100
475,59,90,559,233,2946,2032,7494,6583,28,328,1169,152,250,324,164,0,350,443,144
1035,751,1318,960,511,450,277,182,96,167,1064,1004,1619,128,91,119,694,131,288,0
500,9,2379,937,0,44,794,837,192,995,276,249,119,524,574,153,904,111,1741,74
1460,98,103,9,46,11581,3052,414,176,415,176,931,109,15954,1378,2032,461,750,1377,754
50,226,122,139,197,1352,1329,209,278,437,836,1572,46,284,3508,91,35,955,0,565
1960,252,804,47,1309,2026,384,1048,521,43,184,379,563,275,41,570,564,713,333,420
0,90,267,254,352,393,605,858,870,1199,0,2055,185,385,713,352,295,196,315,3600
5406,759,1019,671,38,2508,655,5,914,582,1744,32,1413,776,256,85,656,562,691,2392
165,587,282,1333,422,3580,454,822,1053,30,4526,241,1043,1679,182,547,112,804,260,195
1429,420,224,180,84,0,1229,1784,660,183,1431,803,181,205,948,3361,267,644,197,0
178,992,586,61,857,817,1652,533,184,110,519,204,556,284,1283,750,295,725,862,1433
1321,72,546,705,1291,817,1424,421,59,916,8934,922,288,623,216,1238,128,84,0,2706
74,1118,925,1905,176,944,3792,307,1197,340,2567,1224,0,1166,524,10,552,397,230,545
258,2459,1599,324,542,231,451,109,1380,273,516,489,123,188,42,124,482,1842,128,1695
305,424,133,1048,1726,138,169,215,255,362,1564,23,484,638,813,493,738,231,6786,278
2265,64,61,161,2219,448,798,40,922,320,1455,410,910,1619,2215,972,96,731,275,719
427,140,255,486,735,31,1898,577,0,1132,493,643,29,1408,132,2615,658,2126,125,1003
276,1564,7,965,12589,14914,414,104,450,167,196,278,44,19577,1453,29,416,1726,1697,992
