-1.4714895014442333,-0.0015458434675239404,1.0003327479152515,0.8511870930683125
2229,110,3479,470,981,396,2729,470,148,285,161,1046,1,100,125,388,87,26,325,5485
179,534,72,2552,2512,215,61,2545,185,0,147,1793,320,1525,565,1191,7648,310,27,191
1580,81,403,2082,737,347,37,3,1508,98,873,181,893,495,844,383,5185,553,4,789
10385,209,1287,3835,322,100,3398,417,1027,910,932,454,14,266,2175,1607,1280,39,583,173
423,212,760,0,52,236,175,529,491,31,2,456,47,3671,0,679,69,744,4172,1098
123,401,449,892,629,909,1009,83,94,300,304,513,1156,600,100,14,1222,312,19,19
1429,309,1552,14,0,1319,632,151,574,1706,13,111,11,1914,380,206,707,684,3169,119
1465,2389,378,35,266,4083,459,3096,287,1853,93,202,392,36,3,8163,14,32,361,2071
2210,238,161,247,507,46,664,1379,2657,205,12,1041,56,2522,0,405,469,223,785,1230
20,338,0,173,874,393,267,15,49,592,6,1521,45,0,118,264,256,289,26,1197
60,0,0,237,50,455,2190,103,70,296,237,1129,22,365,5760,353,499,531,420,2710
419,6248,19,660,442,492,1129,1404,67,27,297,1075,6,566,337,818,68,260,208,11455
2436,4,435,407,741,421,703,254,211,1510,220,60,703,203,830,400,1210,379,1990,49
744,356,107,69,102,116,5,145,18,577,1258,39,57,49,33,0,2186,118,1236,280
1344,650,3345,4251,493,866,314,596,32,300,193,387,149,1181,1085,5,680,1960,5718,1730
409,7836,81,77,62,621,31,149,2651,130,675,551,61,420,55,735,123,29,461,53
77,6188,770,17,2946,1126,959,327,168,15131,576,604,2180,184,670,8123,283,1390,3862,0
1358,137,767,4065,1322,88,527,53,885,1305,282,31,474,420,2093,170,440,10,4212,251
433,292,1013,1052,531,1154,152,283,1514,212,1853,83,2270,1651,557,152,68,195,17,658
268,2860,4865,205,384,13484,4422,1240,148,172,0,55,2116,182,748,4484,168,2220,3,755
