-1.6010575345040448,0.012666943302638714,0.8397617033595474,0.8838936382666853
949,266,76,383,584,949,71,3,1356,2089,6,53,1165,1882,181,2518,188,611,1021,1065
31,105,319,785,209,172,204,754,461,142,2975,49,343,666,4425,753,521,22,25,369
258,288,108,43,683,420,245,467,1757,1833,123,4934,1499,1165,118,1169,329,156,390,421
1,838,491,7,172,3,159,151,1430,1399,756,213,3950,18,1090,1135,0,594,197,414
4,285,191,311,4,725,632,3117,1430,121,1023,828,1851,3126,178,5421,26,4145,4730,15
1,11,1547,1095,49,529,582,294,884,82,7275,21,1258,468,1961,9755,639,752,1177,327
7,0,1364,5,167,507,1498,1172,4810,3499,1328,5898,2451,14,16,135,859,1,1753,1008
2183,925,1049,231,2462,8,5296,73,156,1447,9,573,273,175,13,90,1807,998,5,164
0,15,3222,21,2320,750,2835,790,663,15,2752,2136,906,1086,317,747,62,2672,508,2173
10,61,4,418,505,16,1031,191,151,3270,2058,5,38,1652,572,1052,736,1318,429,172
1581,63,629,8,1147,1119,2473,1698,3,2877,0,2202,4,2913,32,414,132,576,928,81
510,208,125,39,4059,236,3117,545,35,2141,1,2435,2620,1232,654,236,1063,136,83,210
1393,109,582,300,1305,1418,1664,944,39,579,1494,1986,54,4048,32,7355,1528,469,227,235
3,0,0,118,0,203,0,910,1291,2540,3913,447,1868,2176,43,798,2525,1400,11,0
3607,54,264,2021,1,705,1213,214,3,526,1310,1086,446,1,55,1719,2726,111,1021,45
274,277,468,3548,192,4,16,3893,22,866,2459,200,3553,460,3860,2002,2746,1830,28,16
1456,96,3,8,358,107,688,521,509,129,628,132,2807,730,2423,827,1705,1921,1251,5340
4138,162,1,48,1859,1230,22,4096,858,334,188,2096,222,647,2429,1824,7149,16,791,1
985,81,215,234,205,1134,1,261,448,2,113,1015,548,2362,819,17,199,427,1637,347
92,1223,81,76,417,668,695,1470,1094,388,1098,53,0,35,1329,1526,0,877,296,927
