-1.8352139609954818,1.7801081592206175E-4,1.0018234068187128,0.8578574340422362
1136,34,5049,1891,1225,97,28,188,150,82,458,1,1350,153,18,19,10,452,362,5866
1049,3169,265,1555,2964,1936,20,426,1,1345,107,281,641,330,2321,183,4921,3434,6,115
5156,428,783,1153,623,51,300,4313,255,43,239,34,80,3,5139,2008,4,804,7,1
4,5,1404,4303,3,2,928,2102,596,2481,1,1125,32,4,110,893,2151,215,645,8171
275,33,772,95,4,4,259,33,30,44,590,1,168,5504,32,3724,3,2743,7598,3341
248,1202,396,24,296,3,55,161,401,18,445,78,554,885,507,54,1330,1505,2,26
925,145,9,4067,5,704,4516,1371,407,2218,2954,308,31,1663,188,249,269,396,4354,509
1212,2681,4,4,1008,2333,132,721,1059,1779,34,406,3,1,101,6642,46,145,20,3
5003,40,118,1880,1225,456,1451,1899,124,29,49,384,752,2215,1743,310,652,1529,2699,1228
22,263,26,2320,2553,536,8,33,8,686,557,2047,331,4409,1352,165,1,2,500,2444
1612,508,713,322,2,1142,2487,487,163,1,6,1,152,715,807,1231,290,822,6,3189
677,4590,4,2202,93,1956,3,572,193,1312,1,51,197,668,724,2598,754,414,472,10267
155,4,464,1,408,0,1266,33,320,109,893,622,52,1098,45,33,1930,74,293,2
1078,5,4,2364,378,134,20,73,28,1376,952,1065,4355,734,125,1492,1164,39,381,453
42,329,2960,1455,128,1201,481,510,7,118,1090,756,102,396,860,50,1308,1937,5,279
194,6730,810,171,238,1074,1780,7,70,101,1304,565,3,0,83,132,1002,620,719,107
1202,5203,73,31,999,244,7,42,437,624,205,338,91,1084,249,284,516,120,1942,376
3954,164,813,2245,1950,216,537,72,593,17,90,3,21,27,3040,183,390,20,2298,633
832,700,144,36,92,204,3061,804,1265,53,373,946,2555,35,787,4,162,1876,3712,60
2,1360,3186,117,1648,5663,183,963,302,3314,776,551,122,14239,54,1685,167,3524,64,2160
