-0.7339135307671667,0.011834780475880647,0.8765372350503092,0.9488631480831285
0,182,1559,1177,391,404,1996,438,0,840,319,1031,139,1526,727,2316,1060,774,232,2351
361,0,670,679,683,724,872,332,915,859,381,865,599,1136,407,1546,616,501,637,1312
282,329,570,963,817,103,1317,164,447,1982,1150,0,116,959,1222,0,1093,853,2116,546
0,292,144,278,1689,203,1987,1879,23,1071,573,820,459,732,371,1486,1466,3141,1179,210
237,1035,965,153,1362,696,1255,1170,597,1057,1232,1071,643,516,928,431,1093,448,383,1122
701,1336,999,538,892,620,402,417,1019,1304,614,1182,757,593,687,651,273,541,896,1287
1127,737,694,1653,369,1239,1757,1182,848,992,2473,1343,2833,306,1053,52,1421,1199,1455,639
3441,595,766,1280,1053,886,2707,1594,0,242,432,4182,1863,809,507,2213,647,997,228,966
1028,4860,838,0,1501,491,2079,1587,1683,2469,600,1178,1302,1149,1257,2253,136,872,444,1301
587,1732,456,2536,3191,621,268,228,1134,838,806,603,1572,4184,159,953,1220,2204,1724,438
766,1743,735,2621,460,509,3014,457,2649,3865,1010,1571,679,616,649,362,1964,315,814,1137
608,717,755,1542,2739,770,236,420,409,1149,27,3586,1966,303,1272,556,2263,462,888,1821
14,960,808,892,2504,2784,1960,1311,848,1666,1352,746,633,1719,1244,1394,802,780,291,839
736,830,978,676,776,262,295,1244,1596,1651,1200,1355,932,2351,478,1403,542,778,648,238
580,460,527,0,0,473,145,3289,1419,3201,0,1793,779,136,1689,1217,4586,1224,1572,741
551,1059,1192,524,285,415,0,308,1095,881,322,316,662,848,1342,1535,341,871,761,0
309,858,799,434,1167,0,490,432,213,395,1233,666,267,2738,2188,2087,1336,1286,217,291
540,0,340,707,378,1601,1634,798,2340,1327,1724,288,776,0,2706,855,1466,540,56,2006
1076,758,527,430,568,1262,737,133,942,2127,391,199,1101,556,768,661,350,538,999,491
4799,612,342,87,523,0,1760,3151,403,182,140,727,101,145,67,1447,1155,1806,795,1234
