-0.8708522645371013,-0.0025072397563600966,0.9302511964279134,0.9388439996297904
1041,1451,816,1939,1591,1853,2103,44,604,654,1188,636,1606,1431,844,1443,62,820,478,170
453,790,2421,437,1747,925,633,873,61,1436,362,942,339,2461,2290,750,1906,883,1929,569
1243,2118,1562,452,23,1416,625,606,518,1991,1368,325,569,2411,735,350,2286,304,879,681
417,769,1005,835,608,176,61,841,561,1030,152,847,644,1615,2089,357,393,3925,598,2047
804,92,622,393,207,504,405,992,1524,2571,1510,471,401,108,1802,708,1749,205,1170,878
851,1358,261,1403,56,1541,1194,1292,574,32,1153,465,3,423,609,4154,611,1317,287,1383
512,219,264,553,1996,1417,1069,4735,975,842,282,1469,619,229,0,57,2071,735,33,3334
629,1254,1285,1557,2596,1166,730,13301,135,822,1525,1033,831,203,1563,1357,1084,2001,1264,552
370,250,3298,84,578,621,1330,510,343,1561,596,1941,541,437,629,220,319,50,651,1748
387,1036,772,582,147,1561,350,966,774,189,142,785,424,362,68,1224,173,145,679,702
959,1188,246,358,450,572,837,623,823,167,113,1325,1957,1296,1819,1641,199,451,226,1024
94,1984,365,954,2260,2245,1587,224,836,322,392,1189,486,265,1236,692,1275,1217,425,92
1711,1398,1210,466,1749,1592,1373,177,95,2839,2177,0,480,2071,387,441,1731,207,840,1310
473,135,1884,17,2378,745,121,2450,442,493,263,537,824,837,240,56,548,471,43,1808
152,0,1352,1397,647,317,956,493,163,671,1248,1320,840,828,1626,1404,234,736,586,2302
1238,430,410,679,223,2683,797,1316,824,246,837,785,912,809,1302,788,1539,366,263,1520
28,236,497,2,1566,899,638,212,462,1102,959,734,401,1093,2586,64,339,276,183,322
1804,3143,5358,777,1011,1141,399,687,2270,704,1023,552,1125,751,4416,257,4481,1143,378,576
567,265,855,1367,340,276,761,721,486,2162,159,1274,296,626,1187,70,955,1731,177,1126
1024,413,1482,3555,1913,488,547,229,1087,672,1796,742,598,2455,704,677,628,352,1931,2182
