-1.7166233046333588,-0.0023809035978511095,1.0013435992883606,0.8504364598689409
934,27,3143,2089,935,119,646,112,701,425,708,233,1285,745,12,246,96,63,194,5321
363,388,461,182,3637,1902,176,4832,123,879,63,7,826,190,3102,350,6771,2153,0,166
7885,184,311,783,1704,484,316,3862,0,734,19,67,12,31,631,4926,1402,94,301,110
10,8,35,4922,365,212,1125,6,356,427,170,343,8126,10,47,913,2305,358,10,282
20,13,297,1079,18,985,1741,13,228,12,168,44,104,3893,39,1027,5,192,7296,2277
16,1757,242,23,111,1,1385,183,169,63,392,148,1104,1398,183,78,1194,1852,45,21
724,1262,129,0,337,2034,1525,184,712,63,2133,608,29,1243,36,121,88,43,3052,716
1210,0,0,48,839,2219,8,56,2319,2120,36,180,2,66,2,748,77,656,142,1
1789,1,156,2942,968,79,1121,1666,120,1,194,513,1434,1912,794,225,651,50,33,638
13,343,86,1048,2255,273,40,26,3,1141,495,1349,962,3937,338,104,1,1,466,2207
191,476,872,1637,89,2741,873,1106,150,314,22,1,303,337,1232,911,634,42,963,4645
916,5578,66,200,1109,2514,17,1138,29,1269,1,2,83,449,969,1352,35,464,264,10916
1097,706,175,1,1663,81,2204,64,4,1118,1238,1410,6,1112,1547,65,1780,818,43,3
727,262,46,1412,162,210,1,43,9,697,2095,238,3546,466,984,1481,78,231,1170,0
32,346,2965,1675,531,0,544,67,1,2353,692,63,197,452,338,0,607,2501,462,0
108,6857,615,68,120,299,10,829,156,1252,1565,428,2,1958,939,269,47,2886,684,51
570,3957,116,15,2379,4,10,41,349,885,97,161,98,1103,247,1356,537,108,4258,722
715,13,3691,3985,3767,652,276,77,254,483,334,5525,14,137,2650,245,1706,115,2404,903
1,957,1208,31,13,503,500,222,2505,18,273,600,2662,36,638,1014,144,3177,827,148
2802,1782,3768,136,1413,21385,138,797,206,2360,12,389,105,8035,84,4000,482,3412,365,1270
