-1.4541686869598902,-0.0017374137881245857,1.001491078933743,0.8495874689004481
2229,114,3633,470,741,396,2729,470,142,284,161,1046,1,93,347,388,87,26,325,5485
179,534,72,2552,2512,164,77,2545,168,0,143,2094,320,1525,565,1174,8295,292,32,191
1580,75,413,2082,737,347,43,19,152,98,873,181,889,512,842,317,5202,553,4,446
10385,227,1287,3836,304,92,3398,390,1027,359,934,458,14,151,2175,1607,1376,35,211,159
423,231,760,0,52,236,175,529,491,31,2,383,47,3671,0,679,69,744,4167,1098
123,401,449,892,629,789,1009,83,94,283,304,513,1240,600,100,16,1489,312,19,24
1333,591,1542,14,0,1319,632,151,446,1706,0,119,11,1914,604,206,707,682,3169,119
1705,2480,378,65,0,4083,459,3096,287,1853,93,202,392,36,3,8163,10,454,361,1745
2080,238,140,242,507,79,664,1209,2925,218,12,961,56,2522,0,441,735,208,785,1599
20,308,0,171,989,393,267,15,60,553,6,1545,45,0,93,264,293,289,26,1197
60,0,0,237,50,466,2238,103,70,296,246,1129,22,365,5760,353,499,531,420,2710
263,5601,68,634,442,665,1129,1448,67,27,297,1506,6,566,337,818,68,256,208,11455
2220,4,458,459,725,421,667,278,284,1510,220,60,436,203,950,400,1393,349,2160,54
700,609,107,71,102,118,38,145,18,577,1258,45,57,54,33,0,2186,118,954,360
1344,650,3345,4375,510,866,285,596,32,267,193,387,149,1181,1085,5,566,1754,5718,1730
409,7836,73,77,62,621,31,149,2756,126,373,551,61,433,55,735,123,29,461,79
83,6188,770,17,2946,1257,959,327,91,15131,571,604,2187,183,670,8123,283,1390,5218,0
1358,353,772,4065,1322,88,317,51,885,1305,18,31,474,420,2093,170,412,10,4212,252
589,292,970,621,348,1154,152,282,1446,212,1853,165,2270,1175,634,152,68,195,10,764
529,2860,4574,205,384,13719,4422,1309,162,166,0,72,2025,182,748,4484,168,2057,3,1144
