-1.2117150420288925,-7.630055383723025E-5,0.8696201447342418,0.8509102182482889
177,45,1141,1380,301,53,792,111,228,1073,687,216,181,521,905,646,15075,150,368,1374
1214,56,194,1307,990,248,373,9,27,404,145,7682,914,1417,0,2182,755,2519,205,717
50,4574,1624,492,741,106,24,325,1516,1488,803,113,493,12458,27,23,393,133,118,377
478,227,910,1093,850,586,834,3061,1074,1106,6243,96,10732,32,1543,719,130,341,0,210
336,781,264,215,310,598,210,1101,226,662,2811,1265,231,744,103,1684,991,181,602,172
221,829,910,1174,0,736,793,175,1347,75,349,0,138,0,66,3730,815,93,200,539
281,275,142,136,195,1844,34,131,4803,650,0,0,83,373,1297,960,442,248,162,984
283,228,608,137,216,387,49,594,1609,1583,3271,1003,204,1300,44,626,1529,435,482,283
146,536,5748,1112,1019,2147,1430,605,265,222,572,23008,213,36,1023,914,711,234,438,2121
568,144,34,1500,1757,19,514,147,908,847,446,1196,433,622,1264,278,551,1474,1828,12602
2634,187,645,181,494,86,1528,551,1233,149,3749,1328,737,1842,2212,584,190,263,141,189
13,1789,56,0,213,3091,583,351,652,100,282,517,266,0,1048,1418,477,192,1206,1546
1116,157,1317,14,56,23,486,658,687,1023,51,1107,2650,460,1720,127,226,326,312,804
948,214,816,926,68,489,279,1072,696,2499,1208,105,823,771,5429,83,2,2179,5228,237
202,207,642,128,933,206,655,282,1418,895,81,115,172,873,493,811,83,156,317,1092
101,3622,1563,295,898,395,43,611,325,14379,115,0,0,2894,1110,1332,147,417,366,2075
1502,254,2719,235,230,309,238,2756,85,417,145,8730,491,574,162,0,544,528,0,707
91,194,701,127,443,231,340,280,1798,446,509,361,3,510,2165,113,1914,364,773,79
782,36,799,14,703,199,6,76,75,471,2423,966,208,342,843,1339,712,259,255,139
805,799,686,779,312,727,338,487,103,2487,73,221,116,1294,538,580,484,1427,300,732
