-0.9215914807727721,-0.0037014021071723113,0.9205051744730365,0.9001170115212982
593,825,179,1520,367,1404,238,849,1228,153,1446,1078,1820,6007,2528,59,0,458,514,565
0,925,226,130,724,515,589,312,522,711,127,1091,790,1057,724,399,1035,0,303,6736
808,170,344,538,325,2242,1276,902,68,1068,1441,712,694,2219,1242,165,1214,45,595,118
1112,363,970,789,405,760,853,537,845,708,138,212,828,1061,395,445,13,960,338,1226
638,759,1180,842,701,470,2938,295,527,31,16,253,1328,64,1011,708,346,426,1076,465
3018,2055,335,121,364,391,309,409,964,120,634,3168,711,868,344,1886,414,369,1110,311
0,711,1504,574,210,386,854,0,141,10615,564,774,771,1125,569,487,394,582,201,4687
1027,2747,778,620,320,1845,1000,142,876,1205,3422,1000,1573,361,514,114,1831,534,202,83
1053,1047,1150,0,252,199,156,1127,387,1880,515,1077,1958,500,338,250,1457,3008,1397,274
3238,1478,265,92,849,607,114,283,376,1315,1403,438,143,1099,1809,544,844,1285,352,562
816,298,2586,1263,571,77,595,198,71,3960,314,621,399,795,624,508,351,578,1674,340
198,1103,7909,1599,952,435,768,198,1423,156,0,228,1350,547,360,1191,1459,868,1476,1688
1256,559,1999,745,757,749,330,541,435,626,606,2337,1539,260,66,1226,1174,190,2004,1004
1316,4821,1142,549,59,848,537,2556,1966,432,750,1357,597,333,1370,1000,1947,1260,1013,312
603,482,1086,554,134,854,179,837,182,917,180,452,182,580,5843,327,664,1488,827,217
337,439,305,10838,909,475,1796,806,2406,136,722,221,342,0,2245,1697,195,146,276,860
634,508,725,249,471,387,210,1267,437,598,592,150,518,428,20849,47,1276,1115,33,699
2476,547,864,504,1711,708,684,3620,389,103,417,927,1444,518,0,668,2710,2859,516,761
727,1470,505,619,292,11385,692,150,166,1287,1177,471,321,322,316,478,619,804,717,275
1499,566,81,387,269,242,590,778,502,517,979,611,1821,1102,739,205,313,99,1043,228
