-0.6401832902682766,0.015447541486101012,1.0018800498009255,0.9601872793986075
1619,3013,1787,777,2152,1101,823,2089,1628,505,1417,2896,1376,606,1808,1966,1506,1000,1337,12935
1104,2171,452,223,1215,1264,813,556,654,691,1711,1231,2084,370,1880,783,793,732,2100,2950
993,1123,1450,747,326,497,127,566,649,986,272,712,961,582,959,633,1208,2589,1858,1358
1272,2402,945,670,1130,792,1189,247,1740,102,1170,658,486,161,589,832,1023,1109,840,727
1821,630,562,765,1461,596,888,660,87,1307,541,827,255,1436,468,268,1283,407,689,1980
773,1323,714,398,750,775,686,1042,979,1510,749,1115,384,1943,2081,1920,335,1273,1485,257
869,2117,484,1176,225,978,681,715,938,905,1534,910,36,610,1204,1155,738,2310,607,683
1293,929,1370,786,829,945,676,155,582,918,567,290,859,1219,323,1079,617,527,817,868
1503,567,1060,1125,406,1213,1755,584,853,252,657,497,107,354,908,143,1322,619,960,1034
460,219,1880,1468,430,952,190,207,135,1629,390,241,736,710,213,733,151,791,150,182
1249,1305,606,744,1454,1894,679,498,668,56,668,771,1780,571,548,1036,501,1178,1005,844
791,1083,112,316,483,662,710,1020,919,1043,1063,1398,85,329,742,817,1626,957,824,636
1181,1335,310,1022,671,643,105,443,392,1321,1819,299,787,993,233,631,702,411,1781,565
352,1881,2379,586,1089,637,302,933,1113,1010,741,434,287,316,736,773,200,528,806,901
2313,1021,1707,472,1123,474,104,491,855,200,723,1752,615,586,749,1097,850,1693,1120,1025
704,487,1350,128,728,1038,787,979,296,1052,1156,766,169,2292,1636,1434,945,1612,1565,760
921,1630,1660,1289,493,381,2572,681,851,1279,734,403,1262,613,351,1077,485,1105,903,980
653,986,1881,239,705,2452,1088,1173,412,473,1004,506,554,844,22,1969,989,1156,2100,2904
446,853,217,802,342,1022,822,952,947,0,528,365,2553,1719,1447,367,627,927,1485,921
3282,892,925,1342,200,333,1196,1180,2247,1039,1237,1639,817,3228,902,1397,400,2371,473,1952
