-0.9794095604056309,0.004709686767937544,1.003455994437102,0.899875413899945
424,234,396,96,367,687,945,484,190,1344,611,2962,593,426,132,129,1001,150,978,16533
1668,327,78,548,162,0,1041,367,500,989,228,1048,2420,96,1996,751,675,0,1367,1419
433,2381,69,877,519,332,1316,373,792,186,726,2970,2143,1296,344,2643,272,5996,5415,1506
307,710,288,97,2994,338,389,654,799,291,477,404,9889,577,25,506,1286,179,4359,897
249,241,983,511,655,3770,789,261,710,1253,2212,807,1398,412,857,665,311,1320,921,191
3097,1108,767,520,481,1763,339,1568,437,1312,1034,252,1049,401,662,44,2120,1571,250,1559
169,83,3323,2295,886,336,412,369,937,871,440,212,51,322,321,186,355,182,749,104
1673,935,3801,417,229,33,615,612,380,176,727,235,1724,575,99,276,617,322,2883,409
421,210,98,492,1780,359,1323,543,647,245,306,53,1842,0,1096,64,2497,1242,2259,64
1184,224,156,294,2116,305,196,1245,238,90,406,256,115,556,1227,121,394,459,1248,1381
102,1310,817,205,986,360,491,161,1380,347,376,4486,820,606,874,169,347,282,112,1413
10496,408,308,829,45,1947,1268,754,419,784,261,229,953,563,217,568,1171,2296,1979,1048
1960,2667,119,3501,369,644,381,468,1237,1119,113,381,653,1360,829,1379,827,185,1428,234
366,0,2324,185,104,242,883,1500,265,948,829,689,335,973,302,599,1986,2516,506,865
1279,282,471,402,547,1133,0,1080,265,509,146,680,120,820,438,741,170,670,77,214
4603,544,100,292,461,385,1726,1127,1316,320,251,617,695,2203,259,95,208,632,1137,358
346,562,1569,323,309,646,324,1629,970,434,773,976,2262,1038,1062,1402,289,1167,979,1904
9130,1605,1073,700,421,795,114,169,2975,1332,1402,47,239,615,219,220,7588,1680,100,0
765,584,232,473,0,647,2452,1072,374,223,407,0,596,166,1703,1301,319,511,834,385
748,4686,553,800,378,975,4091,1629,359,309,794,945,696,255,340,1695,2857,8077,536,272
