-0.8995127121462845,0.015349974856604437,0.8487958826756308,0.9450231848080987
341,541,621,298,2023,525,167,102,35,1740,241,509,130,798,787,1526,1514,36,736,576
261,382,234,644,1500,6,251,1042,526,95,846,1809,59,752,144,1835,1151,498,307,427
504,1080,643,1819,1861,264,430,1155,1294,1889,2187,372,2344,280,36,853,2218,85,865,970
584,1149,1257,407,2802,1268,934,963,421,1091,1586,3686,803,38,1154,586,620,1285,713,793
611,513,2887,1117,311,778,1527,710,772,1625,395,423,1178,6,1446,1686,1397,707,625,484
991,451,245,556,905,848,1040,540,1911,57,137,720,1773,913,586,145,197,797,1569,548
967,0,17,891,895,1576,393,1593,2122,1848,400,1349,2363,278,1897,1477,2150,694,0,1399
1619,751,690,2587,525,956,628,1514,2114,571,569,2111,1237,86,3438,1114,899,986,1168,1438
398,114,892,1134,424,860,3138,56,1872,2477,3374,1619,1653,888,57,3605,466,6,522,806
644,836,533,699,680,0,2078,459,1194,852,279,1757,999,1061,368,394,358,960,878,305
739,106,322,338,542,1565,954,680,5199,1330,1468,1984,900,21,3074,578,4,1760,380,820
649,1131,557,1076,535,910,2409,2970,960,1857,390,863,140,3002,625,1875,403,4382,3049,96
2203,2779,733,1585,2789,2789,1112,662,688,1628,3432,911,417,2098,1467,1359,794,1037,105,2724
1367,1038,1126,865,1020,477,3814,1632,723,2288,726,1407,644,1599,127,1614,525,1080,613,53
661,352,1670,20,953,699,529,2077,4850,4398,560,576,1432,1007,30,895,221,1624,484,154
109,1049,665,2091,541,164,110,848,2151,2272,720,865,1018,337,711,737,809,1295,142,1343
223,856,491,183,1278,421,201,73,295,456,578,880,2024,594,528,790,235,2786,1104,1341
998,18,999,351,113,404,188,325,727,660,940,2650,1380,499,66,536,1093,1158,536,1644
148,44,639,415,1858,2569,2066,1517,172,597,933,374,286,2083,1346,1503,138,262,479,265
351,468,470,492,409,386,1536,1914,1068,600,328,284,577,1326,1,645,337,1092,274,260
