-1.862607197190554,-0.001233749592186019,0.9972445495034941,0.8489234906733676
1057,1645,1059,558,27,1926,10,961,585,1,2218,976,3202,130,470,16,176,287,150,6431
102,84,848,2273,1079,2498,122,188,230,1576,238,8,459,4763,3293,0,3048,52,4,3824
7329,403,776,1956,297,216,13,260,472,1302,332,134,999,78,541,230,3769,79,2,1
4,221,1255,0,3374,1,837,3,930,510,1,485,6933,117,341,1229,3096,1791,1,4457
834,299,510,0,0,3,1331,131,237,19,61,1,15,3171,74,1346,1,9,6394,2548
3,5557,1256,16,201,342,1,209,924,413,885,0,786,981,410,129,94,2456,220,424
3625,1020,19,233,2610,604,282,2293,456,2419,1197,29,7,249,702,118,1,481,3807,95
1021,2056,4,0,376,2181,2296,337,2134,790,80,102,3,1,576,6978,3183,37,800,2
3153,759,24,2193,5,219,1497,2028,587,165,1,1141,724,5481,846,79,608,102,1274,875
16,555,33,678,586,605,116,214,2,835,5420,1080,1806,986,1645,29,1,2,148,3911
1816,662,189,767,1,685,1734,2,171,3,10,1,127,525,1036,2375,253,556,10,562
1714,3757,131,667,66,993,95,1327,175,1780,313,1133,45,709,537,2778,1428,90,2452,0
2540,2,143,1,679,5,89,5,27,20,0,724,20,247,224,7102,6641,106,343,2
5273,3,191,4161,0,3,1,1100,138,1404,159,2102,2103,772,314,1016,9,1316,1336,180
2,4,251,63,1,0,256,132,178,602,101,344,28,71,21,16,234,1518,19,31
1646,78,2042,49,180,1041,815,1,21,610,933,272,17,1262,311,567,70,1272,1038,91
627,25774,167,19,0,865,49,63,79,177,1229,132,95,557,525,1357,853,130,921,285
2398,1027,2303,1097,1533,36,287,0,195,8,1675,4114,19,1008,2677,78,1875,6,4224,1720
999,0,1665,2,205,27,406,405,38,113,53,681,4272,597,391,373,164,1119,3637,120
214,39,2689,567,911,907,2691,560,2,2952,0,1162,379,1982,3,3431,62,2011,1123,1489
