-1.5124431545036636,-0.0011546957168104683,0.8463836012298367,0.8497504759259327
506,226,858,1722,67,899,463,218,1,1382,1082,2,676,149,1352,141,1704,10,537,0
1791,2062,632,632,4887,4436,196,36,287,254,124,319,1128,7,825,962,425,1007,136,37
121,0,558,1055,5,72,424,285,2715,774,8,0,144,1471,1962,1462,2400,389,1157,822
1324,167,32,1619,281,879,534,592,752,0,781,2965,146,1763,49,2910,4866,225,61,49
384,2309,1857,134,566,1120,1388,135,4051,1,64,26,419,1014,0,646,232,253,364,219
829,120,2034,75,4,785,226,485,2242,377,355,115,948,256,2164,368,214,1143,13,0
616,1111,63,2379,195,1234,118,1341,58,1289,480,845,160,598,342,78,626,945,7154,363
913,232,37,156,785,4246,114,1570,4524,3,1683,2518,1524,2812,3428,9254,21,1352,168,116
138,115,588,762,608,359,396,62,1021,723,41,24421,316,65,1317,1913,138,798,677,184
568,1459,1481,3,0,1493,206,677,3724,2464,1486,31,56,6405,497,326,1437,130,23,8757
59,1153,702,1483,132,2195,6,8085,0,22,5132,246,83,589,304,434,442,525,248,48
443,962,1190,0,455,2449,977,565,47,67,1014,3048,1166,34,1079,1026,0,254,124,1050
380,669,550,37,212,104,1760,1124,5,234,32,2224,2485,213,534,6071,22,1249,747,166
85,241,1410,228,2285,315,1230,592,594,4031,33,97,180,325,27,164,110,0,1801,1054
133,192,434,5945,1155,861,102,1238,98,1582,51,51,1890,1024,2,50,3140,164,84,290
7,456,231,159,69,69,1334,135,203,4594,1474,12,1231,363,576,11,1455,0,92,6303
1,0,5,0,0,0,5777,404,244,10,1,586,259,79,201,563,843,873,186,350
195,611,89,16,3379,260,137,714,87,17,232,175,106,564,2648,473,461,0,174,46
217,742,470,181,390,31,2391,8,757,1232,476,271,0,14,889,3701,7,1633,10,76
10,1054,670,241,563,626,127,258,34,1211,82,10716,736,381,1785,4207,10,2725,467,233
