-0.6344502185023748,0.030617635951254864,0.8473235002768112,0.9665497489506807
324,765,1389,105,238,970,2142,873,1381,1037,457,277,557,473,1780,816,656,208,267,282
502,894,865,128,334,1047,738,1074,2407,423,628,3239,587,968,642,886,717,761,265,1316
962,796,311,1365,634,542,1836,1344,960,604,1016,535,978,1477,54,906,1296,1151,656,399
454,430,199,909,538,721,932,792,1383,473,2134,1938,1603,1126,2351,41,483,1004,683,877
148,670,773,436,399,534,1105,1000,173,940,750,448,814,727,880,686,907,183,786,1404
1009,150,1091,1510,1751,421,876,2067,1197,1360,812,2753,1655,1418,1085,1179,217,836,761,848
529,789,742,50,833,1984,1414,525,1273,1475,2197,2666,1639,1282,1716,754,2958,496,1720,343
1764,657,724,1164,546,1694,715,969,512,1242,1125,2351,536,1278,1682,1162,412,1193,1154,1516
1000,84,542,1047,1264,717,921,1334,634,1024,399,1322,1034,2082,1648,1491,666,488,846,613
622,1534,965,1225,1517,579,2675,1837,783,4696,571,1278,1076,2453,1384,1541,1965,941,1561,1704
1729,743,1281,3457,2115,1026,673,399,468,2224,1286,973,1295,2926,1443,1212,1930,682,256,808
287,436,627,1231,1017,636,361,1146,1715,2385,577,1547,1744,251,2038,705,1010,1420,566,819
730,236,421,1098,1189,795,1430,1474,1820,745,3264,821,1655,5026,319,1770,324,424,1854,181
937,633,808,974,694,1253,1166,896,1794,893,869,647,2319,383,1852,1437,1608,1235,772,1021
1071,131,1665,190,818,932,1885,495,1465,1551,710,1986,432,1930,1038,755,499,1246,1020,761
2340,646,240,570,1493,1395,513,150,971,19,822,1229,1646,1521,368,1311,1113,442,832,26
1164,680,220,218,1284,948,1282,1558,554,1876,764,1062,522,533,940,774,675,232,207,832
706,1029,1170,235,810,1156,780,233,1378,1255,829,1161,138,531,496,1260,1487,1221,609,829
379,1795,520,754,307,1391,31,437,1238,1178,527,707,261,684,985,245,1176,437,0,782
590,610,813,995,798,681,303,1130,486,464,299,1163,496,584,264,152,532,281,622,715
