-0.9024573500617843,-0.00426698284657602,0.9007352793588349,0.9503387351107215
577,147,1913,596,317,1449,670,745,68,615,1091,756,92,296,28,507,1105,778,2213,1257
401,745,1172,1196,1480,352,801,329,1310,717,1756,440,2473,11,144,134,64,1007,259,554
1596,1610,334,337,2324,1318,205,567,124,1473,1527,2121,1430,1423,543,1628,1835,576,1109,2256
619,1310,147,966,2006,826,404,141,239,1814,898,711,618,1388,114,603,1930,354,549,1137
2476,601,710,3086,862,86,555,3021,2793,770,350,925,1541,2070,306,2594,803,1743,1617,636
200,2288,15,651,693,964,1393,11,264,708,995,608,591,2955,525,1829,381,1806,2408,1614
1043,514,626,1024,1100,2200,1065,2321,3496,2477,638,187,929,845,822,390,1693,215,824,844
1073,597,2282,983,212,6,495,2781,352,2144,682,2074,1314,9,1588,543,379,626,2189,312
351,625,1236,862,3887,1038,298,1343,525,1142,1915,1150,795,259,1299,694,2125,52,1120,193
627,99,164,71,713,161,1471,734,327,571,906,3542,557,924,1736,309,412,275,1594,1911
934,1945,864,154,1250,2453,1154,131,1473,271,1382,2715,1643,491,931,2319,573,597,39,1876
214,770,37,2136,562,1546,829,685,1533,1199,418,1395,454,2840,433,24,280,374,462,1643
1557,1225,1380,810,394,578,1924,1402,1511,1433,3827,1657,350,1054,342,1083,600,1475,499,1611
260,719,542,751,1118,1134,556,592,283,654,98,1272,829,1152,1130,374,1165,1542,22,118
1477,223,1421,247,243,580,652,2381,546,3109,914,773,702,1688,553,1222,216,37,1182,633
601,1193,1359,511,935,1118,392,1055,1402,338,74,1381,2159,623,25,554,2219,239,1136,491
1080,701,1607,33,12,865,688,1583,656,601,4,2074,1,786,1764,452,192,1529,859,1251
2323,1134,3077,858,34,174,1176,1537,1793,280,561,674,1104,1504,3019,548,452,439,1423,49
486,567,3791,19,844,2213,2732,1862,421,374,1211,909,2269,554,19,1543,12,1168,680,895
940,543,999,174,15,917,677,1141,1592,319,37,66,355,277,855,1029,973,822,1233,710
