-1.4433784403989858,-0.0011635450191729184,0.8982841642635649,0.9063067707552933
746,5266,1983,0,2600,289,3925,2847,785,3078,1482,2047,1888,7,1766,1666,211,22,382,695
349,625,70,1649,30,146,940,21,999,1205,533,2,760,0,0,222,978,2,2875,732
0,1655,76,1,607,1,189,27,178,1835,3115,1,81,1519,2144,227,161,626,944,420
1426,282,1476,1670,335,297,92,681,1577,248,2196,1484,1823,572,1336,2038,315,313,1233,50
1,57,1380,7,47,294,95,173,334,2612,1,184,168,2,1098,1545,3351,1224,65,255
0,960,665,55,1166,0,52,1190,19,100,227,4038,1856,1067,3429,827,486,354,1807,24
1473,1755,1363,1255,2252,188,1356,930,956,446,1716,419,3013,399,1690,241,112,3045,2394,55
474,325,3288,638,1702,1017,1707,118,296,3102,3,2919,4502,2709,0,905,725,873,26,1484
1676,1467,45,682,5299,4444,114,887,161,2232,2549,87,28,2454,986,4181,2,2,1403,638
0,113,788,79,2035,389,324,783,938,58,149,394,20,165,11,88,2284,1,1717,3724
570,1123,73,1316,538,383,22,4528,2727,5127,405,1479,17,50,2089,112,27,1486,705,258
875,1999,188,55,1508,1159,10,298,195,1158,2370,12,667,191,1648,0,745,648,511,79
1388,1514,4823,1120,3,3652,315,1542,0,853,1602,101,192,404,559,0,467,3214,1707,418
189,15,3436,1931,267,1255,1154,1208,1503,802,0,3,577,1225,244,700,258,2,307,639
3314,202,1043,994,110,4820,502,2422,300,390,2207,2,623,763,577,145,2347,766,552,231
189,43,2005,362,2244,1264,1870,3447,45,331,2782,2022,92,2338,427,131,2231,3948,1200,512
0,17,1752,3630,40,340,1133,627,20,3056,186,21,310,765,1535,143,863,6,1651,985
165,1864,1249,2,1100,1002,530,1410,2608,92,1044,1340,1966,404,659,826,3245,473,123,1
706,1509,838,1259,111,801,36,439,910,889,3186,110,1289,2,557,7,543,142,22,3
1798,127,195,68,933,1432,38,509,86,1576,299,1398,384,122,2130,2775,2806,925,0,1231
