-1.0210089159921507,-0.004746755588985918,0.9133644157465918,0.9102025727635281
739,3119,118,229,296,1797,4551,232,0,407,562,1490,812,490,1196,853,1856,888,1134,1487
395,631,620,1537,1630,168,501,1123,1604,686,313,1173,1616,260,615,436,25,1727,300,589
140,110,592,706,114,343,155,162,937,711,1161,454,131,3045,263,193,213,169,0,548
867,861,1482,1678,1281,0,2362,483,761,531,35,205,322,149,57,579,976,3033,222,229
977,1866,654,614,0,1714,161,1823,339,86,1440,101,517,154,77,6,421,2072,3531,1091
1,774,236,532,619,246,657,694,1044,471,112,2560,1146,741,463,721,701,870,372,445
861,1113,5533,1464,800,736,876,294,129,10611,1712,2056,309,521,71,1124,0,345,9046,4676
394,208,1198,276,275,1767,1602,288,423,631,1228,239,1147,456,1820,178,1063,383,11,212
383,826,14,244,703,1013,1096,35,3892,687,326,684,449,610,1247,730,773,697,656,535
616,4588,136,78,1059,1112,1757,642,1046,505,1153,137,303,1505,835,25,498,2551,1432,124
598,261,193,1156,94,1810,372,1753,52,5810,8,85,1055,513,317,256,1171,0,1286,3649
1194,1369,899,1777,1076,1388,1236,1705,691,428,1054,1344,824,1179,519,478,1016,310,443,978
724,393,466,340,629,279,653,459,119,1177,686,198,810,752,262,214,575,959,1895,1201
1418,1811,459,486,620,15,738,291,730,298,644,4370,639,0,853,954,250,175,787,326
147,1480,169,210,331,1150,368,448,2138,693,504,1424,136,1691,8060,223,152,881,1050,599
1683,292,1391,6094,872,121,1604,1136,1201,323,204,1599,1810,1956,721,725,1023,473,214,1080
688,4341,349,49,999,2184,33,1176,990,421,1049,7213,1033,1190,9651,591,877,3915,17,173
860,163,1618,479,789,658,836,764,669,3344,209,1306,336,283,1164,258,2627,321,1447,584
378,261,1572,347,308,1311,513,505,552,147,128,2458,5,273,372,417,851,375,549,847
1099,164,147,388,637,3845,2918,677,3090,100,1574,306,4622,727,1116,539,130,212,1550,74
