-1.278806316977651,-0.004794724780233152,0.9553127841017831,0.8598335535674033
1775,506,516,4769,410,702,35,170,201,650,904,340,605,390,62,8824,483,891,114,1737
1405,1201,1213,0,996,3879,1813,1916,745,333,261,582,448,84,1283,1119,382,801,368,115
2,162,295,1027,226,535,2097,12258,4742,304,1820,517,824,38,745,5453,189,188,18,568
382,101,1085,1108,308,839,659,4,425,332,199,198,13154,383,398,47,258,2587,349,0
91,47,1073,1205,68,18,914,1260,0,375,517,1376,134,893,407,92,447,80,834,301
704,40,182,21,34,593,838,930,850,1312,220,1318,265,1104,705,743,1197,392,269,141
304,282,88,162,527,57,902,174,55,444,730,2618,43,2163,2067,656,829,1278,116,579
1070,1852,947,275,2047,836,153,472,65,20,375,1210,784,8,1577,1750,1371,433,47,902
67,158,1,0,0,92,198,0,1265,5767,0,1730,103,546,1455,277,230,794,2212,3204
5271,344,338,141,1010,2564,202,219,2178,268,1570,120,281,502,574,342,1086,95,1054,1897
86,727,1436,138,568,1064,549,988,1539,2126,2759,768,727,451,61,559,8,1751,690,7
383,63,224,307,0,89,152,2018,1329,570,898,249,145,48,283,4091,29,679,53,27
613,59,545,175,430,939,827,546,276,66,549,100,551,869,1343,1386,368,0,134,1839
411,85,610,56,5793,103,392,1062,11,139,0,814,235,358,227,1086,78,1282,1363,2258
13,684,84,16119,131,738,7693,886,1462,2204,466,1325,617,0,394,110,2942,210,133,919
327,3752,3203,165,463,63,596,329,922,474,367,382,781,213,155,217,557,2006,968,1551
184,788,534,186,948,415,1360,254,456,432,0,158,180,665,1403,1122,738,294,1780,144
9,100,792,928,157,450,454,26,1064,446,2450,22,3441,451,569,1,1313,468,1717,1663
404,3242,390,260,192,669,802,741,11,1081,1190,384,186,779,179,126,579,942,7534,1102
835,648,3022,797,320,9569,587,64,1236,453,0,30,46,19336,775,12,12,2003,562,3124
