-0.9538664381061405,0.0056418868992960175,0.9861536938164079,0.9004160825175601
1105,388,722,0,1252,83,667,275,182,1136,184,397,1111,1358,547,2648,2763,906,2152,15451
576,1161,58,112,586,88,444,0,937,642,193,1727,1047,269,1725,653,657,0,1315,735
425,1156,61,389,137,285,1213,286,1025,448,925,493,946,1161,673,5503,526,6512,4212,508
611,651,955,180,390,116,756,2252,514,41,505,299,9385,404,85,462,1780,466,0,1045
461,284,137,889,622,2625,1394,255,293,1454,1626,1559,206,226,246,1355,188,900,295,499
242,2476,438,0,787,2266,91,934,1140,385,486,312,0,505,514,0,2167,994,704,4578
602,460,3337,903,722,1374,537,164,583,2117,245,326,5625,440,294,248,167,68,0,108
696,222,181,3703,626,0,1391,522,613,427,441,0,1817,262,208,411,1540,344,703,709
158,566,90,296,1441,365,507,1312,2992,507,401,454,2163,272,0,753,246,231,1210,83
803,299,275,623,739,239,332,1702,1355,0,717,127,969,1805,752,556,364,400,594,440
0,636,1684,1023,972,897,999,1700,1397,44,362,762,636,171,232,333,998,371,460,278
11634,228,1985,412,485,518,770,911,193,114,605,535,713,543,366,385,308,602,1024,483
2632,743,440,3002,675,601,805,142,1070,295,41,291,848,1694,744,2355,0,534,716,459
1826,814,1800,181,317,620,1297,524,357,1059,74,377,90,1826,215,157,2440,2243,359,328
1205,743,102,524,781,934,2633,2266,1398,339,90,726,366,195,153,662,345,1157,471,88
4971,731,997,479,892,915,1677,1989,1452,2595,394,2380,778,851,899,128,414,2543,687,794
65,1001,1869,1570,0,348,78,1596,317,256,2602,1264,374,256,479,286,288,2418,217,883
8993,1479,1029,6666,0,536,473,83,2466,1722,399,184,650,1752,274,176,6486,1071,567,834
523,641,127,333,981,709,1778,2228,929,563,1747,615,1169,934,361,340,523,936,293,332
1043,3192,871,3043,149,333,4145,673,476,1424,118,1639,798,0,1234,1471,166,4167,240,215
