-0.8607426675398561,0.019187999612089928,1.0016956837774407,0.9507540552355532
2690,2292,1041,322,1103,2076,1664,334,1494,1332,1889,371,1359,151,1904,1358,1320,224,1899,6964
2349,1326,1743,1256,3373,683,638,1371,1700,786,1079,344,507,1941,1306,952,3094,2600,1781,909
1457,1876,1090,1188,140,854,892,741,648,184,1094,1345,240,1751,803,508,192,1477,1062,560
507,2145,1932,1645,2734,1426,306,1080,2431,485,400,229,895,2711,863,1072,35,793,1223,869
606,784,1557,620,1352,1013,1331,1324,328,71,16,659,1438,740,861,166,1735,1181,294,832
434,3232,1838,1863,953,79,124,1197,332,895,863,777,1020,297,853,1650,16,1181,560,432
981,169,1501,1314,1229,1248,541,957,1207,150,320,1175,66,549,302,1134,1095,983,1005,1334
507,198,1492,1148,348,235,2016,544,282,1172,826,1665,8,857,1048,759,165,1008,94,492
582,856,234,690,252,490,56,81,779,174,352,977,812,8,296,151,545,956,819,5
67,1066,273,429,841,324,18,899,1016,550,618,757,396,385,120,240,2405,1142,1690,646
305,499,1597,548,531,612,2689,163,657,413,2559,174,286,767,918,1515,958,1199,1575,453
255,282,1472,298,3170,1450,967,210,7,704,1,1395,41,725,362,832,800,606,155,1213
301,831,584,1915,2,329,1557,424,184,1212,1051,1151,248,633,891,1712,652,151,557,1143
257,417,924,2426,1315,597,341,1343,747,260,822,1198,424,644,531,842,1768,718,475,462
1995,39,518,3245,519,1632,107,795,1315,565,313,1259,903,732,634,902,467,1975,572,419
1425,335,760,509,1017,1131,401,729,490,1533,330,728,61,772,1847,171,978,1073,2780,2928
306,823,1,1737,2249,344,1058,552,402,386,632,50,1291,1750,197,1959,2061,311,410,1061
577,392,1651,337,576,251,1496,1531,275,441,993,670,705,804,53,1026,267,1478,5387,1670
2792,1495,1034,1196,948,483,911,2238,620,514,1269,513,1164,492,2922,1683,1162,532,2211,352
1477,2106,1989,664,1951,861,2173,1093,723,337,831,766,3871,1692,1033,1847,1643,494,3451,2142
