-0.7526161446002471,-0.0013173150336188233,0.9362098281522747,0.9441861870339481
1205,1725,0,756,1701,455,2168,180,108,840,1223,582,2406,2307,957,230,549,1327,312,119
457,458,2345,529,1628,920,939,796,654,1919,369,1435,1450,2068,1375,1169,1574,492,5267,364
594,1870,628,394,262,1258,755,652,1280,422,1830,320,633,2497,970,769,1889,570,271,1192
398,662,701,1094,594,0,534,445,1609,570,341,303,1215,1615,468,325,710,3744,784,1153
1334,433,245,310,1095,611,1305,632,641,1561,1411,613,1261,901,896,503,1901,229,954,30
390,0,218,1013,521,2859,1103,1291,186,592,458,813,365,3179,895,0,569,1034,288,406
683,775,732,662,3522,722,525,1101,213,1423,815,244,1222,34,506,1006,35,479,2056,3045
1451,1515,892,673,2453,1778,702,2841,137,902,1021,579,1866,92,1700,1715,449,1126,1563,606
1249,195,0,359,620,995,1324,1826,163,797,991,1873,0,845,601,1183,627,0,594,2399
73,128,1233,582,350,1064,449,432,792,497,852,632,2543,429,933,815,567,643,482,571
415,1093,408,394,465,634,1698,1121,1316,630,2082,790,977,510,2438,1352,687,878,503,2488
1759,1636,566,737,2090,1054,3056,392,655,409,597,285,409,0,645,141,773,1352,503,1972
1462,939,2431,922,266,1606,1009,387,331,1083,789,531,302,40,1081,556,520,77,965,83
1095,742,651,812,2460,1370,64,1390,296,493,1153,606,503,1665,1004,652,1548,237,1613,781
12,598,670,956,13160,415,623,592,427,1003,829,1333,672,963,5411,55,218,823,525,1010
1415,368,1319,1206,521,1886,401,1552,860,338,1159,2179,286,537,535,696,1649,666,641,1618
1122,93,383,1311,1678,311,1558,1976,415,231,1633,823,423,720,154,104,361,1134,271,968
3354,2780,5361,240,1011,1283,633,339,1020,815,456,585,1254,1159,1161,2118,2011,1341,499,716
895,643,1678,1205,293,741,467,568,84,415,160,1383,1575,378,526,535,1052,520,203,992
355,1299,2387,2836,647,885,358,719,0,347,1175,592,491,1991,433,1276,594,352,1676,2257
