-1.6419665568726658,-0.0020939046564850774,0.8919901701805943,0.9031044758070121
1922,5266,1902,1045,1444,282,3996,2,785,3150,1323,3135,1400,9,1682,1666,1022,2,382,602
329,278,0,4,38,26,4,27,999,1044,533,3,533,0,757,229,92,2,2807,1173
38,348,62,1,434,1,102,27,309,4424,3343,1,281,188,1391,227,13,982,385,420
429,282,1311,59,1,596,3,235,1398,204,3256,3163,2151,2835,2470,180,1142,572,595,56
1,1496,1380,7,1,294,2466,313,361,2612,2,184,323,2,486,1374,1,6,28,21
471,960,1156,402,1283,1634,78,1875,11,100,242,1782,113,358,677,824,462,2,1423,27
1511,1798,1342,632,1,165,237,507,1064,701,2707,356,3229,382,1244,273,226,1891,1955,129
526,1594,3288,2,1607,1193,2041,1570,387,3545,17,1941,1866,2417,3011,905,725,856,14,651
1,1458,95,682,3149,2293,420,899,106,2377,444,164,17,2811,1621,2718,625,2,1379,685
1507,1269,1145,399,2009,10,274,833,839,554,1,394,52,165,32,94,2284,1,1717,4737
467,1014,2098,1251,131,1279,26,3553,3486,4864,135,1479,276,38,2140,6,0,460,6,404
732,1664,188,131,1508,2450,26,1068,194,1867,967,213,594,352,2575,2063,15,394,494,79
234,1491,4074,8,3,3029,90,174,1606,3942,1516,195,193,697,3404,1224,82,2581,2207,438
46,15,1582,26,341,810,3053,790,1246,389,922,3,1543,5155,1,211,521,1930,332,520
2762,202,1373,1033,872,5471,491,2414,7,3650,2188,3,623,652,543,378,2391,6,854,2387
191,43,508,67,523,1264,3626,5,1,1223,3294,2338,111,1671,2805,215,2231,73,1100,449
169,17,2315,2794,30,675,1139,809,41,9,6,209,578,1587,1904,143,1223,0,1651,820
11,1866,685,2,730,448,189,1560,645,44,1182,1340,527,1124,156,826,4243,473,490,1
748,1509,1,2271,128,801,1,605,1871,889,3186,154,2861,25,557,3,215,2322,22,74
4214,436,429,66,865,1568,106,153,56,2923,523,1754,1090,87,2130,2591,1038,925,2034,650
