-1.5124340065206359,-0.002272005889942961,1.0007612921951448,0.8501893909849626
1615,110,4014,1965,959,389,2145,378,181,39,214,1046,724,144,477,170,9,26,364,4997
179,3420,1156,2536,3024,215,138,3356,80,392,383,988,320,454,569,1174,7648,1091,11,242
7932,1548,744,1175,739,1277,37,4,69,54,108,2375,937,558,501,380,5160,646,6,693
397,227,1358,3357,469,108,3276,606,55,410,286,218,9558,38,373,1757,1419,4,217,230
1799,5,355,178,28,239,175,529,491,130,10,441,62,4587,0,357,181,212,4081,6178
285,476,1893,1280,266,0,1591,83,107,288,304,43,1462,751,538,17,1489,365,19,19
1307,845,439,120,141,2262,632,250,618,408,349,2790,245,4404,380,713,907,153,3300,119
1465,2389,480,19,307,3779,113,3096,289,1472,3,119,77,19,6,8458,14,42,540,1
2221,199,161,221,879,46,559,767,1466,191,6,869,45,2186,994,9,733,254,4126,2283
22,593,103,335,989,183,262,65,6,766,1320,1700,544,4641,362,215,261,2,24,1197
68,0,272,85,191,251,2019,103,142,443,265,356,22,352,1164,1076,448,83,385,2639
182,6868,78,787,393,0,1550,1448,79,0,300,1957,0,20,627,818,1,104,1058,11455
2993,4,420,133,773,257,601,278,258,201,246,50,441,533,294,456,720,262,2160,53
690,874,106,118,87,116,28,166,61,907,1258,41,70,49,106,12,2376,166,1236,280
1128,650,3342,5424,979,1543,314,75,55,1446,296,86,156,305,609,5,765,1901,5701,1615
412,4819,102,81,214,289,15,64,175,196,567,441,66,325,22,842,79,24,462,94
396,6442,2085,28,402,266,198,258,144,14781,912,496,2202,56,672,230,252,130,4232,0
1255,3,95,4249,1654,93,136,53,885,523,18,119,237,422,3229,59,479,10,4168,738
412,1160,949,492,383,380,117,862,1711,8,1761,462,4199,1225,756,148,116,658,1186,180
372,1834,3758,211,1300,11461,400,1050,59,172,0,72,62,176,691,3964,97,1252,0,248
