-1.3527933449919889,0.004961614114411491,1.0137558830313478,0.8528681143100186
992,5345,2660,2270,518,583,572,0,671,283,389,500,621,2196,4228,94,8780,1969,181,1108
1084,1854,127,184,4643,693,312,1286,1466,103,1129,706,1574,2783,467,201,11027,13859,158,184
485,252,3385,18,313,62,302,1755,72,1153,454,39,172,15,441,241,128,339,1244,996
1203,2263,7,738,619,988,4502,475,182,506,0,853,8933,631,134,304,255,218,6725,1934
20,205,636,175,488,133,1693,111,729,127,0,150,996,36,248,2076,96,424,72,118
413,995,702,2,92,628,3362,162,48,32,626,62,139,439,349,510,999,283,226,275
281,3563,117,248,392,410,24,893,458,4700,774,557,310,45,356,254,2407,1862,584,1069
3047,267,506,553,22,191,2248,509,204,331,60,691,1265,5,127,717,463,584,341,3969
531,970,131,2046,255,0,784,551,814,2206,723,251,1267,172,581,75,332,400,2514,1999
1097,706,130,153,141,748,272,249,567,1126,615,488,387,92,377,329,6,233,70,1916
436,1193,129,1258,54,668,0,87,236,193,563,102,2121,242,57,288,438,326,36,6860
248,1321,9570,645,12,1359,445,119,133,712,126,1429,140,115,570,676,83,263,50,8719
1494,225,37,49,423,472,1131,9617,45,96,1021,32,357,425,311,1671,228,5175,989,68
1187,260,4,533,386,516,171,1101,170,795,28,115,0,57,16,67,276,1532,27,328
301,214,379,1846,357,26,514,331,303,44,822,285,13,1874,109,63,67,347,233,827
3202,347,2697,519,672,529,1555,2997,0,603,662,610,78,1518,559,1094,188,3,310,4547
1159,5656,0,1397,5646,566,395,12,600,5185,512,23,1343,662,736,933,511,359,5713,1493
355,895,88,119,1609,1192,315,0,500,580,27,960,126,74,528,38,209,65,83,5203
1961,497,192,85,85,447,1064,65,250,992,824,1403,276,113,11,569,40,1749,4,256
247,59,406,705,210,2169,104,268,1700,0,316,491,2370,14140,113,727,78,4246,1842,476
