-0.6177338447351796,0.021194461825330507,0.8571159443434967,0.9671086545927308
188,412,1488,906,1627,869,1070,861,419,1344,546,1255,1862,433,1779,266,900,162,679,516
288,469,907,722,734,760,499,1131,2180,622,508,2523,541,1015,450,398,895,481,59,1111
188,846,286,491,1130,643,1951,884,1082,895,1130,467,994,1978,233,688,834,1950,946,870
786,1166,0,2027,236,253,1416,1105,1250,585,2295,1769,1405,744,2197,324,88,535,648,1626
669,76,683,74,482,273,1661,720,617,1396,696,398,763,1203,1102,685,967,151,559,786
0,252,1142,1552,1272,586,768,1809,1329,764,1099,2257,515,1451,168,202,464,818,367,746
1670,678,532,444,890,2163,1863,1540,1259,2001,785,4051,814,1184,2086,503,3825,677,636,1394
1206,811,622,855,464,1208,877,499,443,1432,917,2324,1675,1559,1393,1700,828,1342,740,963
935,856,849,980,1505,655,2784,547,888,111,823,968,916,1336,491,1990,163,485,1237,348
757,427,400,1671,1390,1263,2826,2094,700,1512,402,1016,1199,601,2248,1409,1454,540,1732,1075
415,1148,441,2668,1399,99,1278,175,563,2581,1026,872,2094,2876,1273,1139,2426,666,665,1205
644,727,963,1278,1116,1092,368,1036,1276,1581,971,1593,1785,1011,2159,309,1111,183,457,979
1016,523,351,1093,1684,1200,1752,735,2532,966,2785,1060,2009,3675,955,1229,397,587,1920,750
1074,591,1339,485,862,1412,1844,94,1286,859,1035,709,2486,625,1879,1187,1486,1834,816,579
825,828,2327,587,838,1097,2098,3288,1876,483,250,2340,365,598,670,556,840,1270,909,974
1374,698,273,1000,1639,1208,1314,301,830,1242,484,625,997,1603,627,141,1291,1336,719,71
1075,961,303,664,599,2057,1129,617,1611,2129,786,860,493,346,888,450,705,328,554,158
963,1000,1451,230,667,1190,1972,361,879,1162,927,1327,529,381,1663,978,1027,924,736,796
236,1888,478,516,278,715,1051,305,1267,87,376,722,324,450,1298,636,622,1101,331,462
1299,243,519,905,799,864,990,757,685,552,378,1005,919,722,150,730,236,590,629,915
