-1.6833901102877944,-0.0026605544741208826,1.0005681584766846,0.8491627123794351
889,22,3143,4339,979,119,7790,84,257,0,716,89,281,622,12,244,390,63,18,5321
409,216,495,287,782,1832,1133,6014,223,822,783,20,963,63,3102,343,7746,2154,9,75
5516,107,68,783,1732,811,327,3862,0,699,25,76,12,12,532,4592,1022,98,2,110
1546,132,35,3899,365,26,1079,6,356,190,0,354,3234,10,185,913,2305,358,6,283
34,10,383,1973,183,966,1214,206,1019,12,88,840,242,1918,772,1892,64,152,7296,2020
15,1757,119,18,153,1,831,56,538,219,1278,137,1053,1419,151,467,1276,1852,45,3
735,3255,78,214,313,1401,1525,187,711,85,2133,61,29,1263,36,597,34,157,3342,729
1843,1405,0,41,1770,344,160,86,2170,1232,0,325,2,49,2,748,1415,1199,165,1
3430,82,25,3067,451,130,544,1666,80,21,198,718,1149,1912,798,221,651,50,30,427
13,674,86,1021,137,247,22,26,1,59,642,1147,983,3757,366,104,46,10,327,1685
880,554,872,2067,129,3408,1010,1853,206,440,15,92,262,254,2474,2007,506,34,954,4549
887,5578,5,274,1109,2402,4,292,17,1844,349,2,60,449,892,1539,35,353,146,11823
1213,565,296,1,1663,34,3130,52,2,1140,3010,678,1,1294,1547,81,1857,0,49,3
883,1341,45,1412,162,58,1,570,14,660,2095,281,3037,58,937,1484,185,168,1466,0
1,352,2965,976,531,14,517,106,1294,1246,692,716,224,215,147,0,356,2470,385,0
34,7747,615,377,120,56,988,1391,134,1253,940,430,672,1958,0,182,91,3076,678,131
8,3957,409,261,2554,4,6,599,232,612,97,158,56,333,75,1800,236,92,0,465
93,18,3691,3986,4352,515,127,99,254,576,201,3792,1,157,1874,440,2095,104,2392,903
0,971,1078,31,15,510,341,10,749,18,142,708,5031,36,385,455,145,3177,560,183
2799,22,3812,136,1453,21385,138,435,0,2360,12,476,7,8000,16,447,550,4762,237,1270
