-1.9827592148248463,-0.0026159161917659038,0.8955115220720885,0.8658991534679903
1429,160,657,2393,447,1724,63,1,111,61,188,1806,683,1233,685,20,318,18,872,326
197,1631,2859,58,1311,214,1,27,732,827,2777,82,1,690,847,391,977,4,801,635
2,1479,289,218,873,824,45,23,4,27,5,696,1,1,201,2430,594,101,286,2096
387,1558,1391,3946,3,146,66,1,4655,491,1,337,2803,1172,2212,7848,897,321,2,294
73,1489,188,1540,1,1046,1967,54,1153,123,2716,5,1,3400,2663,7,1,176,353,8
2844,2025,276,50,27,149,37,3059,419,1470,2,5571,607,243,3554,2577,11,7324,3752,361
723,3,122,487,1479,2426,3136,17,1,334,1643,3775,175,208,299,608,2634,3108,583,885
5686,954,1,70,1355,2127,1167,3403,1,102,1,95,2,114,948,289,2,846,1953,269
3,19,356,7,152,12,4033,558,1796,653,642,1439,7952,126,262,10,3119,2071,999,2
205,29,174,582,7,1,1660,837,283,4,700,131,1,207,1633,55,1,1,1418,745
59,1991,130,237,105,29,323,32,39,88,766,825,1,6,259,473,850,177,2821,590
2425,2,1,543,6511,3158,4461,1003,544,155,18,800,1723,1295,933,2001,9,64,1665,5
1,200,1797,625,193,4,2671,222,1340,305,1874,4074,2887,18,3046,704,3594,653,151,606
241,2575,2,1020,408,482,4315,1878,868,255,89,397,10333,1296,181,344,477,1283,2452,607
477,282,1386,14,0,197,45,8,4609,1171,4,3046,40,1,566,5,37,1,135,1385
60,922,2,568,1583,224,2,273,26,369,1538,2622,10,2227,471,489,9,447,13,16
1192,67,1003,7,1,10,732,533,2894,198,1654,96,1592,1,5,340,2529,269,0,13
4705,270,481,6412,318,5,2,894,1874,3113,299,4817,28,13,280,4,1210,7,493,447
805,2791,4632,45,141,2129,2642,1099,197,129,3995,111,1331,66,4509,4,1,1320,8,3
85,1,174,1438,371,953,37,28,156,2117,1361,3913,455,386,4293,2785,143,711,341,2933
