-0.7582787352616511,-0.006559007753062143,0.9336604466584827,0.9563042395479392
430,487,461,801,1749,663,765,698,1194,1304,499,1297,469,2051,714,181,1412,971,1008,1062
197,886,726,2376,447,1109,887,896,1195,1056,253,319,792,181,12,1213,20,1556,1279,2147
777,1096,315,3734,289,1038,32,741,648,23,834,368,9,373,242,398,592,1908,1129,786
1221,1615,1088,679,903,920,2003,707,1440,1326,1858,264,2344,1706,1130,402,1309,575,2629,1135
631,2153,868,1752,2189,599,128,1649,950,259,862,339,709,505,1483,271,155,2338,2693,315
1253,1346,1348,376,631,1060,306,473,655,1081,471,2367,2072,591,137,1477,1527,763,156,31
816,450,734,1073,2133,998,1579,1478,2134,361,1310,1811,551,528,1604,2116,2279,133,209,1585
696,527,1026,609,1301,1719,960,1194,671,728,974,579,471,590,1315,1200,799,3067,1606,995
2256,165,2672,1047,256,605,466,1947,133,1075,1103,972,707,435,1258,323,621,1018,446,837
1074,424,2290,512,822,1303,1971,1833,216,976,966,269,733,2113,632,650,1204,366,515,1891
2807,1426,548,348,1244,144,159,373,904,1010,813,972,728,2165,1757,1264,1443,82,1224,1472
510,2047,205,1838,52,534,1152,246,447,576,360,312,703,2390,242,144,29,2124,1976,1334
1998,77,160,6013,429,89,640,1665,693,527,1599,973,1881,1210,717,412,1248,1457,52,918
2439,719,597,414,1066,3442,910,511,1032,1590,1710,211,197,427,622,3149,1068,1038,129,1137
288,604,1839,518,1491,583,392,1406,0,1146,4555,236,1024,898,665,3121,396,298,1933,2424
1040,166,384,327,1747,687,803,883,719,755,240,469,1070,678,711,1015,967,1124,1135,319
437,712,552,877,363,198,909,182,560,1170,911,1652,848,452,635,160,573,33,244,2369
801,383,1163,216,860,394,545,595,814,181,731,1111,973,72,92,1459,496,1585,1135,2623
1427,396,1009,1481,1001,661,2249,528,1220,1058,320,1772,592,1871,1999,805,1091,1140,511,1409
128,2175,564,1003,2435,240,2453,1127,671,1132,1565,394,450,0,994,2418,1544,1165,1157,1759
