-0.7958327029558786,0.01013756758705743,1.0144086814816224,0.9431704205448149
1214,3251,1747,917,1897,742,1111,882,1126,686,1209,3408,877,499,3309,2194,1310,1887,261,12889
3041,1717,1520,1775,805,580,556,936,636,1211,1605,1556,2453,485,647,599,939,610,2273,1450
992,1715,800,650,0,947,90,112,495,607,509,1607,624,727,1264,1399,486,2038,1181,166
2947,1098,173,933,0,730,1961,687,761,1735,867,299,837,763,617,318,348,1090,2267,1493
993,520,0,748,120,399,433,670,261,567,394,1548,536,282,1085,647,259,126,2554,0
1168,370,1965,177,349,244,0,1512,239,792,373,1343,891,1165,2062,1542,124,2835,561,354
1149,2860,0,2088,282,1343,1100,1557,112,1445,95,137,205,28,1164,60,1110,809,53,319
1733,1774,1676,211,701,493,737,248,961,315,706,176,968,1623,173,895,202,523,430,18
1683,230,1582,568,510,1781,1851,445,1030,0,0,1226,1890,292,158,137,770,851,919,1325
224,805,233,1684,1675,0,12,508,757,727,251,162,454,777,127,910,78,851,950,917
2041,1781,707,1367,591,932,72,1364,2380,276,297,798,438,304,540,1356,520,2523,774,464
1161,1783,253,674,343,537,669,673,434,282,853,826,422,599,1245,733,575,1459,963,422
692,1481,0,1269,348,1790,368,617,541,1404,169,25,1333,423,250,1534,1129,379,1692,1092
1476,435,0,400,566,471,562,742,861,634,0,237,1288,1156,0,516,181,566,1528,854
2259,790,1262,985,2,12,606,590,270,490,412,3328,870,1654,356,934,2363,1604,935,1068
237,480,1665,259,1645,480,1750,146,400,2009,646,2669,2396,2586,359,1182,534,458,1416,48
954,511,1992,1655,2284,633,2970,71,573,1597,214,801,374,1508,497,1151,1760,1062,870,723
1752,1539,773,203,594,1203,407,782,506,0,1683,641,339,1742,908,1514,1518,655,3187,3270
1463,1085,1054,796,527,981,1415,419,1644,138,1198,240,2685,935,496,165,375,953,1468,1356
4104,1110,1142,1956,998,468,1059,476,1152,1581,1924,709,562,1874,1450,2185,668,2132,2692,1883
