-1.4614595699166824,-0.003234515472462461,0.9066053946360904,0.9037248590471546
2047,465,461,288,2192,1252,2643,22,604,1,313,2795,416,365,2620,1755,313,16,1202,101
232,0,675,5,4263,303,64,2179,338,1833,500,1,648,18,401,2293,2780,1586,349,43
1606,817,727,446,1762,322,387,4147,816,398,2016,1,152,36,973,102,1729,20,552,1250
2,1470,1328,494,1182,15,6,83,3522,13,119,55,2,119,363,1192,43,1588,899,28
1008,5690,1247,1141,3,387,4686,1590,1548,1167,11,128,304,335,2150,2245,1476,207,62,27
2308,1,1445,474,2188,762,328,239,69,2446,2423,264,82,61,3212,725,247,163,519,2479
133,789,212,0,10,719,80,1,792,1962,3005,1244,46,6,1067,58,645,2377,767,1262
2576,5801,472,162,9,198,123,2010,270,10,4181,174,2591,773,3,86,27,24,1098,660
453,1699,185,738,2548,30,1348,2599,1687,431,580,136,133,577,664,333,0,106,2171,978
252,398,2373,5266,1763,41,493,743,97,701,1542,2825,2213,974,2444,663,304,1,427,1369
321,963,585,92,1145,338,236,580,1662,1974,264,7,576,183,1036,265,207,1685,1,2521
3228,417,77,217,531,2583,69,2790,226,2684,924,725,3749,1242,3423,3275,1,0,259,521
2197,3419,338,1274,795,3952,2345,770,1221,113,4451,305,1271,1278,178,1900,478,683,1803,425
308,463,157,58,523,48,3303,154,40,3022,12,578,931,1410,20,1,3,1985,462,437
298,642,1,2564,1546,260,163,1028,11,2515,591,1107,17,1556,3725,1391,5468,0,171,505
2917,418,255,19,1993,966,1984,240,2,1006,165,295,196,195,1972,585,701,0,1,1604
10,3649,2613,509,2322,0,2359,729,77,1298,425,490,192,237,373,3042,3501,80,443,2863
598,193,141,446,1294,2634,1791,1809,2677,1077,1785,419,434,411,259,232,3614,1246,513,1
50,142,192,728,3670,623,163,358,1454,301,147,1315,221,713,1280,68,82,606,148,514
1655,1491,1268,724,8,2666,200,1188,4403,112,451,533,132,98,502,1915,1013,43,1088,920
