-1.316677285696559,5.314567368906899E-4,0.9478936521078007,0.8579424198448411
1887,1021,516,4309,410,175,24,314,19,668,1690,325,734,78,10,4362,14,891,750,2365
1990,512,456,293,948,1051,964,4370,395,333,279,540,6,43,1354,312,864,348,516,106
0,103,106,1027,124,1482,2097,12002,5594,1581,1003,1178,452,63,68,46,59,110,549,4
529,49,395,810,1121,839,328,34,144,274,458,175,13154,46,475,64,286,2587,4390,5120
582,58,1067,881,835,11,1003,11,763,1045,629,812,182,1059,204,267,419,0,1197,61
198,169,63,251,34,312,2179,300,703,1134,527,144,374,5550,610,830,1073,392,262,106
16,69,88,0,1031,231,1799,171,80,561,439,1482,41,402,2067,1252,1285,1087,136,397
1354,825,1129,222,1034,906,5077,1796,45,14,135,807,609,31,1019,1873,1952,433,34,817
75,699,3,293,187,104,87,0,1137,5951,0,3351,178,72,1278,357,360,341,1067,3183
2504,813,508,118,1010,2815,311,219,95,0,1092,375,281,99,57,834,408,383,1084,1897
245,591,751,5,679,703,2902,233,1339,2673,3861,466,1865,1110,176,168,29,1233,710,9
383,63,209,338,311,89,371,2188,2770,781,979,1307,167,0,37,10815,29,735,89,60
278,168,498,20,755,1633,160,571,129,66,593,82,551,837,1343,0,151,1042,30,1745
1091,82,310,758,214,285,650,0,11,462,379,541,520,0,227,1054,148,1330,0,1325
219,801,84,344,229,738,2005,16,1462,1184,391,1177,277,0,396,711,2786,210,144,1109
200,3612,547,165,405,63,408,74,1144,256,471,367,494,125,1033,25,465,2318,1634,1721
288,947,858,50,692,238,4010,75,283,106,3230,186,193,2870,1783,967,1143,1024,3383,57
12,2950,902,1010,1268,1012,507,31,572,472,1977,1129,1876,234,918,87,53,641,488,1663
438,3734,1244,363,175,341,1235,630,24,551,589,825,172,6095,220,126,579,1069,284,1572
937,446,126,677,10865,14965,769,104,1273,879,273,701,77,18646,1258,12,0,1493,28,863
