-1.4860000927054908,-0.002383599022021261,0.855221545654291,0.8494165431187329
695,67,746,2256,122,899,463,239,1,1382,1074,80,491,149,821,92,1704,10,537,0
1572,2193,789,629,4887,4436,60,119,287,254,124,319,1128,66,932,962,425,1007,136,21
97,0,558,1055,6,160,961,217,2715,721,8,0,144,1471,1962,1462,2400,365,1086,2178
361,167,32,2985,360,877,0,1339,752,148,781,1565,146,1763,785,2914,4325,225,61,49
384,2309,1750,134,852,1240,1388,232,4051,117,64,26,443,940,0,646,232,494,364,561
1295,120,678,81,4,482,453,485,4473,379,1875,115,948,256,1963,368,214,1143,13,0
563,492,60,2379,195,1234,97,169,58,1289,436,847,153,61,342,42,691,945,7293,411
913,48,114,156,785,1548,94,1429,4524,3,1683,2517,1524,2812,2062,8545,21,1449,168,0
245,127,588,1017,601,359,396,78,1231,565,114,24421,219,65,1317,1913,131,798,706,184
568,1762,1230,3,0,1493,206,599,3724,2464,16,30,25,6430,504,326,1515,130,23,8757
59,1153,702,1548,122,2197,6,8085,0,98,5132,246,79,227,152,434,442,525,366,48
387,962,1149,0,1418,2449,977,374,47,67,964,3048,1166,34,1119,1026,0,254,124,911
380,700,462,37,212,104,1477,1084,5,186,30,2224,2460,525,534,5844,22,1249,0,166
79,168,1410,1299,2285,315,186,1764,594,3086,574,0,164,325,27,172,222,0,1722,131
133,39,434,5869,980,1052,96,1255,96,1582,30,50,1890,1969,44,50,1644,168,80,290
7,456,231,557,148,69,1334,135,203,4594,1505,12,2154,298,269,255,1455,1416,15,6161
5,24,5,0,1,0,372,420,244,10,1,1162,191,79,201,563,843,873,186,232
195,624,224,16,3379,260,137,714,87,179,232,175,106,564,2648,292,461,219,174,46
217,742,470,181,269,81,7666,8,1259,1293,476,271,0,14,889,3701,7,1633,10,78
13,1168,673,0,563,680,138,264,34,1235,82,11896,1096,381,1785,4207,3,2712,467,233
