-1.4982974852643227,-0.003424626297815917,0.8554789738724611,0.854408707930741
1348,0,476,1350,105,954,597,1534,570,364,1168,2,433,54,1629,47,1850,10,560,0
1791,1796,681,454,1423,4424,29,451,264,359,16,2747,1160,53,809,1222,324,878,758,1942
91,0,1530,1055,6,0,1089,1255,1048,566,11,981,0,1106,285,904,3065,1168,188,1218
369,208,107,1342,20,277,411,1786,608,860,501,1085,146,1272,16,2712,4866,162,8,39
284,2652,1411,197,954,1415,1388,131,4051,73,64,947,443,78,9,44,258,494,364,23
402,475,1368,88,36,785,224,926,6140,2044,990,196,48,312,1032,828,184,1161,13,277
310,1154,1971,2832,116,1432,7,253,92,1053,315,1298,136,685,122,101,640,707,6301,372
304,59,9,156,779,293,93,346,3543,47,1784,1418,1524,2812,2271,9149,21,1822,194,632
54,97,532,121,922,354,582,86,27,776,8,24421,337,64,1204,1978,310,868,1682,100
1717,1459,1221,3,200,1425,1649,195,3366,3298,16,22,795,6433,765,242,1897,95,82,8757
165,1855,0,361,253,3080,2281,8607,389,1,4973,99,102,227,278,281,519,119,446,48
1357,4781,99,2357,1418,2325,1407,565,22,651,569,28,1312,188,273,522,169,28,656,1032
329,225,506,3,212,387,1469,1055,6,234,32,1740,2281,1363,453,10529,40,1026,0,501
48,370,436,1299,2285,129,228,1768,545,4539,30,7,127,254,34,238,211,17,556,85
361,5,1325,1935,953,579,1467,110,19,1345,165,195,694,230,244,67,997,187,95,414
7,781,51,194,109,69,297,60,173,642,1395,12,2094,185,1672,323,1216,1289,623,1630
66,24,2171,503,285,0,327,789,129,37,1,1446,1188,70,201,563,777,468,1225,409
200,997,148,81,3862,203,361,682,87,1386,232,23,132,1051,2280,489,1612,543,524,238
476,742,301,156,8,74,4835,829,2196,844,518,154,1,246,335,3913,13,289,97,13
48,962,137,1,563,795,138,261,36,2510,10,11612,56,641,420,3646,1,3366,396,151
