-1.072716466732798,-7.67742193157E-4,0.8513100976585455,0.8953953492660288
57,277,135,799,453,44,55,258,2121,2472,785,22,656,1278,1905,363,0,453,0,379
512,1557,35,239,1255,218,83,602,293,142,125,629,450,400,608,266,289,684,311,5721
256,155,932,1511,466,722,1233,962,51,403,1103,1956,121,2341,804,882,3,312,175,180
259,351,11,1041,468,347,593,126,650,326,21,781,189,617,2673,410,183,500,126,954
329,378,696,699,1476,3449,4210,1952,2013,418,277,1668,1380,118,131,26,397,150,102,460
1761,339,138,0,204,341,41,338,443,2000,1427,2508,931,1615,84,1026,478,283,540,607
544,475,792,347,224,1797,2021,489,191,8288,1762,352,621,3587,300,318,70,1468,378,0
94,2351,693,438,248,1198,1517,350,1346,301,1897,1120,1812,19,1025,73,3826,488,0,112
1865,386,138,335,865,713,406,295,10269,3456,889,428,2228,2645,245,1617,2953,3900,1121,320
2914,251,1519,42,1040,706,493,1657,22,1065,1255,1489,138,295,868,355,1565,1951,249,115
172,983,407,317,1078,39,2588,373,149,6463,457,169,311,374,718,595,339,1072,160,747
456,1542,7504,494,1279,742,1126,683,2019,880,1317,61,1692,1470,709,1440,1333,1036,115,2426
2137,223,1656,182,1063,785,1976,1151,283,549,2118,777,864,1167,836,2073,0,282,2090,546
87,2175,1625,500,965,3845,352,3641,1539,592,1629,1049,1004,1299,52,1185,110,1137,913,311
131,578,703,151,183,528,1135,600,986,1084,210,357,185,272,7347,358,351,514,887,430
126,1223,212,345,868,792,1092,271,567,96,2692,640,970,1633,831,448,567,2,0,1643
821,316,733,6752,132,3709,63,698,1347,273,1074,418,1261,908,19781,461,1038,2218,342,160
1965,1247,524,1405,914,1395,208,3699,322,481,511,479,509,156,194,413,1693,345,3429,454
911,156,1146,919,184,861,416,27,199,597,1083,0,165,1410,815,534,354,175,252,194
298,472,173,644,1156,293,170,2297,39,392,720,526,282,88,257,5520,989,305,232,352
