-1.8661526941131188,0.006269585729013414,0.948580976080029,0.8464083235910157
1114,593,1059,575,44,121,266,97,258,1,1142,399,1195,222,3,19,25,272,236,10341
343,84,729,2267,178,2402,138,21,226,1658,209,13,1772,3488,3293,80,3048,47,6,3930
0,86,787,267,297,904,458,164,461,1100,310,130,2087,73,676,58,1362,171,3,1
6,328,1203,6,752,1,837,3,259,510,1,1371,6923,80,224,468,3096,3528,68,4954
835,359,844,1481,18,3,1368,89,774,105,67,1,15,1888,5,1512,1,61,6331,2540
164,1450,1244,2,195,3,3,70,139,437,889,8,786,879,332,189,3658,2229,3,61
508,1028,27,717,211,1355,2,881,849,1483,1946,2,7341,241,2248,126,1,574,3807,78
1131,2056,4,2,394,273,1924,337,2727,2234,0,77,3,0,580,6978,333,9,59,2
3200,763,33,2742,5,227,471,2028,476,199,15,1135,718,5301,846,121,593,0,2283,436
6740,12,33,813,975,1200,190,208,562,0,1638,2999,0,3811,1630,118,67,7,156,6039
2503,518,96,0,2,788,42,0,679,4872,8,1,27,1061,1199,2375,374,171,172,0
932,3928,45,656,132,1018,67,1072,107,1683,1,1133,79,654,537,3532,1521,90,1838,18439
1000,2,529,7,862,5,74,16,29,99,0,724,1,42,242,11022,6533,292,407,3
5252,12,484,4160,198,5,2,996,17,2878,2335,1883,3849,226,314,670,9,216,1324,150
2,137,3151,174,1,0,519,77,533,629,290,373,44,100,590,19,1662,2309,138,703
1646,0,594,25,0,785,1380,4,44,770,834,317,57,1874,403,556,74,1272,946,1
1904,0,65,19,0,883,77,153,104,201,110,96,98,441,474,1357,552,272,936,140
4307,2322,3385,3465,1686,31,235,248,31,8,656,405,18,912,3764,80,26,7,4703,1331
802,0,1665,2,203,21,228,415,2378,135,82,681,2788,531,88,483,60,1808,3703,120
2,716,2049,587,1038,1546,351,1720,2,3516,1269,1029,352,1908,3,3436,1135,322,1408,58
