-0.7992599880543334,0.016800966020010143,1.0032002784872707,0.9517885886298719
1488,2423,638,450,2967,1722,1664,59,2024,1107,1040,191,1233,280,1578,1480,2955,733,1785,6879
1924,1035,2242,480,3154,313,430,1429,1344,879,914,493,1413,1025,247,1540,2996,470,1865,1738
2357,1792,2289,1299,498,808,978,646,648,141,792,1641,296,1235,1362,545,185,778,1298,330
584,1421,1644,1520,2786,1790,307,1206,869,408,651,206,1058,2217,785,1771,0,931,1223,1582
688,853,1757,1401,800,925,1384,1432,328,217,19,721,1393,747,852,885,320,1241,1360,1592
554,3482,1030,1052,820,253,181,593,1557,423,774,777,805,297,808,1444,16,1301,686,492
1045,297,1002,1188,1062,1104,430,926,1949,207,757,626,393,531,782,1782,1101,1055,838,1077
514,276,1053,700,304,164,1214,160,275,1530,535,1459,20,795,867,1312,155,1005,195,576
612,1014,581,1060,171,1217,479,78,1040,187,147,1020,0,758,275,162,521,820,1220,32
93,1063,356,654,858,1089,17,455,548,578,467,671,407,239,19,254,1901,617,1772,622
285,495,1990,548,912,187,2041,1232,311,444,2313,162,847,904,831,1200,1830,1430,1523,606
230,134,1089,900,3154,1666,1391,100,7,769,52,811,97,427,302,611,427,485,257,231
336,1102,640,2257,315,304,1181,528,133,1546,933,1329,576,611,1512,1917,862,273,721,1154
1512,128,820,1554,927,392,581,575,575,57,652,1214,496,687,509,758,2674,729,447,516
2354,123,473,3233,923,1293,139,1137,1194,1381,280,896,1235,754,698,524,802,1647,647,474
1210,297,190,351,1600,1011,509,703,672,3204,182,609,93,933,1788,171,775,766,2746,2873
1976,915,22,800,2072,322,1290,908,527,275,614,121,1633,1154,143,110,360,361,470,1570
536,518,1978,393,488,256,1496,352,651,375,1200,723,684,606,57,1327,200,1466,5340,1595
2918,2159,1466,1154,714,471,1662,1626,292,514,2323,1080,1220,510,1962,1049,810,516,2335,202
1802,2006,2099,576,1958,885,1832,1205,1168,389,735,666,3572,1633,1089,1285,1797,106,3180,1995
