-1.1876304434136145,0.0026672916361901123,0.8501696477946037,0.904994168454345
598,1096,234,96,1759,993,224,95,1217,1346,516,2149,859,95,211,915,10,1162,740,115
1882,1075,339,336,396,13,267,1325,1201,1485,384,151,1161,795,827,427,611,322,1019,151
122,286,2340,2515,229,401,78,89,581,1949,1711,176,323,582,203,1509,193,141,479,0
1004,76,354,136,526,623,666,1160,369,1292,697,973,174,536,4539,2383,6,3121,675,530
418,70,177,297,97,842,851,2270,686,1472,230,3885,700,1200,482,0,10,0,136,13
1169,64,99,1090,88,4961,951,368,150,61,401,220,243,4294,1590,7362,589,726,1924,642
175,140,239,44,541,278,321,1956,4802,559,314,4898,168,215,24,63,2126,350,408,332
78,1642,1085,973,265,280,2267,17,27,890,54,2238,263,539,348,147,941,1842,1174,1953
4460,760,123,123,1634,1045,3175,48,4447,34,1707,4416,2183,165,2467,842,686,588,1158,421
42,98,634,1123,1670,396,53,7605,54,2435,1132,1730,112,589,2749,668,222,647,3912,893
142,1,383,613,330,350,2885,195,1597,4987,11,728,637,2305,18,760,271,241,3981,4
594,865,612,148,186,427,718,408,0,107,1217,1274,350,988,765,2329,84,3684,0,18
2248,2,396,258,2303,1092,1333,4412,437,71,509,443,62,6107,714,6969,398,1098,163,989
357,948,148,158,6752,1101,1072,703,2321,805,1143,558,2120,821,284,1087,642,864,521,785
2333,315,369,170,350,1048,2226,3417,982,2082,623,614,1176,416,3452,949,2111,540,2579,1095
875,142,280,331,906,198,157,680,1255,1013,1598,2657,1136,443,1613,440,1665,2236,650,458
817,895,2455,24,1627,542,425,288,231,226,277,622,388,906,733,719,3558,1519,851,2130
202,8,47,274,376,786,20,586,783,22,15,487,1533,753,760,724,315,2864,33,358
148,55,5,1011,2374,419,70,62,132,689,1446,923,3797,1071,633,930,1500,462,82,452
463,999,847,182,673,913,175,509,6724,122,283,711,774,1241,460,366,385,463,1995,476
