-0.8128232851234173,0.020715167032145095,0.8535032818436793,0.951901251587633
301,601,678,486,1706,562,167,110,1,1098,457,709,167,1193,512,1607,848,154,536,590
261,506,234,2776,1440,248,285,1165,51,153,86,2036,59,698,179,1780,994,431,307,293
321,889,468,1766,880,264,446,886,1272,1628,2102,372,318,169,1835,1369,2218,432,753,275
648,1615,1251,159,2499,1033,536,501,252,1873,454,2239,828,38,982,587,1292,1285,713,913
485,719,2623,1202,311,645,2225,621,1635,986,395,423,1070,0,1639,1862,1257,600,847,1037
991,451,1650,556,848,884,1040,564,1882,389,130,932,0,561,575,186,545,334,1402,161
690,453,6,694,1268,1576,261,1664,2640,1848,400,1147,2062,34,1957,2075,2324,284,896,713
1351,0,1446,2741,525,636,628,1426,2606,867,1429,2379,1316,1183,2576,616,214,279,1101,1623
1062,186,1772,1186,503,1974,2447,25,1776,1202,3405,1296,1653,600,392,1690,449,3,2304,895
617,643,1092,548,747,2145,1466,508,1137,1021,1814,1657,856,1946,143,524,2282,509,731,260
749,436,549,1080,462,1565,759,590,4724,1417,2818,2917,1197,21,3195,737,1157,1760,528,820
1295,1042,1015,1240,535,2254,2409,1448,971,2308,1107,2040,162,374,625,1804,428,3382,3064,222
1825,2552,647,609,2295,2789,1515,1213,653,431,2875,1228,498,1111,1654,283,1196,1063,107,2237
687,1105,1126,865,775,394,3814,1518,725,1501,791,1060,585,1225,215,1614,306,1086,613,757
540,446,417,20,1005,1402,525,1987,2876,3274,1434,0,1986,600,82,834,221,1775,292,586
203,1420,1058,2021,651,164,420,1485,1874,2577,188,911,1003,709,711,1534,734,382,14,1112
737,722,332,176,1278,335,112,90,292,746,166,918,1940,468,528,1226,235,2541,926,1011
998,774,524,422,332,2043,208,265,1706,750,212,2613,1380,509,578,233,1196,1154,629,1819
161,145,743,300,168,1443,2060,350,280,597,997,521,286,1083,1032,903,138,453,540,1194
354,506,1502,546,377,543,1519,2332,1027,955,367,385,1533,355,417,652,167,1015,1082,255
