-0.6321341320977323,-0.0066167523937751055,0.9473978005028901,0.964592351741071
32,1026,244,615,1418,864,1072,80,1124,1518,524,239,679,2345,2225,1840,681,200,575,2836
846,1162,1362,2123,724,1070,624,1389,1095,1402,253,917,833,299,1739,512,650,1840,1309,2258
765,675,1003,1294,43,1148,69,1254,726,366,1075,380,147,296,539,539,445,1400,1306,509
4798,748,1140,1148,869,0,496,730,2174,481,1109,1687,1145,1349,2482,411,1911,631,1974,657
557,1108,550,1171,1091,619,659,1594,1717,1281,762,1197,641,460,3481,413,1030,191,2013,813
755,958,1257,605,700,1081,826,585,238,924,450,1451,599,1075,516,2374,1303,418,641,1558
816,1957,899,1926,2293,1058,2294,878,502,1486,1425,995,878,701,1064,998,1201,680,1041,928
354,1446,1059,936,1835,479,960,792,1188,656,214,826,152,283,1171,1491,889,1464,935,312
1498,285,879,1648,1988,617,102,523,495,145,536,327,2747,153,437,311,378,654,570,866
456,1016,439,311,595,1033,1839,1585,238,628,506,1521,350,2140,775,2286,303,797,391,2126
3047,1444,2083,886,1250,222,63,505,1086,1084,1276,1535,173,928,865,1578,1366,388,617,2133
616,1736,272,862,31,325,2709,258,0,605,1232,471,326,1117,299,248,1088,1484,1576,1305
401,211,666,1410,1622,1457,513,887,2190,730,1287,973,1909,525,780,1220,1064,1231,532,1203
1494,0,192,1984,470,0,1890,323,656,2159,545,840,593,662,794,571,735,1583,1573,1126
625,836,1680,591,1039,543,161,226,526,930,240,0,587,1043,689,485,948,461,1569,0
1674,954,1067,1780,1190,324,331,1818,2415,1093,1917,2904,1131,1579,1038,1104,1252,478,1701,429
1431,1761,1214,535,929,1108,511,136,940,1341,862,1446,759,344,348,400,659,491,289,2428
364,2151,1151,197,2081,180,228,632,1833,219,1741,756,1090,394,1301,1343,0,844,1340,352
1896,1094,784,1359,1296,222,857,636,1278,1176,661,1996,393,1469,1793,760,1453,1649,906,1409
223,1079,799,2042,868,1174,731,1710,302,1266,1299,873,963,801,694,2055,714,1597,1969,1394
