-1.404709839727659,0.007654853918511293,1.003196924833658,0.8492204507357705
1268,497,2451,2123,92,484,339,138,267,69,268,389,1869,204,1602,52,8193,919,103,7195
1374,468,14,0,0,1570,1358,1545,399,100,81,334,7414,3503,870,957,10822,13294,176,93
103,505,2702,793,914,1211,25,6183,67,501,193,0,31,0,483,694,57,65,157,926
244,360,621,7,2770,55,3374,384,19,96,246,896,7386,210,404,143,198,357,4819,261
368,855,66,150,220,34,1415,100,1146,129,0,32,880,0,27,712,4942,2488,0,2521
170,84,0,39,29,1131,2804,279,862,14,697,59,343,170,175,734,1395,345,89,288
322,2763,154,249,290,477,289,735,73,3175,0,1120,254,19,356,771,187,1179,611,1346
2938,252,260,133,1,34,2102,150,0,1342,59,72,1190,219,123,858,228,867,619,3782
328,6,241,2090,0,588,2143,1492,461,1517,581,112,625,337,277,40,323,4,3700,2328
451,43,164,501,52,304,990,147,654,786,325,695,161,71,156,2000,172,59,0,1631
353,0,166,1197,85,771,992,531,0,1058,1981,63,2119,192,8,241,527,578,334,6874
2215,1893,11668,1189,173,1504,1306,959,110,1013,890,1768,1461,59,239,0,76,408,5,12090
255,251,126,396,886,341,219,3273,68,143,296,188,74,481,143,86,707,444,2358,947
721,162,2412,426,375,459,1847,205,0,796,34,161,110,147,105,227,644,1246,687,795
10,95,2885,889,866,49,831,864,338,945,534,901,156,18,230,77,242,81,1289,1809
3572,365,3422,680,65,8,1856,1846,31,580,61,1370,68,1488,182,862,76,1086,75,294
325,4306,846,35,4200,205,1353,23,279,4238,509,17,2077,337,469,2027,72,771,4113,1470
531,130,0,1618,1460,72,147,2307,524,107,340,983,65,51,0,1413,345,41,1804,5939
2921,327,363,124,225,640,1513,160,969,0,537,680,840,31,2670,429,317,0,29,338
56,71,646,674,236,2704,17,552,183,3223,213,378,24,14244,0,3153,64,2853,183,1093
