-0.8371822785786385,0.019104107616945636,0.9995968335726216,0.9520952156562861
2690,2292,1041,236,1103,2076,1088,224,1494,1332,1889,371,2065,151,1904,1358,1320,178,1899,6964
2349,1326,1743,1256,3373,683,638,1371,1700,786,1079,344,507,1941,1316,952,2827,2600,1781,909
1047,1876,1091,1188,396,854,892,741,648,184,1094,1345,240,1751,803,508,192,1477,1498,560
679,2145,1932,1645,2734,1240,298,1059,1995,485,400,229,895,1984,1004,1072,33,793,1223,869
606,897,1553,843,1352,1013,1331,1324,754,71,16,670,1438,796,861,166,1735,1252,315,793
434,3232,1515,1863,953,79,124,723,219,895,863,777,1020,297,853,1650,16,1278,560,432
877,169,1501,1314,1229,1397,541,957,1207,150,320,1280,66,549,302,1134,971,983,1005,1334
507,198,1492,1206,348,235,2026,544,344,1100,826,1609,6,857,1048,759,165,1008,94,492
582,856,234,690,273,490,56,81,492,174,352,996,812,8,296,151,545,1074,819,605
67,1066,273,506,841,670,17,899,1016,578,592,757,396,385,109,194,2405,1142,1690,646
305,474,1601,548,531,612,2689,163,311,413,2559,174,286,1034,918,2117,786,1199,1575,453
255,264,1472,411,3170,1450,967,210,7,715,1,1395,41,725,362,832,800,606,253,780
301,831,866,1915,2,329,1557,424,184,1378,1051,1151,143,633,891,1712,652,151,353,1143
195,417,924,2426,1315,520,705,1343,951,122,822,1180,788,644,531,842,1768,513,378,462
1995,157,522,3245,519,1524,293,795,1315,590,313,1259,903,732,634,902,467,1975,572,419
1061,337,760,509,1491,1131,703,468,490,1533,292,718,61,772,1847,171,978,1073,2780,2928
306,823,1,1737,2731,344,1058,552,402,386,632,50,1291,1750,424,1959,2061,311,396,1061
577,392,1541,337,473,251,1496,1499,256,441,993,670,705,804,378,1026,313,1478,5387,1670
2792,1495,608,1196,948,483,911,1710,620,514,1269,446,1164,492,2922,1612,1162,532,2211,352
1817,2106,1389,515,1951,861,2173,1093,723,337,849,766,3871,1692,1033,1847,1643,494,3451,2142
