-1.39522859089587,-0.004936329067953693,0.906847018550179,0.8500864860616094
182,714,217,151,173,1506,917,295,616,16,1690,104,485,20,183,998,88,594,180,2067
81,659,1506,7,75,1890,0,242,760,898,126,665,295,589,355,245,2097,1010,250,12
227,955,2633,1643,76,212,310,91,1928,464,1942,109,1197,4252,177,822,5376,180,405,200
13,324,163,1054,29,4179,81,891,412,4146,272,457,46,13,746,3273,2343,231,73,1287
254,19,8,190,2237,23,133,1416,1827,194,841,0,1051,2387,5,653,246,565,2607,268
68,376,302,1594,1957,58,276,1747,671,1984,1023,750,13,88,723,3727,325,1645,192,880
540,684,445,685,141,188,0,406,191,315,5,277,422,11,277,756,86,1290,5758,11412
168,1230,12,29,382,2216,939,23,733,1720,105,143,197,314,1270,481,433,379,5,379
192,337,112,447,209,3799,775,73,1117,331,5,27396,450,151,5614,554,406,373,2420,58
80,1898,1535,778,447,302,43,39,498,1101,192,162,463,233,37,9195,725,521,432,7240
28,183,466,1002,1,1067,18,211,657,2609,0,371,446,52,1313,266,677,206,2226,50
272,9725,243,865,972,85,1843,217,198,264,707,58,2558,273,718,2432,268,125,296,595
65,162,1365,3881,218,110,135,85,14,240,257,164,367,73,1117,5235,0,243,2042,2013
148,698,1074,2924,1643,20,127,1387,424,608,119,489,435,10,345,344,63,73,1075,130
2964,5709,236,489,452,608,39,314,268,2974,110,980,652,1037,671,6372,12,281,3307,681
8,17,4611,742,147,2087,92,2,4,403,1146,194,1099,965,1158,1810,639,2696,142,71
348,946,223,1157,97,307,143,423,277,1269,282,480,384,4535,1944,488,1687,764,523,261
175,206,211,606,752,1030,226,1764,178,98,13,1556,212,1980,203,931,174,537,954,404
83,532,821,2230,2703,27,7683,805,745,30,727,513,0,74,183,843,29,49,3833,656
129,202,352,4422,267,747,582,805,554,0,876,2271,196,126,9956,29,515,2954,1068,466
