-1.4785623668739662,-0.003192438929644006,0.8443412415137805,0.8482265248373211
360,0,428,2776,730,1777,439,33,23,100,951,1,1468,52,1201,63,2252,1,712,0
1423,1113,785,735,1746,4599,251,180,671,75,27,3260,1354,65,1109,1114,1726,749,169,32
77,122,982,249,491,41,11,966,3883,0,160,1218,1234,1466,301,304,3591,261,491,649
211,54,111,3771,12,672,394,1008,1783,0,922,1643,188,0,0,2991,1075,421,40,52
249,2578,2013,130,0,441,771,214,124,59,302,792,572,112,123,609,206,463,345,8
402,475,226,295,4,520,353,796,4668,4796,1713,159,549,430,542,445,291,1176,27,134
313,255,0,2305,39,1234,9,0,81,898,62,275,325,197,145,27,80,468,2031,395
550,1,5,76,539,583,38,413,5400,172,1816,989,494,2859,680,9395,21,1475,203,885
556,149,567,121,778,230,2020,82,1,1412,274,24421,274,1068,1353,2481,473,860,2218,144
487,531,1191,25,6,2505,173,1135,1012,2314,16,3,35,5838,418,205,11,34,526,9178
114,1443,693,1816,278,4315,203,9662,351,113,5135,55,283,1218,909,88,863,202,227,48
252,4338,422,2834,1069,2162,320,539,346,2928,1285,203,504,107,604,191,0,224,90,2142
299,1446,287,4,113,901,3831,397,2,28,128,2182,2348,310,365,10299,17,745,683,441
140,365,123,261,1357,791,1132,2651,579,2788,1,0,79,1157,30,312,488,20,1362,127
77,0,317,1754,766,1244,385,658,334,1614,420,73,372,1724,161,91,470,388,588,331
7,456,304,230,228,69,1213,111,3102,4260,528,25,2101,677,103,747,876,1244,0,1649
15,24,6,0,103,759,3079,641,212,67,51,1535,79,164,319,118,905,873,121,294
133,60,432,58,5127,633,538,634,140,393,232,200,236,2981,2328,729,1033,3155,522,1815
72,380,499,293,123,18,7828,146,2141,91,963,261,0,13,677,3701,458,564,1796,1036
24,1679,111,0,1030,607,0,367,218,1098,3038,11185,614,127,1922,122,7,1170,4,324
