-1.5466410322361757,-0.004335769241440252,0.9850550653961192,0.8495004476541468
10,803,4487,122,1872,239,385,159,123,7,61,279,1219,1327,14,50,25,282,2953,9406
162,224,821,2539,23,3871,94,4915,53,747,265,7,444,340,204,202,862,420,187,105
8107,20,595,714,4310,25,312,3845,67,364,127,1884,92,1275,544,1082,1855,535,122,398
250,35,351,1673,1458,39,1170,4,1116,131,205,163,7791,1,34,900,1272,305,29,199
260,544,492,378,281,1075,813,56,69,7,2659,82,105,2712,32,4397,147,424,6534,8185
208,1533,170,996,35,1635,3331,233,922,1289,116,5,1733,0,303,2,1153,2048,31,1371
476,11,798,363,286,2008,147,130,1099,1909,1262,251,83,794,21,13,10042,195,3524,414
1092,286,1583,421,1937,1880,91,134,2113,2456,1039,693,453,177,196,828,0,68,299,2
3285,140,94,1239,629,304,1112,2342,1229,34,89,33,566,737,106,46,64,281,1702,1822
61,448,7,4048,1209,394,175,95,3,1620,430,0,98,1925,470,93,215,0,266,232
253,215,612,93,311,1187,1828,2157,5,23,50,151,40,473,988,1800,94,106,85,1097
1032,6013,9,75,83,3172,32,966,60,732,12,607,514,383,474,106,415,1474,272,416
211,1428,278,160,304,276,1794,86,485,379,1193,2519,17,984,556,105,1633,417,17,339
627,257,314,465,75,170,21,1055,954,2247,3335,1,720,317,1140,371,0,359,181,1946
333,13,636,656,408,0,124,532,1509,67,1783,17,915,22,76,4,1008,4032,70,709
324,8478,87,71,489,46,8,212,338,814,2188,7226,4,2067,158,18,76,1063,543,305
3995,0,115,18,2892,1563,95,448,1312,963,4175,469,61,438,2337,1546,565,0,2642,931
707,1,4032,3921,1370,252,269,175,258,877,170,104,693,521,47,151,780,309,3145,410
171,87,1334,35,82,355,122,151,3213,40,256,509,5500,108,394,609,315,286,78,473
323,3166,79,2,0,9176,168,141,536,2926,738,175,57,18160,480,3970,149,3890,558,1208
