-1.6826365494039703,0.010798743706299761,0.8492109366008487,0.884039557996149
158,243,45,393,587,458,71,3,1031,2317,9,38,806,1555,173,1886,181,1268,1399,1408
32,15,96,704,194,41,171,1002,443,13,2975,49,432,827,1664,1575,2142,22,73,158
812,160,119,44,313,432,267,1725,1921,2259,141,5197,1722,1863,28,234,308,1230,297,448
39,1036,491,41,179,3,171,541,1298,1706,1115,213,270,42,415,34,0,1483,54,384
6,948,594,96,20,952,573,3117,1639,3,1112,932,2008,3348,404,4628,435,5432,4730,2
738,10,1550,0,2046,490,649,295,273,95,857,18,97,0,1961,9792,703,999,1467,1034
7,5,1570,18,146,72,2183,1165,4380,3430,1328,5045,2461,1,144,1148,817,12,995,1008
2181,49,864,231,2384,13,5595,36,144,1513,23,565,338,178,8,93,1174,1028,12,300
1183,15,3182,643,1261,17,2835,790,672,14,3603,1858,104,1053,3926,1236,62,3347,799,371
1,61,105,94,42,2,1043,235,199,1520,1619,5,38,2842,118,1052,535,973,590,5
1593,59,0,6,1119,543,2606,1930,3,1097,3362,2574,4,3276,1581,600,80,81,3269,82
68,80,79,34,683,199,3090,520,63,1594,324,2580,2739,1158,364,139,1289,136,590,1
1380,106,550,1,1249,412,1346,944,25,729,4436,1908,72,3676,31,7355,229,844,218,66
5,54,5,481,4188,309,3033,1376,1293,2540,1521,65,1919,2215,38,600,2295,1400,13,345
3607,67,287,1843,8,640,2075,1465,3,526,1272,813,268,1,181,2111,2718,1,1193,2
3035,319,464,2969,298,4,12,4472,4,783,2697,475,2498,460,3901,2002,2439,1820,1,16
1461,616,198,28,769,109,646,576,509,266,31,127,3,94,2485,1585,2020,2407,424,5126
4138,240,1,4,609,1306,20,3806,818,149,26,897,222,647,3019,1822,6996,1027,33,1
521,86,151,240,195,2207,1,117,911,2,109,1040,442,2438,528,14,198,427,2407,301
92,1257,90,76,182,877,787,1007,129,415,1098,53,2,230,1329,1460,0,844,990,1036
