-1.4272207048623402,0.001825530640881093,0.8817060540520315,0.8466133127219477
658,609,272,81,145,172,2784,307,376,2313,1666,59,118,106,775,2856,65,1308,51,2293
229,375,2214,0,64,0,0,242,760,273,177,682,356,398,511,1415,832,1010,54,19
1698,557,244,217,1,220,139,208,1928,481,2375,226,1197,3020,179,7980,2576,131,948,281
170,135,245,209,31,2913,342,629,666,4167,206,2582,50,13,596,3292,3018,191,270,1048
189,386,0,915,998,89,105,1865,2464,271,1249,42,1272,600,5,1439,38,424,2744,124
50,555,325,1154,2249,113,44,1418,497,2623,162,2398,13,159,151,2121,489,1930,925,1397
566,1294,178,731,394,1000,395,778,228,361,91,308,1256,867,289,800,0,1263,5735,11843
227,1290,96,69,404,766,52,280,370,20,5,75,308,171,696,354,539,331,5,341
166,199,193,334,200,3089,1853,215,2626,116,1147,27427,515,228,4205,363,12,382,2580,219
53,1982,1001,45,600,9,117,962,489,609,67,326,135,245,106,9238,254,386,112,7197
145,325,0,978,119,1136,29,164,939,3586,374,4281,305,114,1504,103,1834,369,3626,109
274,8665,117,1583,1000,32,433,56,240,1480,631,1,2614,212,162,2779,673,120,11,9114
238,188,1238,70,217,16,38,421,437,148,119,339,826,191,440,5235,0,162,2914,2012
40,552,1545,3116,1610,22,97,1935,424,144,375,920,726,173,82,1233,398,6,266,130
1324,596,236,107,414,598,36,1,57,3088,114,791,511,1925,601,5584,12,321,3648,1808
14,176,776,513,147,1987,216,6,4,54,1573,187,588,453,1230,2119,653,3566,114,252
2145,41,28,516,63,806,27,743,256,896,135,538,0,2415,2113,3894,191,881,1089,472
196,661,266,1032,877,111,176,1764,339,77,0,1343,1548,1412,225,958,168,25,926,276
201,106,1019,1930,3783,12,0,749,33,9,25,442,0,82,427,982,30,213,0,656
209,627,1016,4029,52,415,227,805,554,55,835,1956,182,37,9704,171,1135,2954,0,562
