-1.1825497218060403,-0.005359762439281727,0.9491700926011096,0.9246567121730739
26,2397,2197,591,609,356,1556,241,78,625,911,3625,642,138,3331,2146,285,46,3992,863
4655,21,946,28,526,10,24,633,1036,1012,354,580,515,2347,708,1659,3535,764,345,52
1145,285,435,1703,975,2587,205,1218,1290,553,997,1330,70,3,181,37,1223,794,1226,1599
89,513,841,260,1808,835,13,305,702,206,84,4310,1158,12,588,3141,382,998,0,1117
811,3394,2194,951,1650,874,349,1659,3126,942,351,517,67,335,2574,681,72,3004,38,1816
1650,506,1522,297,2249,938,1128,1003,44,1248,1486,545,792,517,958,515,308,55,1650,58
55,790,321,544,105,959,3240,116,0,549,830,461,104,4,1887,587,1156,884,933,579
3011,3052,1186,754,1631,353,1300,2260,1358,2324,505,1242,867,706,1,2919,244,941,90,900
577,800,556,1407,1819,243,646,657,1063,798,229,241,1241,46,2068,1590,499,196,165,1381
5,11,1955,1175,631,103,181,139,1363,1192,589,2720,27,1637,413,689,316,956,1145,1765
1192,1766,47,412,1325,132,397,367,1556,413,409,1158,463,2705,775,11,113,526,1,1760
743,161,212,2144,301,2450,150,2530,205,1820,263,506,2965,293,135,1028,45,1088,956,174
707,733,265,1136,1003,4059,530,1080,1032,1828,910,10,361,970,546,278,471,379,406,150
191,1379,346,802,232,130,1927,1018,813,2477,88,2,720,47,152,799,93,1254,521,740
80,783,333,2191,1590,208,2638,759,920,5835,843,0,154,26,3269,638,0,1906,364,1613
1517,515,1889,1129,53,282,249,1,1,557,380,0,103,455,3911,685,1445,1557,20,1651
38,1300,866,638,1174,218,4709,2406,23,2261,1774,2239,192,117,1541,2521,3662,242,886,1418
319,614,1148,723,1060,2609,1622,2258,346,155,134,187,505,245,1154,17,2803,1081,1282,1
8,1409,223,389,2859,630,38,150,60,2393,685,1250,275,526,1890,156,132,1332,1473,2826
4892,319,2052,990,163,4263,249,1428,1946,3332,1265,1331,1522,46,781,2871,1955,600,1664,1129
