-1.170036901577554,-0.005291410415636909,0.9482640919500018,0.9261923792014289
25,2397,2197,591,609,356,1390,241,78,625,911,3625,642,112,3331,2146,285,46,3992,863
4655,21,946,28,674,10,24,633,1036,1012,354,580,515,2347,483,1659,3535,764,345,39
1145,285,435,2002,975,2587,205,1218,1290,553,997,1330,70,3,181,37,1528,1212,1226,1599
89,513,1006,260,1808,835,13,305,702,206,84,4310,1158,12,535,3141,382,998,0,1117
811,3394,2194,951,1650,874,349,1659,2950,942,203,517,67,335,2323,681,72,3004,38,1816
1650,506,1522,297,2249,938,1128,1003,37,1248,1486,545,792,517,958,358,308,55,1650,58
55,790,321,544,105,959,3240,116,1130,549,830,461,104,4,1887,587,1156,884,933,889
3011,3052,1186,754,1631,353,1300,2260,1358,2324,495,1246,867,984,1,2919,244,941,90,595
577,800,556,1407,1819,243,646,657,1063,798,229,241,1241,46,2068,1590,499,196,165,1381
5,11,1955,1175,631,103,181,139,1483,1192,538,2720,37,1637,413,689,316,836,1145,1765
1192,1766,47,412,1325,132,917,618,1170,389,409,1158,330,2705,775,10,113,526,1,1760
743,161,184,2144,301,2450,150,2530,205,1820,263,506,2965,293,135,1028,33,1088,956,174
707,733,265,1361,1003,4059,530,1076,1032,1828,1067,10,361,970,546,278,471,407,406,150
181,1379,346,802,232,130,1927,1018,813,2477,88,34,730,433,120,799,93,1254,529,454
80,783,333,2191,1590,208,2360,759,920,5835,843,51,154,26,2139,638,0,1906,364,1613
1517,515,1889,1129,134,282,249,1,1,557,380,0,141,456,3911,685,1445,1557,20,1651
38,1300,866,651,1174,218,4709,1886,23,2261,1774,2292,192,117,1460,2521,3662,242,886,1418
319,614,1148,723,1060,2609,1788,2258,346,155,134,187,505,245,1161,17,2803,916,1282,1
8,1409,223,389,2859,630,38,150,60,2393,685,1250,275,484,1890,148,132,1332,1350,2826
4892,319,2052,990,163,4263,249,1428,1946,3344,1266,1076,1522,46,781,2871,1955,600,1664,1129
