"X","Y","Z"
0.5,0.5,303.033704733767
0.5,1.5,190.429905357501
0.5,2.5,57.2085718888754
0,0,0
0,0,0
0,0,0
0,0,0
0,0,0
0,0,0
0,0,0
0,0,0
0,0,0
0,0,0
0.5,13.5,0.515537165380757
0.5,14.5,19.1553955912336
0.5,15.5,34.7454756733877
0.5,16.5,48.8918413914438
0.5,17.5,62.9096674091445
0.5,18.5,77.8155566451947
1.5,0.5,1.68963151784715
0,0,0
0,0,0
0,0,0
0,0,0
0,0,0
0,0,0
0,0,0
0,0,0
0,0,0
0,0,0
0,0,0
0,0,0
0,0,0
1.5,14.5,25.6845733826777
1.5,15.5,47.6628655889609
1.5,16.5,67.3643709986445
1.5,17.5,86.9866612573235
1.5,18.5,108.226770517363
0,0,0
0,0,0
0,0,0
0,0,0
0,0,0
0,0,0
0,0,0
0,0,0
0,0,0
0,0,0
0,0,0
0,0,0
0,0,0
0,0,0
2.5,14.5,36.7645005464048
2.5,15.5,66.4041116090616
2.5,16.5,92.9400127769621
2.5,17.5,119.732657173456
2.5,18.5,149.43121864824
0,0,0
0,0,0
0,0,0
0,0,0
0,0,0
0,0,0
0,0,0
0,0,0
0,0,0
0,0,0
0,0,0
0,0,0
0,0,0
3.5,13.5,6.45255542216642
3.5,14.5,54.9282789559083
3.5,15.5,93.3377208444857
3.5,16.5,127.996862294602
3.5,17.5,163.701591023548
3.5,18.5,204.386106716295
0,0,0
0,0,0
0,0,0
0,0,0
0,0,0
0,0,0
0,0,0
0,0,0
0,0,0
0,0,0
0,0,0
0,0,0
0,0,0
4.5,13.5,23.3622500475304
4.5,14.5,83.629707186353
4.5,15.5,131.576845429272
4.5,16.5,175.546883450266
4.5,17.5,221.963910504027
4.5,18.5,276.417691579469
0,0,0
0,0,0
0,0,0
0,0,0
0,0,0
0,0,0
0,0,0
0,0,0
0,0,0
0,0,0
0,0,0
0,0,0
0,0,0
5.5,13.5,55.7445697424231
5.5,14.5,127.282610268268
5.5,15.5,185.127804737419
5.5,16.5,239.415278213963
5.5,17.5,298.231600139968
5.5,18.5,369.174656754718
0,0,0
0,0,0
0,0,0
0,0,0
0,0,0
0,0,0
0,0,0
0,0,0
0,0,0
0,0,0
0,0,0
0,0,0
0,0,0
6.5,13.5,109.730720743725
6.5,14.5,191.290255945812
6.5,15.5,259.139134776421
6.5,16.5,324.57885699323
6.5,17.5,397.172928997097
6.5,18.5,486.75755448684
0,0,0
0,0,0
0,0,0
0,0,0
0,0,0
0,0,0
0,0,0
0,0,0
0,0,0
0,0,0
0,0,0
0,0,0
7.5,12.5,73.6179091947878
7.5,13.5,191.837043095986
7.5,14.5,282.246139343251
7.5,15.5,360.377624949899
7.5,16.5,437.791812323935
7.5,17.5,525.094388204067
7.5,18.5,634.309510675552
0,0,0
0,0,0
0,0,0
0,0,0
0,0,0
0,0,0
0,0,0
0,0,0
0,0,0
0,0,0
0,0,0
8.5,11.5,21.202743411559
8.5,12.5,186.572428527512
8.5,13.5,309.191920766905
8.5,14.5,408.534606261476
8.5,15.5,498.074154039008
8.5,16.5,588.637071879389
8.5,17.5,691.187626583379
8.5,18.5,819.431610766324
0,0,0
0,0,0
0,0,0
0,0,0
0,0,0
0,0,0
0,0,0
0,0,0
0,0,0
0,0,0
0,0,0
9.5,11.5,183.018308517505
9.5,12.5,342.406685453045
9.5,13.5,470.644709779446
9.5,14.5,581.483448429214
9.5,15.5,685.247521228926
9.5,16.5,791.109335255644
9.5,17.5,909.481898272159
9.5,18.5,1054.69094246027
0,0,0
0,0,0
0,0,0
0,0,0
0,0,0
0,0,0
0,0,0
0,0,0
0,0,0
0,0,0
10.5,10.5,199.483330187094
10.5,11.5,388.893779899013
10.5,12.5,548.595300386959
10.5,13.5,688.633509653561
10.5,14.5,817.072975801094
10.5,15.5,940.556333299866
10.5,16.5,1065.78270758418
10.5,17.5,1201.51846565974
10.5,18.5,1361.16661555235
0,0,0
0,0,0
0,0,0
0,0,0
0,0,0
0,0,0
0,0,0
0,0,0
11.5,8.5,39.0127087582973
11.5,9.5,255.484358031213
11.5,10.5,458.020799906073
11.5,11.5,644.644670649428
11.5,12.5,817.942692690354
11.5,13.5,981.424091878574
11.5,14.5,1138.11851297579
11.5,15.5,1290.7066824738
11.5,16.5,1442.59894136828
11.5,17.5,1599.67454105675
11.5,18.5,1772.63018536092
0,0,0
0,0,0
0,0,0
0,0,0
0,0,0
0,0,0
12.5,6.5,4.84358217131888
12.5,7.5,164.659727350654
12.5,8.5,351.691950842491
12.5,9.5,552.246620772757
12.5,10.5,757.855883178265
12.5,11.5,964.589479531331
12.5,12.5,1170.83394692856
12.5,13.5,1375.43913524442
12.5,14.5,1576.89164485155
12.5,15.5,1773.49920136732
12.5,16.5,1964.39077029967
12.5,17.5,2151.15660126228
12.5,18.5,2340.00047061245
13.5,0.5,8.67664016259037
13.5,1.5,1.9892136747766
13.5,2.5,6.25338430621333
13.5,3.5,29.7782509402038
13.5,4.5,82.1611803846401
13.5,5.5,171.027096160241
13.5,6.5,299.116830718209
13.5,7.5,463.801976051146
13.5,8.5,659.209533429582
13.5,9.5,879.02014288613
13.5,10.5,1118.01751340906
13.5,11.5,1372.00969070171
13.5,12.5,1636.88437904681
13.5,13.5,1907.69044279026
13.5,14.5,2178.28223888865
13.5,15.5,2441.72224545862
13.5,16.5,2691.43708214895
13.5,17.5,2923.00507243159
13.5,18.5,3136.35155389906
14.5,0.5,83.9769866384053
14.5,1.5,104.880328947073
14.5,2.5,141.177390273798
14.5,3.5,198.751335312854
14.5,4.5,284.231646844974
14.5,5.5,403.493100578427
14.5,6.5,560.360786759001
14.5,7.5,756.186882061443
14.5,8.5,990.337343471037
14.5,9.5,1260.94415805626
14.5,10.5,1565.21483419666
14.5,11.5,1899.0776492378
14.5,12.5,2256.43850365443
14.5,13.5,2628.52227712139
14.5,14.5,3003.72229294845
14.5,15.5,3368.2341978847
14.5,16.5,3707.57416067916
14.5,17.5,4008.87646135561
14.5,18.5,4263.62756693483
15.5,0.5,148.375262901993
15.5,1.5,191.907532476412
15.5,2.5,255.187346719411
15.5,3.5,343.660520813413
15.5,4.5,463.59809139784
15.5,5.5,621.339927668762
15.5,6.5,822.587396136079
15.5,7.5,1071.93836038436
15.5,8.5,1372.63953620518
15.5,9.5,1726.30682143853
15.5,10.5,2132.34615092786
15.5,11.5,2587.00612514643
15.5,12.5,3082.25449230846
15.5,13.5,3604.85792172648
15.5,14.5,4136.11702998211
15.5,15.5,4652.66625435315
15.5,16.5,5128.57898988608
15.5,17.5,5538.70816417157
15.5,18.5,5862.7699962349
16.5,0.5,207.491557652342
16.5,1.5,272.109608694545
16.5,2.5,361.610192831494
16.5,3.5,482.291250632676
16.5,4.5,641.633814095902
16.5,5.5,847.89524263044
16.5,6.5,1109.63312766024
16.5,7.5,1435.16725313256
16.5,8.5,1831.90244114161
16.5,9.5,2305.3623838452
16.5,10.5,2857.80455612388
16.5,11.5,3486.42210526358
16.5,12.5,4181.35226948797
16.5,13.5,4923.94343561302
16.5,14.5,5685.92247353391
16.5,15.5,6430.17001699512
16.5,16.5,7113.64989525995
16.5,17.5,7692.56799700237
16.5,18.5,8129.08610369656
17.5,0.5,265.351710646563
17.5,1.5,351.56371042296
17.5,2.5,468.996328979733
17.5,3.5,625.774734303688
17.5,4.5,831.787320413607
17.5,5.5,1098.50166793657
17.5,6.5,1438.62215203582
17.5,7.5,1865.495992882
17.5,8.5,2392.12296689913
17.5,9.5,3029.59165643723
17.5,10.5,3784.79941229299
17.5,11.5,4657.45050016919
17.5,12.5,5636.58221164988
17.5,13.5,6697.22848086742
17.5,14.5,7798.22920314051
17.5,15.5,8882.47762075998
17.5,16.5,9880.82100278997
17.5,17.5,10720.1386753048
17.5,18.5,11334.7636396218
18.5,0.5,324.530719132863
18.5,1.5,434.000684135358
18.5,2.5,582.460559688718
18.5,3.5,780.728399854046
18.5,4.5,1042.22582411449
18.5,5.5,1383.02327856695
18.5,6.5,1821.66349953507
18.5,7.5,2378.58861171974
18.5,8.5,3074.92974577909
18.5,9.5,3930.36885737193
18.5,10.5,4959.79663833672
18.5,11.5,6168.62942143231
18.5,12.5,7546.98074905836
18.5,13.5,9063.45958348386
18.5,14.5,10660.1522950479
18.5,15.5,12251.1179022214
18.5,16.5,13726.9997902775
18.5,17.5,14967.4779793746
18.5,18.5,15860.8533945658
