"X","Y","Z"
0.5,0.5,189.064950506568
0.5,1.5,211.884736655401
0.5,2.5,238.019149215942
0.5,3.5,268.110156459031
0.5,4.5,302.94852351266
0.5,5.5,343.501654793657
0.5,6.5,390.937957813244
0.5,7.5,446.639000597483
0.5,8.5,512.184161199164
0.5,9.5,589.28299084143
0.5,10.5,679.61864149778
0.5,11.5,784.554968732522
0.5,12.5,904.660689355527
0.5,13.5,1039.03881924115
0.5,14.5,1184.55471277087
0.5,15.5,1335.2603002709
0.5,16.5,1482.56300031094
0.5,17.5,1616.73584138288
0.5,18.5,1729.80931527777
1.5,0.5,194.879827629833
1.5,1.5,218.85737634606
1.5,2.5,246.473415716396
1.5,3.5,278.48712700458
1.5,4.5,315.853510976242
1.5,5.5,359.769652218872
1.5,6.5,411.723377596666
1.5,7.5,473.535849465412
1.5,8.5,547.380928849629
1.5,9.5,635.749652910631
1.5,10.5,741.305911472885
1.5,11.5,866.549530752015
1.5,12.5,1013.17387141596
1.5,13.5,1181.00735392206
1.5,14.5,1366.5379727074
1.5,15.5,1561.36713576772
1.5,16.5,1751.60390551701
1.5,17.5,1919.83332988987
1.5,18.5,2050.63702366353
2.5,0.5,200.263166748179
2.5,1.5,225.338934733283
2.5,2.5,254.373122201386
2.5,3.5,288.247158942761
2.5,4.5,328.091117804343
2.5,5.5,375.353289084164
2.5,6.5,431.881707327111
2.5,7.5,500.011935681519
2.5,8.5,582.645891575932
2.5,9.5,683.288344013818
2.5,10.5,805.975000491563
2.5,11.5,954.971128085519
2.5,12.5,1134.03762326979
2.5,13.5,1344.96951061098
2.5,14.5,1585.10554454898
2.5,15.5,1843.87914500763
2.5,16.5,2099.79104559788
2.5,17.5,2321.60461976589
2.5,18.5,2478.41451780184
3.5,0.5,205.121568186755
3.5,1.5,231.201847345
3.5,2.5,261.541144831504
3.5,3.5,297.140649214546
3.5,4.5,339.305178827903
3.5,5.5,389.73943450526
3.5,6.5,450.66918970644
3.5,7.5,524.987562302231
3.5,8.5,616.418685042931
3.5,9.5,729.673444330201
3.5,10.5,870.534816357146
3.5,11.5,1045.73583040156
3.5,12.5,1262.35133641757
3.5,13.5,1526.17784986551
3.5,14.5,1838.23245862657
3.5,15.5,2188.36628627354
3.5,16.5,2546.40502879809
3.5,17.5,2857.27532055481
3.5,18.5,3056.31988006079
4.5,0.5,209.364096900749
4.5,1.5,236.319933595269
4.5,2.5,267.798965078293
4.5,3.5,304.910417412744
4.5,4.5,349.11908238145
4.5,5.5,402.368675113611
4.5,6.5,467.245020571847
4.5,7.5,547.187639806347
4.5,8.5,646.755130404386
4.5,9.5,771.93871139354
4.5,10.5,930.489045815795
4.5,11.5,1132.15072193254
4.5,12.5,1388.53456085147
4.5,13.5,1711.986312597
4.5,14.5,2112.00525070041
4.5,15.5,2586.24797413796
4.5,16.5,3101.70703842612
4.5,17.5,3568.24170674529
4.5,18.5,3844.61136709208
5.5,0.5,212.908051748619
5.5,1.5,240.577382115272
5.5,2.5,272.980803548823
5.5,3.5,311.314109171532
5.5,4.5,357.171460541867
5.5,5.5,412.692264032658
5.5,6.5,480.761920880219
5.5,7.5,565.284145313765
5.5,8.5,671.545835059244
5.5,9.5,806.695861157595
5.5,10.5,980.35005445094
5.5,11.5,1205.29886112271
5.5,12.5,1498.18534216054
5.5,13.5,1879.70965699253
5.5,14.5,2373.01782905164
5.5,15.5,2996.2643188599
5.5,16.5,3737.50579064726
5.5,17.5,4483.93425577434
5.5,18.5,4925.14242972332
6.5,0.5,215.684821404492
6.5,1.5,243.878102649372
6.5,2.5,276.948771129451
6.5,3.5,316.149069187842
6.5,4.5,363.157522322854
6.5,5.5,420.241576417219
6.5,6.5,490.484007424126
6.5,7.5,578.09776485891
6.5,8.5,688.862797427357
6.5,9.5,830.729616307395
6.5,10.5,1014.64705533828
6.5,11.5,1255.68180214603
6.5,12.5,1574.49015873476
6.5,13.5,1999.12741279492
6.5,14.5,2566.84880109008
6.5,15.5,3324.16266303719
6.5,16.5,4316.67566228022
6.5,17.5,5518.44790937828
6.5,18.5,6387.78780716839
7.5,0.5,217.644970745106
7.5,1.5,246.153966097053
7.5,2.5,279.606458964683
7.5,3.5,319.275145320317
7.5,4.5,366.867977527987
7.5,5.5,424.695702258079
7.5,6.5,495.906272801991
7.5,7.5,584.813048586282
7.5,8.5,697.354485299546
7.5,9.5,841.738046814283
7.5,10.5,1029.34185624296
7.5,11.5,1275.97594571405
7.5,12.5,1603.64231775215
7.5,13.5,2042.97762502882
7.5,14.5,2636.59566606773
7.5,15.5,3443.45979984262
7.5,16.5,4543.44347657014
7.5,17.5,6029.97259142588
7.5,18.5,7458.9855851237
8.5,0.5,218.761735835242
8.5,1.5,247.370472382183
8.5,2.5,280.908332126249
8.5,3.5,320.630591086598
8.5,4.5,368.216535481823
8.5,5.5,425.930047930002
8.5,6.5,496.842499099147
8.5,7.5,585.141511319747
8.5,8.5,696.557126430969
8.5,9.5,838.946287829914
8.5,10.5,1023.08543905619
8.5,11.5,1263.72274757656
8.5,12.5,1580.91447928305
8.5,13.5,2001.54403230114
8.5,14.5,2560.44717526003
8.5,15.5,3298.72802449464
8.5,16.5,4248.71627314881
8.5,17.5,5352.21036668222
8.5,18.5,6100.17889978863
9.5,0.5,219.032343390284
9.5,1.5,247.528792884817
9.5,2.5,280.862991304527
9.5,3.5,320.237436235114
9.5,4.5,367.24901768489
9.5,5.5,424.032268107439
9.5,6.5,493.453977092592
9.5,7.5,579.375101406887
9.5,8.5,686.997839295883
9.5,9.5,823.31361336127
9.5,10.5,997.653859819916
9.5,11.5,1222.30053828989
9.5,12.5,1512.98681342813
9.5,13.5,1888.77503303363
9.5,14.5,2369.86152143099
9.5,15.5,2969.27670785577
9.5,16.5,3667.85553340185
9.5,17.5,4353.24875045001
9.5,18.5,4760.43120065361
10.5,0.5,218.476963592453
10.5,1.5,246.663845490085
10.5,2.5,279.529675646171
10.5,3.5,318.195147006662
10.5,4.5,364.131809775638
10.5,5.5,419.28100889957
10.5,6.5,486.209758990031
10.5,7.5,568.310304251963
10.5,8.5,670.045778299605
10.5,9.5,797.231510775231
10.5,10.5,957.309516890712
10.5,11.5,1159.49960689462
10.5,12.5,1414.54532387336
10.5,13.5,1733.41657280318
10.5,14.5,2123.61160131701
10.5,15.5,2580.51959677192
10.5,16.5,3070.83241644056
10.5,17.5,3512.48714015062
10.5,18.5,3785.97326993307
11.5,0.5,217.135548512704
11.5,1.5,244.838871092232
11.5,2.5,277.0088899001
11.5,3.5,314.664267922636
11.5,4.5,359.12296036886
11.5,5.5,412.094087047156
11.5,6.5,475.7920996227
11.5,7.5,553.071997054725
11.5,8.5,647.575935362097
11.5,9.5,763.86337573729
11.5,10.5,907.459864322723
11.5,11.5,1084.68775974086
11.5,12.5,1302.01142543513
11.5,13.5,1564.41658546309
11.5,14.5,1872.08847640296
11.5,15.5,2214.69183700119
11.5,16.5,2564.08945842352
11.5,17.5,2871.55301172532
11.5,18.5,3082.27490044587
12.5,0.5,215.063178344405
12.5,1.5,242.137645123037
12.5,2.5,273.429252192274
12.5,3.5,309.843988582795
12.5,4.5,352.533490655408
12.5,5.5,402.960938188081
12.5,6.5,462.976918761461
12.5,7.5,534.898815461373
12.5,8.5,621.577763705951
12.5,9.5,726.419595502093
12.5,10.5,853.295392286081
12.5,11.5,1006.2275501217
12.5,12.5,1188.66767295887
12.5,13.5,1402.1160338173
12.5,14.5,1643.86558596796
12.5,15.5,1904.04605871474
12.5,16.5,2163.31935484009
12.5,17.5,2394.47842846784
12.5,18.5,2571.43365236216
13.5,0.5,212.324738445318
13.5,1.5,238.655791192704
13.5,2.5,268.933210327779
13.5,3.5,303.948479296242
13.5,4.5,344.687905007146
13.5,5.5,392.376280172914
13.5,6.5,448.521746585693
13.5,7.5,514.953234559346
13.5,8.5,593.83353461038
13.5,9.5,687.617587202924
13.5,10.5,798.905625481389
13.5,11.5,930.115572840605
13.5,12.5,1082.8781015811
13.5,13.5,1257.07095558592
13.5,14.5,1449.52402740801
13.5,15.5,1652.74599660565
13.5,16.5,1854.57933455051
13.5,17.5,2040.12777614187
13.5,18.5,2196.61674628818
14.5,0.5,208.98974736764
14.5,1.5,234.492610450426
14.5,2.5,263.664079543344
14.5,3.5,297.186276903936
14.5,4.5,335.891406334785
14.5,5.5,380.788155824798
14.5,6.5,433.084134865695
14.5,7.5,494.19584189364
14.5,8.5,565.731588254755
14.5,9.5,649.424337220521
14.5,10.5,746.981362789141
14.5,11.5,859.809749864642
14.5,12.5,988.58102773226
14.5,13.5,1132.63480863327
14.5,14.5,1289.31966430207
14.5,15.5,1453.54705110192
14.5,16.5,1618.03266760524
14.5,17.5,1774.70207992085
14.5,18.5,1917.23497889819
15.5,0.5,205.12798132201
15.5,1.5,229.74447774473
15.5,2.5,257.756102899153
15.5,3.5,289.745438827374
15.5,4.5,326.408052286585
15.5,5.5,368.566647769725
15.5,6.5,417.178982347933
15.5,7.5,473.332437818959
15.5,8.5,538.214362165068
15.5,9.5,613.0429530481
15.5,10.5,698.940047062259
15.5,11.5,796.728252299976
15.5,12.5,906.647102533935
15.5,13.5,1028.01590246159
15.5,14.5,1158.9321583474
15.5,15.5,1296.17460647052
15.5,16.5,1435.52953095628
15.5,17.5,1572.68357324507
15.5,18.5,1704.55376549575
16.5,0.5,200.806269715223
16.5,1.5,224.500342762944
16.5,2.5,251.328261989753
16.5,3.5,281.785332895639
16.5,4.5,316.450572684625
16.5,5.5,355.992908346577
16.5,6.5,401.170793462045
16.5,7.5,452.819953100266
16.5,8.5,511.821968156311
16.5,9.5,579.044779870829
16.5,10.5,655.246267769472
16.5,11.5,740.936232391113
16.5,12.5,836.203820554616
16.5,13.5,940.539808770408
16.5,14.5,1052.7152510315
16.5,15.5,1170.8081187611
16.5,16.5,1292.47025490903
16.5,17.5,1415.46378305442
16.5,18.5,1538.36202851519
17.5,0.5,196.086555315974
17.5,1.5,218.839376437207
17.5,2.5,244.481688948622
17.5,3.5,273.434403056506
17.5,4.5,306.179956693565
17.5,5.5,343.263827312501
17.5,6.5,385.290171765873
17.5,7.5,432.907993463729
17.5,8.5,486.783402569854
17.5,9.5,547.553361368927
17.5,10.5,615.757712241248
17.5,11.5,691.750581711609
17.5,12.5,775.600782388246
17.5,13.5,867.003881505386
17.5,14.5,965.243402401797
17.5,15.5,1069.24720092733
17.5,16.5,1177.77464750472
17.5,17.5,1289.7303346849
17.5,18.5,1404.53636398546
18.5,0.5,191.025087647215
18.5,1.5,212.830435316791
18.5,2.5,237.299944988869
18.5,3.5,264.792355640666
18.5,4.5,295.711647055753
18.5,5.5,330.50611431935
18.5,6.5,369.662693784509
18.5,7.5,413.694270418519
18.5,8.5,463.11750947887
18.5,9.5,518.419195120656
18.5,10.5,580.010655275508
18.5,11.5,648.173191961056
18.5,12.5,723.002830847267
18.5,13.5,804.369553808683
18.5,14.5,891.912156276959
18.5,15.5,985.090549994441
18.5,16.5,1083.30743873637
18.5,17.5,1186.0885277017
18.5,18.5,1293.28050664237
