"X","Y","Z"
0.5,0.5,6085.34759685284
0.5,1.5,5025.18040426988
0.5,2.5,4096.56805308436
0.5,3.5,3297.59639628789
0.5,4.5,2628.05882613218
0.5,5.5,2081.03641584481
0.5,6.5,1643.04365375637
0.5,7.5,1297.39597568559
0.5,8.5,1027.26722538536
0.5,9.5,817.472643601628
0.5,10.5,655.176212641176
0.5,11.5,529.951448686713
0.5,12.5,433.532986516927
0.5,13.5,359.461797478357
0.5,14.5,302.727581292176
0.5,15.5,259.452671144655
0.5,16.5,226.630693610842
0.5,17.5,201.91872846024
0.5,18.5,183.476089805633
1.5,0.5,6364.3906598561
1.5,1.5,5355.11476251759
1.5,2.5,4386.31842973349
1.5,3.5,3516.19332118899
1.5,4.5,2778.71273772672
1.5,5.5,2179.04937976967
1.5,6.5,1704.38393205737
1.5,7.5,1334.78549208545
1.5,8.5,1049.73195049557
1.5,9.5,831.032740341259
1.5,10.5,663.701414974979
1.5,11.5,535.870238564592
1.5,12.5,438.344492160271
1.5,13.5,364.081012148207
1.5,14.5,307.708975687513
1.5,15.5,265.130855883706
1.5,16.5,233.206445018048
1.5,17.5,209.509695022066
1.5,18.5,192.144911411143
2.5,0.5,6826.10041556102
2.5,1.5,5823.87146357034
2.5,2.5,4746.29824188572
2.5,3.5,3754.22332411786
2.5,4.5,2922.55770433145
2.5,5.5,2260.44640120373
2.5,6.5,1747.612493798
2.5,7.5,1355.9717102487
2.5,8.5,1058.88635918191
2.5,9.5,834.129254740197
2.5,10.5,664.204640919634
2.5,11.5,535.737884082112
2.5,12.5,438.651754645985
2.5,13.5,365.398217848581
2.5,14.5,310.325145835079
2.5,15.5,269.183123957225
2.5,16.5,238.752497324606
2.5,17.5,216.565791391918
2.5,18.5,200.703035660663
3.5,0.5,7695.25660556111
3.5,1.5,6527.99632336463
3.5,2.5,5184.32161471155
3.5,3.5,3992.49307317746
3.5,4.5,3040.36550502327
3.5,5.5,2311.96123977986
3.5,6.5,1764.75476370126
3.5,7.5,1356.50148812994
3.5,8.5,1052.37404405191
3.5,9.5,825.581664903579
3.5,10.5,656.136585449585
3.5,11.5,529.329033267315
3.5,12.5,434.385758976479
3.5,13.5,363.412417170917
3.5,14.5,310.598975502025
3.5,15.5,271.636523235477
3.5,16.5,243.293891638731
3.5,17.5,223.111536345288
3.5,18.5,209.180380269287
4.5,0.5,9178.53444310605
4.5,1.5,7405.85600536796
4.5,2.5,5585.55821814702
4.5,3.5,4152.64431182268
4.5,4.5,3088.92681440699
4.5,5.5,2311.5393880586
4.5,6.5,1744.99881041325
4.5,7.5,1331.26726466046
4.5,8.5,1027.91202723852
4.5,9.5,804.472741457377
4.5,10.5,639.215901712388
4.5,11.5,516.637389793765
4.5,12.5,425.640451249531
4.5,13.5,358.236524486281
4.5,14.5,308.627958389739
4.5,15.5,272.562213067063
4.5,16.5,246.876429802945
4.5,17.5,229.174662612802
4.5,18.5,217.597592942379
5.5,0.5,10706.7138486496
5.5,1.5,7836.37784474142
5.5,2.5,5654.42364902526
5.5,3.5,4109.18856693506
5.5,4.5,3015.22378539182
5.5,5.5,2236.67920535226
5.5,6.5,1678.93435214141
5.5,7.5,1276.55551494025
5.5,8.5,984.258498280025
5.5,9.5,770.59771789042
5.5,10.5,613.632377931767
5.5,11.5,497.963135151786
5.5,12.5,412.706250811728
5.5,13.5,350.106097927566
5.5,14.5,304.581597732174
5.5,15.5,272.067437657291
5.5,16.5,249.55551422487
5.5,17.5,234.772453393684
5.5,18.5,225.949903637595
6.5,0.5,8809.43292910365
6.5,1.5,6957.02409305313
6.5,2.5,5154.82258243692
6.5,3.5,3786.97781854655
6.5,4.5,2793.68025243237
6.5,5.5,2078.96330472014
6.5,6.5,1564.40979572384
6.5,7.5,1192.47196713605
6.5,8.5,922.231660744937
6.5,9.5,724.890748262682
6.5,10.5,580.219689668747
6.5,11.5,473.976685366557
6.5,12.5,396.087622872069
6.5,13.5,339.377989862689
6.5,14.5,298.69262049852
6.5,15.5,270.283657943679
6.5,16.5,251.382278871276
6.5,17.5,239.89547192029
6.5,18.5,234.18751559116
7.5,0.5,6319.14017714824
7.5,1.5,5412.47700295054
7.5,2.5,4265.52587663689
7.5,3.5,3250.49708582745
7.5,4.5,2452.72013765339
7.5,5.5,1852.9432170672
7.5,6.5,1409.73219397198
7.5,7.5,1084.13468885731
7.5,8.5,845.150301470938
7.5,9.5,669.574576945193
7.5,10.5,540.492923696952
7.5,11.5,445.715199647922
7.5,12.5,376.48684896285
7.5,13.5,326.5120679183
7.5,14.5,291.23996841804
7.5,15.5,267.35096407457
7.5,16.5,252.388122835414
7.5,17.5,244.490167377886
7.5,18.5,242.193867008103
8.5,0.5,4497.603664701
8.5,1.5,4011.97581820838
8.5,2.5,3326.8706940278
8.5,3.5,2643.0726455724
8.5,4.5,2057.02150115238
8.5,5.5,1590.0879720641
8.5,6.5,1231.31554506349
8.5,7.5,960.647711331992
8.5,8.5,758.336579653556
8.5,9.5,607.89680254727
8.5,10.5,496.497937874327
8.5,11.5,414.491581303996
8.5,12.5,354.746826830652
8.5,13.5,312.034191252687
8.5,14.5,282.524035840941
8.5,15.5,263.400354085059
8.5,16.5,252.569936383145
8.5,17.5,248.443159293429
8.5,18.5,249.764751230811
9.5,0.5,3213.01233649027
9.5,1.5,2932.20142545747
9.5,2.5,2520.36379134613
9.5,3.5,2076.71457756526
9.5,4.5,1668.31087621926
9.5,5.5,1323.86884684133
9.5,6.5,1047.60718929735
9.5,7.5,832.466130611749
9.5,8.5,667.904071285146
9.5,9.5,543.541252290291
9.5,10.5,450.510734626047
9.5,11.5,381.733930759621
9.5,12.5,331.762200877177
9.5,13.5,296.485872401769
9.5,14.5,272.837911178689
9.5,15.5,258.537140598609
9.5,16.5,251.879555696364
9.5,17.5,251.571558233646
9.5,18.5,256.593697255381
10.5,0.5,2310.77516619931
10.5,1.5,2139.54214290114
10.5,2.5,1886.49560664303
10.5,3.5,1601.08753173819
10.5,4.5,1323.99338320132
10.5,5.5,1078.61583257669
10.5,6.5,873.62980821449
10.5,7.5,708.738865424867
10.5,8.5,579.44525442607
10.5,9.5,479.964801361462
10.5,10.5,404.693775917332
10.5,11.5,348.803205768165
10.5,12.5,308.381163994922
10.5,13.5,280.371723447255
10.5,14.5,262.440771592646
10.5,15.5,252.829762651149
10.5,16.5,250.221668888317
10.5,17.5,253.624894859061
10.5,18.5,262.271763167464
11.5,0.5,1675.58456558514
11.5,1.5,1567.22285757979
11.5,2.5,1408.15832949218
11.5,3.5,1223.85240084587
11.5,4.5,1037.97385660761
11.5,5.5,866.799120397468
11.5,6.5,718.626146228066
11.5,7.5,595.798072206684
11.5,8.5,497.150970944549
11.5,9.5,419.902235722851
11.5,10.5,360.821096644704
11.5,11.5,316.841537013387
11.5,12.5,285.322988014979
11.5,13.5,264.116939328288
11.5,14.5,251.539736459656
11.5,15.5,246.307853369704
11.5,16.5,247.463773858886
11.5,17.5,254.304051669107
11.5,18.5,266.311514104255
12.5,0.5,1226.25825581713
12.5,1.5,1155.86136289431
12.5,2.5,1053.86324673463
12.5,3.5,933.872381968455
12.5,4.5,809.583465100057
12.5,5.5,691.605522598976
12.5,6.5,586.430963171242
12.5,7.5,496.944238029082
12.5,8.5,423.530038733039
12.5,9.5,365.149489965104
12.5,10.5,320.134905724508
12.5,11.5,286.684726482181
12.5,12.5,263.128583131846
12.5,13.5,248.043407933785
12.5,14.5,240.284174274532
12.5,15.5,238.971292190803
12.5,16.5,243.459319113967
12.5,17.5,253.299711541976
12.5,18.5,268.202587890581
13.5,0.5,906.453973706601
13.5,1.5,859.884849167227
13.5,2.5,793.425795230153
13.5,3.5,714.624724603644
13.5,4.5,631.484022777264
13.5,5.5,550.744468651599
13.5,6.5,477.068586132381
13.5,7.5,413.036250463966
13.5,8.5,359.589971355525
13.5,9.5,316.596448842009
13.5,10.5,283.334442831529
13.5,11.5,258.844767264642
13.5,12.5,242.148656093912
13.5,13.5,232.366717753845
13.5,14.5,228.772646940287
13.5,15.5,230.808665349186
13.5,16.5,238.081006851495
13.5,17.5,250.346582219767
13.5,18.5,267.496798466921
14.5,0.5,677.211596176583
14.5,1.5,646.055417207061
14.5,2.5,602.247531866247
14.5,3.5,550.125822917021
14.5,4.5,494.448281950354
14.5,5.5,439.473449308332
14.5,6.5,388.419466845896
14.5,7.5,343.332491245483
14.5,8.5,305.237109110381
14.5,9.5,274.409572483283
14.5,10.5,250.657367231478
14.5,11.5,233.546730975068
14.5,12.5,222.562867981845
14.5,13.5,217.210342892684
14.5,14.5,217.068958982046
14.5,15.5,221.820277546838
14.5,16.5,231.256718484579
14.5,17.5,245.28151166542
14.5,18.5,263.904699542489
15.5,0.5,511.583756477976
15.5,1.5,490.640745438642
15.5,2.5,461.571414635133
15.5,3.5,426.955116511623
15.5,4.5,389.681888000345
15.5,5.5,352.456852982301
15.5,6.5,317.46556805756
15.5,7.5,286.242251220089
15.5,8.5,259.701666357581
15.5,9.5,238.263300647422
15.5,10.5,222.003594556956
15.5,11.5,210.795504972477
15.5,12.5,204.417546869472
15.5,13.5,202.629754206554
15.5,14.5,205.221582818029
15.5,15.5,212.039058824385
15.5,16.5,222.997937211282
15.5,17.5,238.087958326408
15.5,18.5,257.371310497602
16.5,0.5,390.891157256916
16.5,1.5,376.848684696603
16.5,2.5,357.545231732657
16.5,3.5,334.56568281269
16.5,4.5,309.70767448831
16.5,5.5,284.7109850097
16.5,6.5,261.056232190897
16.5,7.5,239.863922547377
16.5,8.5,221.885040250812
16.5,9.5,207.552703087695
16.5,10.5,197.061562865102
16.5,11.5,190.449759476161
16.5,12.5,187.669177285748
16.5,13.5,188.63870585685
16.5,14.5,193.280708595405
16.5,15.5,201.543361715559
16.5,16.5,213.411924975638
16.5,17.5,228.911182609002
16.5,18.5,248.09965384498
17.5,0.5,302.141526023203
17.5,1.5,292.834406947193
17.5,2.5,280.103849793849
17.5,3.5,264.955171178802
17.5,4.5,248.535164807386
17.5,5.5,231.981836692
17.5,6.5,216.304406026192
17.5,7.5,202.313246244655
17.5,8.5,190.600182847495
17.5,9.5,181.556756011913
17.5,10.5,175.413811669668
17.5,11.5,172.287820813478
17.5,12.5,172.224086928928
17.5,13.5,175.231760144657
17.5,14.5,181.309010458805
17.5,15.5,190.458559241148
17.5,16.5,202.69426630796
17.5,17.5,218.038920290437
17.5,18.5,236.511880277793
18.5,0.5,236.258840949574
18.5,1.5,230.240305950044
18.5,2.5,221.991263446788
18.5,3.5,212.169362470214
18.5,4.5,201.525592263195
18.5,5.5,190.819241083647
18.5,6.5,180.746248820282
18.5,7.5,171.892673150703
18.5,8.5,164.715696590372
18.5,9.5,159.547447000539
18.5,10.5,156.613526006462
18.5,11.5,156.058083909006
18.5,12.5,157.969112411664
18.5,13.5,162.399949973208
18.5,14.5,169.384919184671
18.5,15.5,178.94817040235
18.5,16.5,191.105140245673
18.5,17.5,205.855599543628
18.5,18.5,223.166059555208
