"X","Y","Z"
0.5,0.5,2097.71031763476
0.5,1.5,1750.54329211444
0.5,2.5,1454.25492230426
0.5,3.5,1204.29538872399
0.5,4.5,995.212056106544
0.5,5.5,821.401797026388
0.5,6.5,677.548068384037
0.5,7.5,558.843851568522
0.5,8.5,461.078321403187
0.5,9.5,380.642392260928
0.5,10.5,314.489950925773
0.5,11.5,260.078147298271
0.5,12.5,215.300849635028
0.5,13.5,178.423266089395
0.5,14.5,148.021865065006
0.5,15.5,122.931369603656
0.5,16.5,102.199231223057
0.5,17.5,85.0472441381187
0.5,18.5,70.8395999806192
1.5,0.5,2475.78746737824
1.5,1.5,2045.44888476921
1.5,2.5,1683.90811041189
1.5,3.5,1383.11037994565
1.5,4.5,1134.57501987605
1.5,5.5,930.203049912972
1.5,6.5,762.67956659446
1.5,7.5,625.626694691632
1.5,8.5,513.613134236745
1.5,9.5,422.088356081655
1.5,10.5,347.283024788939
1.5,11.5,286.099782777673
1.5,12.5,236.007504707951
1.5,13.5,194.945416960684
1.5,14.5,161.239547377162
1.5,15.5,133.531784894493
1.5,16.5,110.72070487897
1.5,17.5,91.9128183056448
1.5,18.5,76.3827599073688
2.5,0.5,2889.4457740472
2.5,1.5,2363.47486744585
2.5,2.5,1928.55249706967
2.5,3.5,1571.63836781476
2.5,4.5,1280.22976712769
2.5,5.5,1043.07796551113
2.5,6.5,850.444558587464
2.5,7.5,694.106108320854
2.5,8.5,567.233778498582
2.5,9.5,464.221466855814
2.5,10.5,380.5029174067
2.5,11.5,312.378529374431
2.5,12.5,256.861142601445
2.5,13.5,211.543724326219
2.5,14.5,174.488549776072
2.5,15.5,144.135888353583
2.5,16.5,119.229609441196
2.5,17.5,98.7570502985072
2.5,18.5,81.9006773573498
3.5,0.5,3326.7138765589
3.5,1.5,2695.21812628815
3.5,2.5,2181.00819909877
3.5,3.5,1764.48425993192
3.5,4.5,1428.15680536831
3.5,5.5,1157.04311008156
3.5,6.5,938.629946629011
3.5,7.5,762.637988462975
3.5,8.5,620.715361588337
3.5,9.5,506.125746863988
3.5,10.5,413.461755441847
3.5,11.5,338.395511560319
3.5,12.5,277.468629884083
3.5,13.5,227.919075027189
3.5,14.5,187.540442422416
3.5,15.5,154.568697305634
3.5,16.5,127.591620715151
3.5,17.5,105.476735882872
3.5,18.5,87.3141108145571
4.5,0.5,3769.33312864162
4.5,1.5,3027.37715113082
4.5,2.5,2431.67709057976
4.5,3.5,1954.74436498908
4.5,4.5,1573.38697374904
4.5,5.5,1268.51051394508
4.5,6.5,1024.63298340018
4.5,7.5,829.323785846076
4.5,8.5,672.664639022836
4.5,9.5,546.772401839237
4.5,10.5,445.395163147068
4.5,11.5,363.579434452221
4.5,12.5,297.400621122842
4.5,13.5,243.747220532455
4.5,14.5,200.149356730275
4.5,15.5,164.643236595743
4.5,16.5,135.664354330523
4.5,17.5,111.963512483933
4.5,18.5,92.5408498084515
5.5,0.5,4193.32694097487
5.5,1.5,3343.39445611026
5.5,2.5,2669.0869936245
5.5,3.5,2134.42090111237
5.5,4.5,1710.30178260034
5.5,5.5,1373.49990845015
5.5,6.5,1105.60947132203
5.5,7.5,892.113541159225
5.5,8.5,721.591675734302
5.5,9.5,585.06983492635
5.5,10.5,475.497368166287
5.5,11.5,387.331413809913
5.5,12.5,316.209291847477
5.5,13.5,258.691599965306
5.5,14.5,212.061412150107
5.5,15.5,174.167625428126
5.5,16.5,143.302856631962
5.5,17.5,118.108282366649
5.5,18.5,97.4994464334182
6.5,0.5,4571.31942270607
6.5,1.5,3625.06763579981
6.5,2.5,2880.96995547742
6.5,3.5,2295.13269734025
6.5,4.5,1833.09999820902
6.5,5.5,1467.94577801036
6.5,6.5,1178.67705453324
6.5,7.5,948.941586860083
6.5,8.5,766.001290606363
6.5,9.5,619.925903062077
6.5,10.5,502.964051737533
6.5,11.5,409.054819462877
6.5,12.5,333.449402928751
6.5,13.5,272.418451104627
6.5,14.5,223.025787894361
6.5,15.5,182.953426005721
6.5,16.5,150.366149394315
6.5,17.5,123.806603800002
6.5,18.5,102.113915556616
7.5,0.5,4876.61533587931
7.5,1.5,3855.01183296455
7.5,2.5,3055.75886040571
7.5,3.5,2429.03587317876
7.5,4.5,1936.37231975488
7.5,5.5,1548.06167193497
7.5,6.5,1241.14981404817
7.5,7.5,997.879948032508
7.5,8.5,804.494863820297
7.5,9.5,650.316459381111
7.5,10.5,527.039151442776
7.5,11.5,428.187701364113
7.5,12.5,348.701131857481
7.5,13.5,284.613207648402
7.5,14.5,232.806816162017
7.5,15.5,190.824898915503
7.5,16.5,156.724679059059
7.5,17.5,128.965073721856
7.5,18.5,106.319584837346
8.5,0.5,5088.13730259361
8.5,1.5,4019.43058602657
8.5,2.5,3184.18856541026
8.5,3.5,2529.77518823072
8.5,4.5,2015.68152840966
8.5,5.5,1610.70255236858
8.5,6.5,1290.76957086067
8.5,7.5,1037.28894359032
8.5,8.5,835.870171883907
8.5,9.5,675.352639866026
8.5,10.5,547.060933085921
8.5,11.5,444.234849614164
8.5,12.5,361.59279803124
8.5,13.5,294.996997071019
8.5,14.5,241.196370673747
8.5,15.5,197.628768859678
8.5,16.5,162.268535443121
8.5,17.5,133.508798227024
8.5,18.5,110.070415063888
9.5,0.5,5194.51120251497
9.5,1.5,4110.34857181777
9.5,2.5,3260.5717981646
9.5,3.5,2593.24201722438
9.5,4.5,2068.02814597764
9.5,5.5,1653.65923280446
9.5,6.5,1325.89670408726
9.5,7.5,1065.94348355381
9.5,8.5,859.206515800207
9.5,9.5,694.339179262313
9.5,10.5,562.502558356296
9.5,11.5,456.7964820037
9.5,12.5,371.821567614271
9.5,13.5,303.342026303038
9.5,14.5,248.025816744818
9.5,15.5,203.244126486288
9.5,16.5,166.916372090994
9.5,17.5,137.390179804418
9.5,18.5,113.348333312847
10.5,0.5,5195.63583725535
10.5,1.5,4126.54635870082
10.5,2.5,3283.38514684059
10.5,3.5,2617.95585770724
10.5,4.5,2092.10578935369
10.5,5.5,1675.8328144506
10.5,6.5,1345.63114104356
10.5,7.5,1083.11798158921
10.5,8.5,873.924892903503
10.5,9.5,706.817433143844
10.5,10.5,573.003150645132
10.5,11.5,465.590981371118
10.5,12.5,379.170458452344
10.5,13.5,309.484773261723
10.5,14.5,253.17687284474
10.5,15.5,207.592171557953
10.5,16.5,170.625075577695
10.5,17.5,140.599444154654
10.5,18.5,116.175442043276
11.5,0.5,5101.21224753672
11.5,1.5,4072.95746287536
11.5,2.5,3255.04652131268
11.5,3.5,2605.00640523977
11.5,4.5,2088.31072653807
11.5,5.5,1677.26807187797
11.5,6.5,1349.85049886078
11.5,7.5,1088.62154298937
11.5,8.5,879.817716458756
11.5,9.5,712.589400406165
11.5,10.5,578.386815105026
11.5,11.5,470.469914982514
11.5,12.5,383.520414747786
11.5,13.5,313.336150025189
11.5,14.5,256.590876657243
11.5,15.5,210.645610731694
11.5,16.5,173.400368195157
11.5,17.5,143.177566967833
11.5,18.5,118.630388652697
12.5,0.5,4927.21535710764
12.5,1.5,3958.94457222864
12.5,2.5,3181.06606016914
12.5,3.5,2557.63682002154
12.5,4.5,2058.54126650153
12.5,5.5,1659.06108038616
12.5,6.5,1339.17142076221
12.5,7.5,1082.78531484641
12.5,8.5,877.048178325502
12.5,9.5,711.722145619169
12.5,10.5,578.668812669282
12.5,11.5,471.424549476293
12.5,12.5,384.856765176623
12.5,13.5,314.888091621898
12.5,14.5,258.276091371214
12.5,15.5,212.437603014066
12.5,16.5,175.30862912622
12.5,17.5,145.232487660989
12.5,18.5,120.870668973079
13.5,0.5,4692.06157950272
13.5,1.5,3796.24682127344
13.5,2.5,3068.93992128274
13.5,3.5,2480.64512238762
13.5,4.5,2005.87336143596
13.5,5.5,1623.18371394376
13.5,6.5,1314.85516124024
13.5,7.5,1066.41226792361
13.5,8.5,866.124101884527
13.5,9.5,704.534748799193
13.5,10.5,574.049665384511
13.5,11.5,468.583980257753
13.5,12.5,383.269874039606
13.5,13.5,314.216257587183
13.5,14.5,258.312748187387
13.5,15.5,213.070107457739
13.5,16.5,176.490175025964
13.5,17.5,146.95958990044
13.5,18.5,123.163081989854
14.5,0.5,4413.85708996656
14.5,1.5,3597.30306683422
14.5,2.5,2927.14898045939
14.5,3.5,2379.79172414644
14.5,4.5,1934.21101095261
14.5,5.5,1572.27702944058
14.5,6.5,1278.68489853373
14.5,7.5,1040.70386161191
14.5,8.5,847.853794699182
14.5,9.5,691.571587687757
14.5,10.5,564.899014276669
14.5,11.5,462.205618036924
14.5,12.5,378.950119332184
14.5,13.5,311.47862049788
14.5,14.5,256.855404288595
14.5,15.5,212.72120347554
14.5,16.5,177.173869402942
14.5,17.5,148.667144770712
14.5,18.5,125.924676409678
15.5,0.5,4109.14898639606
15.5,1.5,3374.27490124167
15.5,2.5,2764.47364173729
15.5,3.5,2261.34199487042
15.5,4.5,1847.98743953323
15.5,5.5,1509.45733543084
15.5,6.5,1232.83961421981
15.5,7.5,1007.17748890658
15.5,8.5,823.291573689335
15.5,9.5,673.566111790329
15.5,10.5,551.73139198484
15.5,11.5,452.659015752081
15.5,12.5,372.177418203833
15.5,13.5,306.909596046412
15.5,14.5,254.131812202945
15.5,15.5,211.650262610239
15.5,16.5,177.69194916533
15.5,17.5,150.806312767731
15.5,18.5,129.775749027414
16.5,0.5,3792.83177361122
16.5,1.5,3138.72327879065
16.5,2.5,2589.66164514147
16.5,3.5,2131.79093393588
16.5,4.5,1751.95440480749
16.5,5.5,1438.16035103863
16.5,6.5,1179.78056376559
16.5,7.5,967.584401333198
16.5,8.5,793.678702806376
16.5,9.5,651.398444226721
16.5,10.5,535.175766925
16.5,11.5,440.403904750276
16.5,12.5,363.305387023072
16.5,13.5,300.809042643626
16.5,14.5,250.436795171086
16.5,15.5,210.198582975786
16.5,16.5,178.491978698909
16.5,17.5,154.002663707315
16.5,18.5,135.603650329706
17.5,0.5,3478.63702521889
17.5,1.5,2901.72173655216
17.5,2.5,2411.37902601711
17.5,3.5,1997.75481115311
17.5,4.5,1651.06160900092
17.5,5.5,1362.02892484035
17.5,6.5,1122.15525239571
17.5,7.5,923.831754879595
17.5,8.5,760.382301916735
17.5,9.5,626.048574298872
17.5,10.5,515.939999448464
17.5,11.5,425.962990456592
17.5,12.5,352.739986878218
17.5,13.5,293.525022832296
17.5,14.5,246.118654932783
17.5,15.5,208.781163405027
17.5,16.5,180.139444043819
17.5,17.5,159.080958508812
17.5,18.5,144.629376949674
18.5,0.5,3179.82125310046
18.5,1.5,2674.21283511463
18.5,2.5,2238.35234787907
18.5,3.5,1865.98616110197
18.5,4.5,1550.40459865482
18.5,5.5,1284.83306732115
18.5,6.5,1062.71305680647
18.5,7.5,877.905993172694
18.5,8.5,724.831238358138
18.5,9.5,598.545117381578
18.5,10.5,494.770565354597
18.5,11.5,409.889780447271
18.5,12.5,340.912386326132
18.5,13.5,285.428916248257
18.5,14.5,241.554667775114
18.5,15.5,207.86287710224
18.5,16.5,183.29948353206
18.5,17.5,167.065974637498
18.5,18.5,158.455216837927
