"X","Y","Z"
0.5,0.5,1691.01571656009
0.5,1.5,1686.10629163556
0.5,2.5,1677.55585625423
0.5,3.5,1665.4965845072
0.5,4.5,1650.10824826702
0.5,5.5,1631.61032017119
0.5,6.5,1610.25293575296
0.5,7.5,1586.30748518456
0.5,8.5,1560.05751127354
0.5,9.5,1531.7904350499
0.5,10.5,1501.7904504198
0.5,11.5,1470.33275662755
0.5,12.5,1437.67915292304
0.5,13.5,1404.07491382409
0.5,14.5,1369.74679639164
0.5,15.5,1334.9019977536
0.5,16.5,1299.72787372608
0.5,17.5,1264.3922394444
0.5,18.5,1229.04409315717
1.5,0.5,1625.35519106362
1.5,1.5,1620.87600692175
1.5,2.5,1613.07521656094
1.5,3.5,1602.06386040054
1.5,4.5,1587.99359415326
1.5,5.5,1571.05059746954
1.5,6.5,1551.44850433509
1.5,7.5,1529.42091673012
1.5,8.5,1505.21401275904
1.5,9.5,1479.07966378378
1.5,10.5,1451.26935490601
1.5,11.5,1422.02908069055
1.5,12.5,1391.59527919055
1.5,13.5,1360.19178129545
1.5,14.5,1328.02769218926
1.5,15.5,1295.29608576374
1.5,16.5,1262.1733770253
1.5,17.5,1228.81923670547
1.5,18.5,1195.37692140748
2.5,0.5,1562.24101737222
2.5,1.5,1558.14244442737
2.5,2.5,1551.00622231645
2.5,3.5,1540.92626049744
2.5,4.5,1528.03130724161
2.5,5.5,1512.48019658612
2.5,6.5,1494.45626770524
2.5,7.5,1474.16136902904
2.5,8.5,1451.80983419442
2.5,9.5,1427.62275708076
2.5,10.5,1401.82281300935
2.5,11.5,1374.62978684121
2.5,12.5,1346.25688771852
2.5,13.5,1316.90786218153
2.5,14.5,1286.77486599536
2.5,15.5,1256.03702061257
2.5,16.5,1224.85956095061
2.5,17.5,1193.39347409323
2.5,18.5,1161.77553033037
3.5,0.5,1501.57492270816
3.5,1.5,1497.814752719
3.5,2.5,1491.27039273883
3.5,3.5,1482.02174382386
3.5,4.5,1470.17873912863
3.5,5.5,1455.87759492411
3.5,6.5,1439.27636682197
3.5,7.5,1420.55011627095
3.5,8.5,1399.88598144674
3.5,9.5,1377.47841002131
3.5,10.5,1353.52475791806
3.5,11.5,1328.22139747573
3.5,12.5,1301.76041868242
3.5,13.5,1274.32695430309
3.5,14.5,1246.09711728679
3.5,15.5,1217.23650801237
3.5,16.5,1187.89922921084
3.5,17.5,1158.22733621956
3.5,18.5,1128.35064752082
4.5,0.5,1443.26220464898
4.5,1.5,1439.80431065324
4.5,2.5,1433.78928545645
4.5,3.5,1425.2854872563
4.5,4.5,1414.38728244875
4.5,5.5,1401.21205907783
4.5,6.5,1385.89665916572
4.5,7.5,1368.59345735404
4.5,8.5,1349.46631032436
4.5,9.5,1328.68657943195
4.5,10.5,1306.42939354088
4.5,11.5,1282.87027648836
4.5,12.5,1258.18221974864
4.5,13.5,1232.53324029187
4.5,14.5,1206.08442935019
4.5,15.5,1178.98847127999
4.5,16.5,1151.38859314465
4.5,17.5,1123.41789434486
4.5,18.5,1095.19900039043
5.5,0.5,1387.21168565419
5.5,1.5,1384.02495950839
5.5,2.5,1378.48518213848
5.5,3.5,1370.6511363471
5.5,4.5,1360.60422435028
5.5,5.5,1348.4460670422
5.5,6.5,1334.29561773225
5.5,7.5,1318.28596124438
5.5,8.5,1300.56097056557
5.5,9.5,1281.27198035757
5.5,10.5,1260.57461320022
5.5,11.5,1238.62586462708
5.5,12.5,1215.58152093832
5.5,13.5,1191.59395285968
5.5,14.5,1166.81030082835
5.5,15.5,1141.37104546518
5.5,16.5,1115.40894016564
5.5,17.5,1089.04827153264
5.5,18.5,1062.40440694441
6.5,0.5,1333.33564301398
6.5,1.5,1330.39314431773
6.5,2.5,1325.28157547832
6.5,3.5,1318.05172825632
6.5,4.5,1308.77414341035
6.5,5.5,1297.5371651935
6.5,6.5,1284.4445898408
6.5,7.5,1269.61303750564
6.5,8.5,1253.16918048184
6.5,9.5,1235.24695338113
6.5,10.5,1215.9848555154
6.5,11.5,1195.52343488073
6.5,12.5,1174.00301972815
6.5,13.5,1151.56174027138
6.5,14.5,1128.33386158176
6.5,15.5,1104.44843043998
6.5,16.5,1080.02822449334
6.5,17.5,1055.18898161281
6.5,18.5,1030.03888057537
7.5,0.5,1281.54972061804
7.5,1.5,1278.82798947582
7.5,2.5,1274.10351186939
7.5,3.5,1267.42037429255
7.5,4.5,1258.8399676823
7.5,5.5,1248.43939944119
7.5,6.5,1236.30956519836
7.5,7.5,1222.55297921221
7.5,8.5,1207.28146652543
7.5,9.5,1190.61381632786
7.5,10.5,1172.67348592342
7.5,11.5,1153.5864301256
7.5,12.5,1133.47911383658
7.5,13.5,1112.47674785908
7.5,14.5,1090.70177116964
7.5,15.5,1068.27258803332
7.5,16.5,1045.30255610394
7.5,17.5,1021.89921227467
7.5,18.5,998.163716457382
8.5,0.5,1231.7728280854
8.5,1.5,1229.25132666256
8.5,2.5,1224.87782820086
8.5,3.5,1218.69076431593
8.5,4.5,1210.74377875094
8.5,5.5,1201.10442292639
8.5,6.5,1189.85256544914
8.5,7.5,1177.07859179394
8.5,8.5,1162.8814747122
8.5,9.5,1147.36679439044
8.5,10.5,1130.64478089468
8.5,11.5,1112.82844126933
8.5,12.5,1094.03182121907
8.5,13.5,1074.36843795104
8.5,14.5,1053.94990765731
8.5,15.5,1032.8847791655
8.5,16.5,1011.2775750618
8.5,17.5,989.228033393732
8.5,18.5,966.830536946816
9.5,0.5,1183.92703187645
9.5,1.5,1181.5876882887
9.5,2.5,1177.53331039038
9.5,3.5,1171.79753791522
9.5,4.5,1164.42742371746
9.5,5.5,1155.48235612852
9.5,6.5,1145.0327399869
9.5,7.5,1133.15849557715
9.5,8.5,1119.94743882905
9.5,9.5,1105.49360584272
9.5,10.5,1089.89558069505
9.5,11.5,1073.25487840217
9.5,12.5,1055.67442584754
9.5,13.5,1037.25717342718
9.5,14.5,1018.10485999769
9.5,15.5,998.316944152412
9.5,16.5,977.989706403648
9.5,17.5,957.215519815289
9.5,18.5,936.082281131087
10.5,0.5,1137.93744205143
10.5,1.5,1135.76427621128
10.5,2.5,1132.00079377097
10.5,3.5,1126.67655517305
10.5,4.5,1119.83298078661
10.5,5.5,1111.52245609027
10.5,6.5,1101.80723247206
10.5,7.5,1090.75817007475
10.5,8.5,1078.45337283913
10.5,9.5,1064.97676631337
10.5,10.5,1050.41666626031
10.5,11.5,1034.86438117772
10.5,12.5,1018.41288524103
10.5,13.5,1001.15559060315
10.5,14.5,983.185240110338
10.5,15.5,964.592933880427
10.5,16.5,945.467296264941
10.5,17.5,925.893783761699
10.5,18.5,905.95412960371
11.5,0.5,1093.73209745068
11.5,1.5,1091.71091294941
11.5,2.5,1088.21322015378
11.5,3.5,1083.26509127202
11.5,4.5,1076.9031124915
11.5,5.5,1069.17363751784
11.5,6.5,1060.13186735363
11.5,7.5,1049.84079299953
11.5,8.5,1038.37004103889
11.5,9.5,1025.79466284889
11.5,10.5,1012.19390668147
11.5,11.5,997.650008459004
11.5,12.5,982.247032316633
11.5,13.5,966.069786217865
11.5,14.5,949.202831875229
11.5,15.5,931.729602164024
11.5,16.5,913.731633574177
11.5,17.5,895.287916251921
11.5,18.5,876.474359988697
12.5,0.5,1051.24185133448
12.5,1.5,1049.35998078432
12.5,2.5,1046.10566259658
12.5,3.5,1041.50197305546
12.5,4.5,1035.58133216406
12.5,5.5,1028.38487825946
12.5,6.5,1019.96169435614
12.5,7.5,1010.36791541676
12.5,8.5,999.66574858849
12.5,9.5,987.922439388856
12.5,10.5,975.209216003982
12.5,11.5,961.600241529396
12.5,12.5,947.171600478257
12.5,13.5,932.000341583555
12.5,14.5,916.163594206387
12.5,15.5,899.737770873783
12.5,16.5,882.797863890376
12.5,17.5,865.416839811853
12.5,18.5,847.665131976105
13.5,0.5,1010.40025895226
13.5,1.5,1008.64635276885
13.5,2.5,1005.61532615976
13.5,3.5,1001.32767120173
13.5,4.5,995.812203091772
13.5,5.5,989.105534063501
13.5,6.5,981.251420346158
13.5,7.5,972.300005565474
13.5,8.5,962.30698642141
13.5,9.5,951.332727469451
13.5,10.5,939.441351450916
13.5,11.5,926.699830033197
13.5,12.5,913.177097271173
13.5,13.5,898.943204861801
13.5,14.5,884.068534617528
13.5,15.5,868.623079795019
13.5,16.5,852.675803211129
13.5,17.5,836.294076637738
13.5,18.5,819.543202918245
14.5,0.5,971.143468086663
14.5,1.5,969.50731866612
14.5,2.5,966.681530915896
14.5,3.5,962.684358399278
14.5,4.5,957.541485240161
14.5,5.5,951.285581834324
14.5,6.5,943.955751512277
14.5,7.5,935.596887017592
14.5,8.5,926.258957744798
14.5,9.5,915.996249652049
14.5,10.5,904.866579663731
14.5,11.5,892.930505319202
14.5,12.5,880.250548573576
14.5,13.5,866.890450215295
14.5,14.5,852.914468544873
14.5,15.5,838.38673296352
14.5,16.5,823.370660130578
14.5,17.5,807.928437513816
14.5,18.5,792.120576588335
15.5,0.5,933.410113294849
15.5,1.5,931.882508081218
15.5,2.5,929.245681980485
15.5,3.5,925.515941478736
15.5,4.5,920.71624101301
15.5,5.5,914.875806318375
15.5,6.5,908.029663843959
15.5,7.5,900.218091525445
15.5,8.5,891.486007975245
15.5,9.5,881.88231806748
15.5,10.5,871.459232970739
15.5,11.5,860.271581991761
15.5,12.5,848.376132255675
15.5,13.5,835.830930409592
15.5,14.5,822.694678355101
15.5,15.5,809.026152648671
15.5,16.5,794.8836748015
15.5,17.5,780.324637384554
15.5,18.5,765.405088697266
16.5,0.5,897.141214311527
16.5,1.5,895.713812470372
16.5,2.5,893.251230200725
16.5,3.5,889.76807363028
16.5,4.5,885.284908950771
16.5,5.5,879.827941893808
16.5,6.5,873.428616090998
16.5,7.5,866.123142764116
16.5,8.5,857.951975704175
16.5,9.5,848.959246342857
16.5,10.5,839.192173901979
16.5,11.5,828.700465175604
16.5,12.5,817.53571753864
16.5,13.5,805.750837392496
16.5,14.5,793.399484572228
16.5,15.5,780.535551372565
16.5,16.5,767.212682917167
16.5,17.5,753.483843698689
16.5,18.5,739.400933340791
17.5,0.5,862.280078864788
17.5,1.5,860.945307258426
17.5,2.5,858.643626275238
17.5,3.5,855.388151444387
17.5,4.5,851.197352308033
17.5,5.5,846.094778638155
17.5,6.5,840.108716442206
17.5,7.5,833.271783930491
17.5,8.5,825.620478910972
17.5,9.5,817.194689845084
17.5,10.5,808.037183040805
17.5,11.5,798.193078209064
17.5,12.5,787.709323926048
17.5,13.5,776.634183506094
17.5,14.5,765.016740488642
17.5,15.5,752.906431473491
17.5,16.5,740.35261249504
17.5,17.5,727.404163595697
17.5,18.5,714.109134819056
18.5,0.5,828.772209980278
18.5,1.5,827.523174938388
18.5,2.5,825.370270409641
18.5,3.5,822.32530044657
18.5,4.5,818.404887944851
18.5,5.5,813.630239918099
18.5,6.5,808.026851869813
18.5,7.5,801.624159607533
18.5,8.5,794.455147951064
18.5,9.5,786.555926478213
18.5,10.5,777.965282724491
18.5,11.5,768.724223128723
18.5,12.5,758.875511537396
18.5,13.5,748.463214305564
18.5,14.5,737.53226003167
18.5,15.5,726.128020814201
18.5,16.5,714.295920699527
18.5,17.5,702.081075783603
18.5,18.5,689.527969318021
