"X","Y","Z"
0.5,0.5,398.165660477699
0.5,1.5,522.635588132647
0.5,2.5,686.017138204836
0.5,3.5,901.999622836639
0.5,4.5,1188.0857981627
0.5,5.5,1565.52265281699
0.5,6.5,2058.6594531158
0.5,7.5,2692.59734939476
0.5,8.5,3486.35332602001
0.5,9.5,4435.65161513158
0.5,10.5,5475.0622058772
0.5,11.5,6415.27950598984
0.5,12.5,6922.35321644898
0.5,13.5,6730.09266048209
0.5,14.5,5950.61326128472
0.5,15.5,4931.31332106222
0.5,16.5,3934.07444358428
0.5,17.5,3072.2930263729
0.5,18.5,2371.55955364648
1.5,0.5,400.069540234338
1.5,1.5,512.695569543929
1.5,2.5,655.84538556532
1.5,3.5,841.460908824311
1.5,4.5,1084.23607436833
1.5,5.5,1400.17991314781
1.5,6.5,1804.72961768697
1.5,7.5,2309.37244934604
1.5,8.5,2914.64580591666
1.5,9.5,3596.86295854531
1.5,10.5,4288.00541051224
1.5,11.5,4859.6698214951
1.5,12.5,5147.03399817158
1.5,13.5,5043.97293811786
1.5,14.5,4593.07162017445
1.5,15.5,3946.87607892497
1.5,16.5,3257.24298015329
1.5,17.5,2618.57193607039
1.5,18.5,2071.52902779828
2.5,0.5,422.677890772961
2.5,1.5,521.842950512942
2.5,2.5,639.263653412968
2.5,3.5,786.866959104821
2.5,4.5,978.800864200006
2.5,5.5,1227.88087319523
2.5,6.5,1543.05835658498
2.5,7.5,1926.76869143167
2.5,8.5,2370.30798022443
2.5,9.5,2846.55173239269
2.5,10.5,3302.40491790939
2.5,11.5,3659.12428816366
2.5,12.5,3832.89376754091
2.5,13.5,3775.76852867836
2.5,14.5,3506.27861916612
2.5,15.5,3096.73213359503
2.5,16.5,2631.57030507008
2.5,17.5,2175.69314940703
2.5,18.5,1766.26960119708
3.5,0.5,490.890770166877
3.5,1.5,575.952818760391
3.5,2.5,658.963232843498
3.5,3.5,756.98188819229
3.5,4.5,889.105282729782
3.5,5.5,1068.30590723379
3.5,6.5,1299.35971151951
3.5,7.5,1578.99532506191
3.5,8.5,1894.76257309019
3.5,9.5,2222.41320272972
3.5,10.5,2524.2746328313
3.5,11.5,2752.94132097007
3.5,12.5,2863.75891674828
3.5,13.5,2832.91761538282
3.5,14.5,2669.15972000322
3.5,15.5,2408.95884183148
3.5,16.5,2099.42135024016
3.5,17.5,1782.06971426247
3.5,18.5,1485.20939255618
4.5,0.5,649.624040592161
4.5,1.5,720.488132508717
4.5,2.5,749.402700618624
4.5,3.5,773.887272460629
4.5,4.5,830.235622227264
4.5,5.5,934.999202692567
4.5,6.5,1088.54389623081
4.5,7.5,1282.17808259676
4.5,8.5,1501.14474412768
4.5,9.5,1724.70175594293
4.5,10.5,1926.38032300055
4.5,11.5,2077.0319101631
4.5,12.5,2151.56755434477
4.5,13.5,2137.16241399036
4.5,14.5,2038.07706331496
4.5,15.5,1873.56806075025
4.5,16.5,1670.29997282729
4.5,17.5,1454.091771767
4.5,18.5,1244.74703152217
5.5,0.5,980.270175122738
5.5,1.5,1036.42084243168
5.5,2.5,959.493463308173
5.5,3.5,858.220994134676
5.5,4.5,810.444606432513
5.5,5.5,833.237180662779
5.5,6.5,915.52270335244
5.5,7.5,1039.49790978736
5.5,8.5,1186.71891539585
5.5,9.5,1338.32101392254
5.5,10.5,1474.75942812809
5.5,11.5,1577.17375394392
5.5,12.5,1630.5622289563
5.5,13.5,1627.4323076704
5.5,14.5,1569.79875623179
5.5,15.5,1468.12961110199
5.5,16.5,1337.72821671012
5.5,17.5,1194.44783744055
5.5,18.5,1051.50617503318
6.5,0.5,1624.21658103996
6.5,1.5,1661.80695034006
6.5,2.5,1334.92429744923
6.5,3.5,1008.91506897123
6.5,4.5,821.564040626519
6.5,5.5,757.648019967062
6.5,6.5,776.855225495438
6.5,7.5,846.149700730299
6.5,8.5,941.382852517135
6.5,9.5,1043.86535159774
6.5,10.5,1137.94620286983
6.5,11.5,1210.50639928914
6.5,12.5,1251.90580539754
6.5,13.5,1257.37523187519
6.5,14.5,1227.72995414898
6.5,15.5,1168.72758450008
6.5,16.5,1089.21201605823
6.5,17.5,998.818239210987
6.5,18.5,906.071480960208
7.5,0.5,2751.09179246612
7.5,1.5,2749.74661700401
7.5,2.5,1801.55337132158
7.5,3.5,1157.59797833042
7.5,4.5,829.056570248315
7.5,5.5,692.244815914166
7.5,6.5,663.440025392166
7.5,7.5,693.372907839273
7.5,8.5,752.692792800547
7.5,9.5,822.536308412667
7.5,10.5,889.598810344653
7.5,11.5,944.10592515921
7.5,12.5,979.413702423209
7.5,13.5,992.23618113786
7.5,14.5,982.73512471918
7.5,15.5,954.04954466748
7.5,16.5,911.262893198499
7.5,17.5,860.125565559919
7.5,18.5,805.930929075092
8.5,0.5,3332.56814030917
8.5,1.5,3289.92030433091
8.5,2.5,1926.15683226052
8.5,3.5,1162.37072698748
8.5,4.5,784.947066224533
8.5,5.5,618.439277563268
8.5,6.5,565.153844064771
8.5,7.5,571.842565081646
8.5,8.5,608.711502833476
8.5,9.5,658.092127882682
8.5,10.5,708.709571711036
8.5,11.5,753.042520790826
8.5,12.5,786.301143832971
8.5,13.5,806.106244182137
8.5,14.5,812.288731332322
8.5,15.5,806.502983263172
8.5,16.5,791.59766091755
8.5,17.5,770.870189625336
8.5,18.5,747.40349312259
9.5,0.5,2082.72287202232
9.5,1.5,2087.92146221058
9.5,2.5,1485.62890935844
9.5,3.5,971.745302893638
9.5,4.5,673.621588216479
9.5,5.5,529.059861877001
9.5,6.5,476.019859029916
9.5,7.5,474.203599395384
9.5,8.5,499.483195999848
9.5,9.5,537.396358059028
9.5,10.5,578.988700130117
9.5,11.5,618.585494046641
9.5,12.5,652.73156517802
9.5,13.5,679.707216153735
9.5,14.5,699.228387470321
9.5,15.5,712.116760158237
9.5,16.5,719.877379402546
9.5,17.5,724.234031297326
9.5,18.5,726.735088978064
10.5,0.5,1160.66553474667
10.5,1.5,1176.48256415253
10.5,2.5,959.35212338288
10.5,3.5,707.357943160097
10.5,4.5,529.441915916226
10.5,5.5,433.134371836687
10.5,6.5,395.990741597965
10.5,7.5,395.975215361212
10.5,8.5,417.442981132678
10.5,9.5,450.258831720867
10.5,10.5,488.01197763536
10.5,11.5,526.702312611571
10.5,12.5,563.969686330757
10.5,13.5,598.66150000806
10.5,14.5,630.538736929029
10.5,15.5,659.993693288705
10.5,16.5,687.734508722716
10.5,17.5,714.461896952026
10.5,18.5,740.618436299181
11.5,0.5,648.193307000568
11.5,1.5,665.061437694702
11.5,2.5,589.798340405769
11.5,3.5,482.956327092581
11.5,4.5,395.909269588447
11.5,5.5,345.472760014153
11.5,6.5,328.115995550691
11.5,7.5,334.742774112802
11.5,8.5,357.033566833303
11.5,9.5,388.915488830779
11.5,10.5,426.355867632617
11.5,11.5,466.848045712977
11.5,12.5,508.984952719765
11.5,13.5,552.153938805933
11.5,14.5,596.291168395048
11.5,15.5,641.637101646591
11.5,16.5,688.469567897751
11.5,17.5,736.833952350482
11.5,18.5,786.338491721667
12.5,0.5,372.031270850804
12.5,1.5,387.924730068945
12.5,2.5,366.424714894065
12.5,3.5,327.814493543205
12.5,4.5,293.733245411932
12.5,5.5,275.427842833817
12.5,6.5,274.662747284159
12.5,7.5,288.730226322701
12.5,8.5,313.994935003594
12.5,9.5,347.398855033494
12.5,10.5,386.822071306077
12.5,11.5,431.009799274932
12.5,12.5,479.392723356357
12.5,13.5,531.898395355106
12.5,14.5,588.756589313459
12.5,15.5,650.278419600754
12.5,16.5,716.598646213707
12.5,17.5,787.39637624395
12.5,18.5,861.650784410582
13.5,0.5,223.91250210765
13.5,1.5,238.571563908445
13.5,2.5,238.199222018749
13.5,3.5,230.21678845138
13.5,4.5,223.677782981967
13.5,5.5,224.679138208666
13.5,6.5,235.486672531128
13.5,7.5,255.895998676037
13.5,8.5,284.772454028301
13.5,9.5,320.987146954443
13.5,10.5,363.805529403053
13.5,11.5,412.971052597429
13.5,12.5,468.65417859903
13.5,13.5,531.340783715537
13.5,14.5,601.675353154706
13.5,15.5,680.25045675382
13.5,16.5,767.332228161969
13.5,17.5,862.525579115497
13.5,18.5,964.415643235712
14.5,0.5,144.244393614057
14.5,1.5,157.856732045977
14.5,2.5,165.955504594002
14.5,3.5,171.556039143473
14.5,4.5,178.627697052397
14.5,5.5,190.367244921837
14.5,6.5,208.54686468377
14.5,7.5,233.801097579714
14.5,8.5,266.217465488594
14.5,9.5,305.816682495814
14.5,10.5,352.822088521468
14.5,11.5,407.763822026761
14.5,12.5,471.480144755964
14.5,13.5,545.050463356644
14.5,14.5,629.665667222968
14.5,15.5,726.422956627874
14.5,16.5,836.024269360331
14.5,17.5,958.360022218307
14.5,18.5,1091.97976620969
15.5,0.5,101.096584550655
15.5,1.5,113.928246187799
15.5,2.5,125.439949069736
15.5,3.5,137.067057544521
15.5,4.5,150.750681415811
15.5,5.5,168.294389929288
15.5,6.5,191.035123525975
15.5,7.5,219.877006649302
15.5,8.5,255.510998877677
15.5,9.5,298.647231553708
15.5,10.5,350.180393455639
15.5,11.5,411.277587797601
15.5,12.5,483.400660567826
15.5,13.5,568.269919736252
15.5,14.5,667.761842827054
15.5,15.5,783.717997734566
15.5,16.5,917.627785092934
15.5,17.5,1070.13519145813
15.5,18.5,1240.31686241097
16.5,0.5,77.478462179537
16.5,1.5,89.7629412075575
16.5,2.5,102.638543472786
16.5,3.5,116.964968061075
16.5,4.5,133.88571054427
16.5,5.5,154.594951531283
16.5,6.5,180.199344028622
16.5,7.5,211.718016674976
16.5,8.5,250.176398291513
16.5,9.5,296.728815205655
16.5,10.5,352.766765605506
16.5,11.5,419.995437345103
16.5,12.5,500.47305777901
16.5,13.5,596.606533552653
16.5,14.5,711.087625114823
16.5,15.5,846.739082448411
16.5,16.5,1006.21852623478
16.5,17.5,1191.49666906337
16.5,18.5,1402.98675935279
17.5,0.5,64.3442692826261
17.5,1.5,76.2532820647437
17.5,2.5,89.6575316062559
17.5,3.5,105.212733002422
17.5,4.5,123.760644572215
17.5,5.5,146.254527783787
17.5,6.5,173.716266302702
17.5,7.5,207.248828183143
17.5,8.5,248.095480770376
17.5,9.5,297.723322805166
17.5,10.5,357.911325828387
17.5,11.5,430.830380269528
17.5,12.5,519.106548506385
17.5,13.5,625.85676344101
17.5,14.5,754.679178283369
17.5,15.5,909.567244644091
17.5,16.5,1094.69178335183
17.5,17.5,1313.94806811568
17.5,18.5,1570.08152329027
18.5,0.5,56.8529535221568
18.5,1.5,68.4950840034275
18.5,2.5,82.0776132819292
18.5,3.5,98.1911392776743
18.5,4.5,117.573051678322
18.5,5.5,141.096096576328
18.5,6.5,169.770776116423
18.5,7.5,204.773753059093
18.5,8.5,247.503047872192
18.5,9.5,299.654111059102
18.5,10.5,363.309567203748
18.5,11.5,441.035878257379
18.5,12.5,535.97894249609
18.5,13.5,651.947108862397
18.5,14.5,793.465696150281
18.5,15.5,965.781125650449
18.5,16.5,1174.77595230312
18.5,17.5,1426.70750401706
18.5,18.5,1727.57158774025
