"X","Y","Z"
0,0,0
0,0,0
0,0,0
0,0,0
0,0,0
0,0,0
0,0,0
0,0,0
0,0,0
0,0,0
0,0,0
0.5,11.5,2.80285301751852
0.5,12.5,10.5201705193747
0.5,13.5,16.5733106069729
0.5,14.5,21.6641492571079
0.5,15.5,26.2271717642568
0.5,16.5,30.5163288199983
0.5,17.5,34.6644012143243
0.5,18.5,38.7228982154793
0,0,0
0,0,0
0,0,0
0,0,0
0,0,0
0,0,0
0,0,0
0,0,0
0,0,0
0,0,0
0,0,0
1.5,11.5,4.52317104701721
1.5,12.5,15.4258825099392
1.5,13.5,23.9747199616997
1.5,14.5,31.2017316004269
1.5,15.5,37.7336367718504
1.5,16.5,43.9291801039822
1.5,17.5,49.9701865933038
1.5,18.5,55.9211492250592
0,0,0
0,0,0
0,0,0
0,0,0
0,0,0
0,0,0
0,0,0
0,0,0
0,0,0
0,0,0
0,0,0
2.5,11.5,7.62493360785423
2.5,12.5,22.8063750926682
2.5,13.5,34.7520278447297
2.5,14.5,44.9411625294733
2.5,15.5,54.2548766141038
2.5,16.5,63.1864122262305
2.5,17.5,71.9765872874532
2.5,18.5,80.7002075197781
0,0,0
0,0,0
0,0,0
0,0,0
0,0,0
0,0,0
0,0,0
0,0,0
0,0,0
0,0,0
0,0,0
3.5,11.5,13.0716060304509
3.5,12.5,33.8998982729458
3.5,13.5,50.4212880490913
3.5,14.5,64.6984146221439
3.5,15.5,77.9363906097313
3.5,16.5,90.7938754438415
3.5,17.5,103.577943507964
3.5,18.5,116.365478991853
0,0,0
0,0,0
0,0,0
0,0,0
0,0,0
0,0,0
0,0,0
0,0,0
0,0,0
0,0,0
0,0,0
4.5,11.5,22.3398983475561
4.5,12.5,50.4992659683002
4.5,13.5,73.1346979016515
4.5,14.5,93.03846704074
4.5,15.5,111.811228639039
4.5,16.5,130.305300883138
4.5,17.5,148.895221086472
4.5,18.5,167.642534442967
0,0,0
0,0,0
0,0,0
0,0,0
0,0,0
0,0,0
0,0,0
0,0,0
0,0,0
0,0,0
0,0,0
5.5,11.5,37.6063275764518
5.5,12.5,75.1528178073037
5.5,13.5,105.917274770739
5.5,14.5,133.562730063484
5.5,15.5,160.150336725953
5.5,16.5,186.746275901199
5.5,17.5,213.783207840343
5.5,18.5,241.275796809903
0,0,0
0,0,0
0,0,0
0,0,0
0,0,0
0,0,0
0,0,0
0,0,0
0,0,0
0,0,0
0,0,0
6.5,11.5,61.9661907801264
6.5,12.5,111.418941918299
6.5,13.5,152.979915529532
6.5,14.5,191.298440162575
6.5,15.5,228.944205850047
6.5,16.5,267.203246905458
6.5,17.5,306.541108511098
6.5,18.5,346.873483172671
0,0,0
0,0,0
0,0,0
0,0,0
0,0,0
0,0,0
0,0,0
0,0,0
0,0,0
0,0,0
7.5,10.5,16.5752263275839
7.5,11.5,99.6836368214264
7.5,12.5,164.186643206755
7.5,13.5,220.132316720052
7.5,14.5,273.224455811279
7.5,15.5,326.562596976647
7.5,16.5,381.638810876314
7.5,17.5,438.904797158455
7.5,18.5,498.096644711021
0,0,0
0,0,0
0,0,0
0,0,0
0,0,0
0,0,0
0,0,0
0,0,0
0,0,0
0,0,0
8.5,10.5,52.4891481505119
8.5,11.5,156.477119125133
8.5,12.5,240.081170931106
8.5,13.5,315.327508579576
8.5,14.5,388.979059037247
8.5,15.5,464.654489761854
8.5,16.5,544.015543120925
8.5,17.5,627.42708648385
8.5,18.5,714.326902640357
0,0,0
0,0,0
0,0,0
0,0,0
0,0,0
0,0,0
0,0,0
0,0,0
0,0,0
0,0,0
9.5,10.5,111.132041582132
9.5,11.5,239.856315724431
9.5,12.5,347.983338034998
9.5,13.5,449.380278681874
9.5,14.5,551.809186306206
9.5,15.5,659.369677591684
9.5,16.5,773.837525633199
9.5,17.5,895.389234483729
9.5,18.5,1022.99667436663
0,0,0
0,0,0
0,0,0
0,0,0
0,0,0
0,0,0
0,0,0
0,0,0
0,0,0
0,0,0
10.5,10.5,200.996148646352
10.5,11.5,359.543123528467
10.5,12.5,499.702730331572
10.5,13.5,636.91377128191
10.5,14.5,779.836604458554
10.5,15.5,933.006729609875
10.5,16.5,1098.25242036389
10.5,17.5,1275.43440059112
10.5,18.5,1462.83065098576
0,0,0
0,0,0
0,0,0
0,0,0
0,0,0
0,0,0
0,0,0
0,0,0
0,0,0
11.5,9.5,95.1045079014118
11.5,10.5,332.42454195467
11.5,11.5,528.025625554093
11.5,12.5,710.855780627575
11.5,13.5,897.600365886517
11.5,14.5,1097.73385282355
11.5,15.5,1316.21889964137
11.5,16.5,1554.89776059866
11.5,17.5,1813.17357511737
11.5,18.5,2088.33164312301
0,0,0
0,0,0
0,0,0
0,0,0
0,0,0
0,0,0
0,0,0
0,0,0
0,0,0
12.5,9.5,242.080009954048
12.5,10.5,517.976443599731
12.5,11.5,761.302624582327
12.5,12.5,1002.00575274252
12.5,13.5,1257.77198115199
12.5,14.5,1538.91931176866
12.5,15.5,1850.93853852648
12.5,16.5,2195.7225409973
12.5,17.5,2572.08759393675
12.5,18.5,2975.95107306509
0,0,0
0,0,0
0,0,0
0,0,0
0,0,0
0,0,0
0,0,0
0,0,0
13.5,8.5,58.2100319002958
13.5,9.5,449.227997974243
13.5,10.5,773.024500723895
13.5,11.5,1079.87051831233
13.5,12.5,1400.1189301349
13.5,13.5,1752.47786640446
13.5,14.5,2148.39330586179
13.5,15.5,2594.20860339776
13.5,16.5,3092.06678777735
13.5,17.5,3640.13443595552
13.5,18.5,4232.51655439041
0,0,0
0,0,0
0,0,0
0,0,0
0,0,0
0,0,0
0,0,0
0,0,0
14.5,8.5,300.549427218969
14.5,9.5,729.554410338159
14.5,10.5,1116.62406360122
14.5,11.5,1509.9807228468
14.5,12.5,1940.37638751554
14.5,13.5,2428.06060148023
14.5,14.5,2986.34067482865
14.5,15.5,3623.13129086288
14.5,16.5,4341.33199705458
14.5,17.5,5138.56484794834
14.5,18.5,6006.64523956951
0,0,0
0,0,0
0,0,0
0,0,0
0,0,0
0,0,0
0,0,0
15.5,7.5,57.1393756465511
15.5,8.5,617.104177183002
15.5,9.5,1098.73014563478
15.5,10.5,1572.63021995778
15.5,11.5,2085.15623235705
15.5,12.5,2668.35120118964
15.5,13.5,3345.29808593542
15.5,14.5,4132.611986646
15.5,15.5,5041.14889179028
15.5,16.5,6075.6132102881
15.5,17.5,7233.54094880296
15.5,18.5,8504.04453930043
0,0,0
0,0,0
0,0,0
0,0,0
0,0,0
0,0,0
0,0,0
16.5,7.5,431.200509696734
16.5,8.5,1017.68725670497
16.5,9.5,1576.27910706066
16.5,10.5,2170.96862130979
16.5,11.5,2847.90483885781
16.5,12.5,3642.51425911572
16.5,13.5,4583.11330690053
16.5,14.5,5692.15374761357
16.5,15.5,6985.8447713792
16.5,16.5,8472.66966274049
16.5,17.5,10151.2207016528
16.5,18.5,12007.7719910868
0,0,0
0,0,0
0,0,0
0,0,0
0,0,0
0,0,0
17.5,6.5,184.681944449298
17.5,7.5,875.121737192919
17.5,8.5,1515.71217761687
17.5,9.5,2186.73565454915
17.5,10.5,2948.90779241789
17.5,11.5,3851.50734627011
17.5,12.5,4936.96362571827
17.5,13.5,6242.77401948995
17.5,14.5,7801.37036597932
17.5,15.5,9638.368358658
17.5,16.5,11769.5533174502
17.5,17.5,14196.97779288
17.5,18.5,16904.6531117303
0,0,0
0,0,0
0,0,0
0,0,0
0,0,0
0,0,0
18.5,6.5,686.971666418135
18.5,7.5,1395.69524470057
18.5,8.5,2129.27903834558
18.5,9.5,2960.52604434756
18.5,10.5,3952.13849042091
18.5,11.5,5161.69050206048
18.5,12.5,6644.17559555768
18.5,13.5,8452.37691606419
18.5,14.5,10635.2435521071
18.5,15.5,13234.4113663474
18.5,16.5,16279.0431756332
18.5,17.5,19779.3072394772
18.5,18.5,23719.0651728597
