"X","Y","Z"
0.5,0.5,348.554586777523
0.5,1.5,416.036863857257
0.5,2.5,499.090304962357
0.5,3.5,608.239613471933
0.5,4.5,758.284974223236
0.5,5.5,968.461078767217
0.5,6.5,1263.1379860854
0.5,7.5,1673.38531090692
0.5,8.5,2239.28303402038
0.5,9.5,3011.79449669306
0.5,10.5,4047.56930695526
0.5,11.5,5333.62172370069
0.5,12.5,5730.14186033798
0.5,13.5,4470.25519674742
0.5,14.5,3322.17725900912
0.5,15.5,2450.01580417655
0.5,16.5,1802.47360193698
0.5,17.5,1324.80405749758
0.5,18.5,973.357466993648
1.5,0.5,446.231437967808
1.5,1.5,513.887316787668
1.5,2.5,589.917922217326
1.5,3.5,686.66753291915
1.5,4.5,821.721211283146
1.5,5.5,1016.84852308551
1.5,6.5,1297.87049457633
1.5,7.5,1695.95693178962
1.5,8.5,2250.05998245628
1.5,9.5,3008.59068189896
1.5,10.5,4021.28376736756
1.5,11.5,5247.12432368305
1.5,12.5,5600.83844024701
1.5,13.5,4424.57618597228
1.5,14.5,3302.29794636869
1.5,15.5,2440.09366911012
1.5,16.5,1797.26274603747
1.5,17.5,1322.11825550041
1.5,18.5,972.143839787064
2.5,0.5,597.502778123345
2.5,1.5,663.245482676353
2.5,2.5,722.684756181879
2.5,3.5,791.53705486413
2.5,4.5,892.111654453635
2.5,5.5,1049.09005518953
2.5,6.5,1287.13124821626
2.5,7.5,1630.29652347234
2.5,8.5,2101.46744770295
2.5,9.5,2715.75580028068
2.5,10.5,3446.45144296096
2.5,11.5,4108.92251520395
2.5,12.5,4235.29414110214
2.5,13.5,3682.16329938422
2.5,14.5,2917.58065579097
2.5,15.5,2227.3342900487
2.5,16.5,1673.31577406037
2.5,17.5,1247.31426826606
2.5,18.5,925.974174796491
3.5,0.5,837.438464869983
3.5,1.5,899.731735019816
3.5,2.5,927.647538011199
3.5,3.5,945.223109848532
3.5,4.5,985.464822645673
3.5,5.5,1079.12384173751
3.5,6.5,1249.34545581893
3.5,7.5,1509.51289351526
3.5,8.5,1861.01435649845
3.5,9.5,2290.25482993823
3.5,10.5,2744.37448509584
3.5,11.5,3088.45275022583
3.5,12.5,3139.40602954569
3.5,13.5,2854.09458230315
3.5,14.5,2386.53578755882
3.5,15.5,1898.72857081013
3.5,16.5,1469.22434673036
3.5,17.5,1119.05734250275
3.5,18.5,844.51748958101
4.5,0.5,1221.46575471775
4.5,1.5,1279.82296540363
4.5,2.5,1249.487617044
4.5,3.5,1176.81567713386
4.5,4.5,1119.96670046464
4.5,5.5,1122.20578790252
4.5,6.5,1206.54082143849
4.5,7.5,1376.45765064209
4.5,8.5,1606.45594608857
4.5,9.5,1867.66119317087
4.5,10.5,2126.7439955173
4.5,11.5,2305.62406914852
4.5,12.5,2322.84416996183
4.5,13.5,2159.41937975328
4.5,14.5,1873.51466362724
4.5,15.5,1545.97233957742
4.5,16.5,1233.80173268015
4.5,17.5,963.663511443748
4.5,18.5,742.377854062422
5.5,0.5,1835.5747582431
5.5,1.5,1891.40665431129
5.5,2.5,1748.04126252226
5.5,3.5,1515.13288938469
5.5,4.5,1307.20811139538
5.5,5.5,1185.45790288198
5.5,6.5,1168.69559203996
5.5,7.5,1255.65284436802
5.5,8.5,1382.42294737466
5.5,9.5,1502.34442868002
5.5,10.5,1633.98929073183
5.5,11.5,1721.9550419941
5.5,12.5,1721.20670245355
5.5,13.5,1619.53256540083
5.5,14.5,1440.33856809995
5.5,15.5,1223.54477036015
5.5,16.5,1004.39728582025
5.5,17.5,804.718507858238
5.5,18.5,634.115019293973
6.5,0.5,2807.71327395649
6.5,1.5,2866.65261056612
6.5,2.5,2484.0825998143
6.5,3.5,1965.83277398152
6.5,4.5,1536.49696906623
6.5,5.5,1260.01946722209
6.5,6.5,1128.15626941737
6.5,7.5,1110.61776723118
6.5,8.5,1146.15742322669
6.5,9.5,1194.07689971315
6.5,10.5,1252.34824589332
6.5,11.5,1289.69816508841
6.5,12.5,1279.19756783946
6.5,13.5,1211.636815113
6.5,14.5,1096.2065539886
6.5,15.5,952.692779985764
6.5,16.5,801.611469638727
6.5,17.5,658.193855112172
6.5,18.5,531.067573815947
7.5,0.5,4295.14779776613
7.5,1.5,4376.27463603729
7.5,2.5,3437.70174275099
7.5,3.5,2455.0928237416
7.5,4.5,1753.98631849902
7.5,5.5,1318.64247137339
7.5,6.5,1079.5935468729
7.5,7.5,971.991638563465
7.5,8.5,939.622751191949
7.5,9.5,943.448704737359
7.5,10.5,960.645029241613
7.5,11.5,970.040783508617
7.5,12.5,954.747398675821
7.5,13.5,907.564927505382
7.5,14.5,831.480083382328
7.5,15.5,736.185333283937
7.5,16.5,633.257757519641
7.5,17.5,532.523284226553
7.5,18.5,440.512946740709
8.5,0.5,6105.88484909714
8.5,1.5,6282.23833458584
8.5,2.5,4212.2272257943
8.5,3.5,2763.00303505764
8.5,4.5,1860.73109674512
8.5,5.5,1320.90749534055
8.5,6.5,1013.61507159774
8.5,7.5,851.940311059719
8.5,8.5,776.67691865015
8.5,9.5,748.131637071788
8.5,10.5,740.063227076001
8.5,11.5,733.831666260153
8.5,12.5,716.767487232559
8.5,13.5,682.768609325428
8.5,14.5,631.963334365834
8.5,15.5,568.854912561195
8.5,16.5,499.784763625865
8.5,17.5,430.775582551389
8.5,18.5,366.313106735054
9.5,0.5,5529.46396917861
9.5,1.5,5652.54632112564
9.5,2.5,3987.29439660636
9.5,3.5,2646.96559910221
9.5,4.5,1774.78772218293
9.5,5.5,1236.71896452684
9.5,6.5,917.744001723705
9.5,7.5,737.701897933468
9.5,8.5,642.4930170523
9.5,9.5,595.862706873348
9.5,10.5,573.538550725294
9.5,11.5,559.204240214538
9.5,12.5,542.425140983022
9.5,13.5,517.786364530356
9.5,14.5,484.093274501014
9.5,15.5,443.145285336024
9.5,16.5,398.259252506258
9.5,17.5,352.951922701262
9.5,18.5,310.069340232802
10.5,0.5,3679.32026631537
10.5,1.5,3730.52558937937
10.5,2.5,3010.8234622362
10.5,3.5,2170.17007852454
10.5,4.5,1516.39841775073
10.5,5.5,1072.90705769857
10.5,6.5,792.10367386888
10.5,7.5,623.430249793228
10.5,8.5,527.242651694698
10.5,9.5,475.034378974669
10.5,10.5,447.0251804892
10.5,11.5,429.855858360721
10.5,12.5,415.005638566607
10.5,13.5,397.785907750054
10.5,14.5,376.513479660614
10.5,15.5,351.619359839173
10.5,16.5,324.704556767847
10.5,17.5,297.692049329442
10.5,18.5,272.212518939799
11.5,0.5,2355.19753555581
11.5,1.5,2383.01102412628
11.5,2.5,2063.38578890327
11.5,3.5,1605.62702263902
11.5,4.5,1186.51483013571
11.5,5.5,868.712067420046
11.5,6.5,650.851673603126
11.5,7.5,511.261845337387
11.5,8.5,426.640912722272
11.5,9.5,377.739907831997
11.5,10.5,350.19412306144
11.5,11.5,333.931521265382
11.5,12.5,322.370230408891
11.5,13.5,311.708554298691
11.5,14.5,300.28127952996
11.5,15.5,287.915357320031
11.5,16.5,275.286331214294
11.5,17.5,263.336060869968
11.5,18.5,252.82155685133
12.5,0.5,1498.75992717959
12.5,1.5,1516.5113766667
12.5,2.5,1366.61735373268
12.5,3.5,1124.70950697797
12.5,4.5,875.525109835917
12.5,5.5,667.06371812425
12.5,6.5,512.608226855304
12.5,7.5,407.224027356487
12.5,8.5,339.854174157527
12.5,9.5,299.203463363537
12.5,10.5,275.90538035896
12.5,11.5,262.999615884397
12.5,12.5,255.775690287558
12.5,13.5,251.417663537923
12.5,14.5,248.585594652734
12.5,15.5,246.9652954162
12.5,16.5,246.807118707678
12.5,17.5,248.489287938465
12.5,18.5,252.150236954263
13.5,0.5,957.813544810407
13.5,1.5,970.810924628109
13.5,2.5,898.015338045563
13.5,3.5,769.520579141522
13.5,4.5,625.328117454906
13.5,5.5,494.822027182191
13.5,6.5,391.423020469829
13.5,7.5,316.898906488602
13.5,8.5,267.200544363918
13.5,9.5,236.496196099659
13.5,10.5,219.255322608373
13.5,11.5,211.085015635262
13.5,12.5,208.924695710722
13.5,13.5,210.94539274567
13.5,14.5,216.312217236362
13.5,15.5,224.873357707989
13.5,16.5,236.804929643022
13.5,17.5,252.237084807041
13.5,18.5,270.895667851195
14.5,0.5,622.071265278089
14.5,1.5,633.557823050782
14.5,2.5,597.625255015559
14.5,3.5,527.192663818715
14.5,4.5,442.551664315927
14.5,5.5,361.350653298963
14.5,6.5,293.778631469036
14.5,7.5,243.164813801841
14.5,8.5,208.625052407636
14.5,9.5,187.465670385697
14.5,10.5,176.707816713515
14.5,11.5,173.859274994856
14.5,12.5,177.209448636045
14.5,13.5,185.856656232441
14.5,14.5,199.584051294743
14.5,15.5,218.635959130296
14.5,16.5,243.413320834932
14.5,17.5,274.097602750917
14.5,18.5,310.223925608322
15.5,0.5,420.1513104975
15.5,1.5,433.676111729472
15.5,2.5,415.91846803203
15.5,3.5,372.864113861744
15.5,4.5,318.360286604408
15.5,5.5,264.976014903734
15.5,6.5,219.957649302392
15.5,7.5,186.013998953184
15.5,8.5,163.144318926542
15.5,9.5,150.127245749814
15.5,10.5,145.487635960686
15.5,11.5,148.038719167625
15.5,12.5,157.133477822598
15.5,13.5,172.729026085343
15.5,14.5,195.323046222044
15.5,15.5,225.782083436519
15.5,16.5,265.053529463371
15.5,17.5,313.739317958882
15.5,18.5,371.518713469504
16.5,0.5,306.92312364573
16.5,1.5,329.126547417578
16.5,2.5,320.319267547155
16.5,3.5,283.842706941342
16.5,4.5,239.266099636967
16.5,5.5,198.777082629055
16.5,6.5,166.538895389745
16.5,7.5,143.392653384898
16.5,8.5,128.950595680231
16.5,9.5,122.455604033023
16.5,10.5,123.236624479422
16.5,11.5,130.981755889208
16.5,12.5,145.891833208609
16.5,13.5,168.741261960366
16.5,14.5,200.853029305265
16.5,15.5,243.971361853173
16.5,16.5,299.987678944532
16.5,17.5,370.448082541486
16.5,18.5,455.759487115978
17.5,0.5,249.607081683236
17.5,1.5,296.160382617848
17.5,2.5,291.059881013207
17.5,3.5,238.390323851096
17.5,4.5,189.846126989872
17.5,5.5,153.710764859369
17.5,6.5,128.450690858836
17.5,7.5,112.231522700391
17.5,8.5,103.795439661438
17.5,9.5,102.414793321519
17.5,10.5,107.861449886302
17.5,11.5,120.446093059764
17.5,12.5,141.085878270261
17.5,13.5,171.365683363092
17.5,14.5,213.56228326846
17.5,15.5,270.586685358381
17.5,16.5,345.765519142966
17.5,17.5,442.327618897058
17.5,18.5,562.396604561347
18.5,0.5,209.325975604257
18.5,1.5,284.806758967644
18.5,2.5,280.096959787103
18.5,3.5,204.084650426396
18.5,4.5,153.213071780068
18.5,5.5,120.730606691845
18.5,6.5,100.563518988121
18.5,7.5,89.3538915164728
18.5,8.5,85.4102984011394
18.5,9.5,88.0835193313392
18.5,10.5,97.4934965845159
18.5,11.5,114.46144261131
18.5,12.5,140.551881692185
18.5,13.5,178.168218935965
18.5,14.5,230.659954494066
18.5,15.5,302.388198160586
18.5,16.5,398.652882680964
18.5,17.5,525.296320616958
18.5,18.5,687.64537766275
