"X","Y","Z"
0.5,0.5,51705.6883581984
0.5,1.5,45183.4346913092
0.5,2.5,36176.8936066719
0.5,3.5,25499.9155733828
0.5,4.5,14009.1401626142
0.5,5.5,2575.54723513289
0,0,0
0,0,0
0,0,0
0,0,0
0,0,0
0,0,0
0,0,0
0,0,0
0,0,0
0,0,0
0,0,0
0,0,0
0,0,0
1.5,0.5,28379.9625140848
1.5,1.5,24914.246728333
1.5,2.5,20126.7871121981
1.5,3.5,14432.5454508159
1.5,4.5,8297.90890797474
1.5,5.5,2213.06892322508
0,0,0
0,0,0
0,0,0
0,0,0
0,0,0
0,0,0
0,0,0
0,0,0
0,0,0
0,0,0
0,0,0
0,0,0
0,0,0
2.5,0.5,15573.2657798211
2.5,1.5,13730.0828681776
2.5,2.5,11189.8281414567
2.5,3.5,8165.66677642564
2.5,4.5,4906.95316736987
2.5,5.5,1679.63412909706
0,0,0
0,0,0
0,0,0
0,0,0
0,0,0
0,0,0
0,0,0
0,0,0
0,0,0
0,0,0
0,0,0
0,0,0
0,0,0
3.5,0.5,8546.30544313515
3.5,1.5,7566.09201440236
3.5,2.5,6220.36917962254
3.5,3.5,4618.98502656935
3.5,4.5,2893.46418988344
3.5,5.5,1184.87599931375
0,0,0
0,0,0
0,0,0
0,0,0
0,0,0
0,0,0
0,0,0
0,0,0
0,0,0
0,0,0
0,0,0
0,0,0
0,0,0
4.5,0.5,4691.42666916773
4.5,1.5,4170.42634069344
4.5,2.5,3458.44945385445
4.5,3.5,2612.14569581498
4.5,4.5,1700.21160102014
4.5,5.5,796.424274489616
0,0,0
0,0,0
0,0,0
0,0,0
0,0,0
0,0,0
0,0,0
0,0,0
0,0,0
0,0,0
0,0,0
0,0,0
0,0,0
5.5,0.5,2576.46527151674
5.5,1.5,2299.75089529815
5.5,2.5,1923.44156266467
5.5,3.5,1476.74094946211
5.5,4.5,995.281681202213
5.5,5.5,517.305218345493
5.5,6.5,79.69532944358
0,0,0
0,0,0
0,0,0
0,0,0
0,0,0
0,0,0
0,0,0
0,0,0
0,0,0
0,0,0
0,0,0
0,0,0
6.5,0.5,1415.71708042605
6.5,1.5,1268.86267584863
6.5,2.5,1070.10516801764
6.5,3.5,834.487617971337
6.5,4.5,580.404464424593
6.5,5.5,327.568127878074
6.5,6.5,94.8698537085823
0,0,0
0,0,0
0,0,0
0,0,0
0,0,0
0,0,0
0,0,0
0,0,0
0,0,0
0,0,0
0,0,0
0,0,0
7.5,0.5,778.363333088732
7.5,1.5,700.482528450567
7.5,2.5,595.548074771052
7.5,3.5,471.302558948024
7.5,4.5,337.211679421974
7.5,5.5,203.403165059246
7.5,6.5,79.5455806928695
0,0,0
0,0,0
0,0,0
0,0,0
0,0,0
0,0,0
0,0,0
0,0,0
0,0,0
0,0,0
0,0,0
0,0,0
8.5,0.5,428.202081170727
8.5,1.5,386.924920416386
8.5,2.5,331.535266287848
8.5,3.5,266.015658753021
8.5,4.5,195.227566927174
8.5,5.5,124.365076244915
8.5,6.5,58.3773947222362
8.5,7.5,1.42144289063612
0,0,0
0,0,0
0,0,0
0,0,0
0,0,0
0,0,0
0,0,0
0,0,0
0,0,0
0,0,0
0,0,0
9.5,0.5,235.706936397621
9.5,1.5,213.840322759574
9.5,2.5,184.602917628649
9.5,3.5,150.042404343913
9.5,4.5,112.652906071537
9.5,5.5,75.0962632005503
9.5,6.5,39.9078043749356
9.5,7.5,9.22154991768534
0,0,0
0,0,0
0,0,0
0,0,0
0,0,0
0,0,0
0,0,0
0,0,0
0,0,0
0,0,0
0,0,0
10.5,0.5,129.820369479379
10.5,1.5,118.240506577631
10.5,2.5,102.805123497219
10.5,3.5,84.5669188632693
10.5,4.5,64.8049513918618
10.5,5.5,44.8833094708458
10.5,6.5,26.1022175712547
10.5,7.5,9.56037884999997
0,0,0
0,0,0
0,0,0
0,0,0
0,0,0
0,0,0
0,0,0
0,0,0
0,0,0
0,0,0
0,0,0
11.5,0.5,71.539408180456
11.5,1.5,65.4084153570333
11.5,2.5,57.2572392662403
11.5,3.5,47.6271162555877
11.5,4.5,37.1740369228624
11.5,5.5,26.597371019645
11.5,6.5,16.5648294539729
11.5,7.5,7.64354966050392
11.5,8.5,0.246426035387462
0,0,0
0,0,0
0,0,0
0,0,0
0,0,0
0,0,0
0,0,0
0,0,0
0,0,0
0,0,0
12.5,0.5,39.4423015234062
12.5,1.5,36.1965554495555
12.5,2.5,31.8903741966486
12.5,3.5,26.80211482569
12.5,4.5,21.2683634136121
12.5,5.5,15.64797978209
12.5,6.5,10.2843678667523
12.5,7.5,5.47096474989328
12.5,8.5,1.42448678148005
0,0,0
0,0,0
0,0,0
0,0,0
0,0,0
0,0,0
0,0,0
0,0,0
0,0,0
0,0,0
13.5,0.5,21.7557727636834
13.5,1.5,20.037468175037
13.5,2.5,17.7614840415887
13.5,3.5,15.0710480189303
13.5,4.5,12.1389830520915
13.5,5.5,9.14962060194862
13.5,6.5,6.27985032751047
13.5,7.5,3.68182174942443
13.5,8.5,1.46954495004333
0,0,0
0,0,0
0,0,0
0,0,0
0,0,0
0,0,0
0,0,0
0,0,0
0,0,0
0,0,0
14.5,0.5,12.0050129975321
14.5,1.5,11.0952511376335
14.5,2.5,9.89165942215311
14.5,3.5,8.46798147100053
14.5,4.5,6.91303456684499
14.5,5.5,5.32161695444025
14.5,6.5,3.78499178905081
14.5,7.5,2.38220498227472
14.5,8.5,1.17334669606892
14.5,9.5,0.195559928297468
0,0,0
0,0,0
0,0,0
0,0,0
0,0,0
0,0,0
0,0,0
0,0,0
0,0,0
15.5,0.5,6.62685280024727
15.5,1.5,6.14509124717844
15.5,2.5,5.50823107919679
15.5,3.5,4.75426904032282
15.5,4.5,3.92889763119707
15.5,5.5,3.0809340518284
15.5,6.5,2.2575397819565
15.5,7.5,1.49985603843166
15.5,8.5,0.83960263850277
15.5,9.5,0.297030805990878
0,0,0
0,0,0
0,0,0
0,0,0
0,0,0
0,0,0
0,0,0
0,0,0
0,0,0
16.5,0.5,3.65923224082027
16.5,1.5,3.40405411622802
16.5,2.5,3.06685944011018
16.5,3.5,2.66724268205893
16.5,4.5,2.22873733637383
16.5,5.5,1.77651700198479
16.5,6.5,1.33499196454314
16.5,7.5,0.925611296494944
16.5,8.5,0.565140622956987
16.5,9.5,0.264606643408724
16.5,10.5,0.0289931238906432
0,0,0
0,0,0
0,0,0
0,0,0
0,0,0
0,0,0
0,0,0
0,0,0
17.5,0.5,2.02112397578214
17.5,1.5,1.88592065719299
17.5,2.5,1.70727121816737
17.5,3.5,1.49528953505445
17.5,4.5,1.26211092301773
17.5,5.5,1.02073507517257
17.5,6.5,0.783816365271971
17.5,7.5,0.562554990150411
17.5,8.5,0.365822336778028
17.5,9.5,0.1996146097341
17.5,10.5,0.066876553617713
0,0,0
0,0,0
0,0,0
0,0,0
0,0,0
0,0,0
0,0,0
0,0,0
18.5,0.5,1.11660557483837
18.5,1.5,1.04494410095423
18.5,2.5,0.950229679858365
18.5,3.5,0.837687752900424
18.5,4.5,0.713583847254413
18.5,5.5,0.584640643683743
18.5,6.5,0.457428300878278
18.5,7.5,0.337803971962659
18.5,8.5,0.230466449247822
18.5,9.5,0.138672442536851
18.5,10.5,0.0641354553358249
18.5,11.5,0.00710088539459243
0,0,0
0,0,0
0,0,0
0,0,0
0,0,0
0,0,0
0,0,0
