"X","Y","Z"
0.5,0.5,123.911603090004
0.5,1.5,271.577213167162
0.5,2.5,443.383738794641
0.5,3.5,642.954958321184
0.5,4.5,873.392263250182
0.5,5.5,1134.9126958037
0.5,6.5,1418.1148411373
0.5,7.5,1687.00408982597
0.5,8.5,1859.06026125708
0.5,9.5,1876.40375234326
0.5,10.5,1854.0713696379
0.5,11.5,1996.57416514599
0.5,12.5,2490.63525022482
0.5,13.5,3526.83448762534
0.5,14.5,5340.48399860448
0.5,15.5,8247.32156728799
0.5,16.5,12682.6431140012
0.5,17.5,19251.4654580868
0.5,18.5,28796.2756529951
1.5,0.5,53.1830751917673
1.5,1.5,204.44742523468
1.5,2.5,383.558944300998
1.5,3.5,596.404583330327
1.5,4.5,850.124210623702
1.5,5.5,1152.50161106068
1.5,6.5,1508.33108235671
1.5,7.5,1900.3243985362
1.5,8.5,2185.8061288366
1.5,9.5,2078.70207730073
1.5,10.5,1844.66158878888
1.5,11.5,1815.34838997645
1.5,12.5,2158.25731431956
1.5,13.5,3036.95754079713
1.5,14.5,4662.78890951363
1.5,15.5,7324.8801007952
1.5,16.5,11423.2138713111
1.5,17.5,17511.6873004244
1.5,18.5,26355.8580544292
0,0,0
2.5,1.5,82.7085810304053
2.5,2.5,255.657189530927
2.5,3.5,463.429662265088
2.5,4.5,714.667875548085
2.5,5.5,1020.72636873047
2.5,6.5,1396.23100705571
2.5,7.5,1857.03805245042
2.5,8.5,2309.85031340633
2.5,9.5,2014.05549246315
2.5,10.5,1589.16096127679
2.5,11.5,1428.55939780378
2.5,12.5,1639.4146512229
2.5,13.5,2357.6540308131
2.5,14.5,3770.53069249938
2.5,15.5,6136.97749653769
2.5,16.5,9814.0303722336
2.5,17.5,15291.914842006
2.5,18.5,23240.2282089648
0,0,0
0,0,0
3.5,2.5,56.949810425262
3.5,3.5,238.887722938671
3.5,4.5,456.696061473902
3.5,5.5,716.478314571335
3.5,6.5,1020.37109514249
3.5,7.5,1346.59955471146
3.5,8.5,1549.30538282864
3.5,9.5,1353.35373155552
3.5,10.5,1003.80770535301
3.5,11.5,813.821247192017
3.5,12.5,934.701320457127
3.5,13.5,1504.04348058802
3.5,14.5,2693.63224934039
3.5,15.5,4733.29548671555
3.5,16.5,7934.23962831351
3.5,17.5,12717.1924283739
3.5,18.5,19647.3790090933
0,0,0
0,0,0
0,0,0
0,0,0
4.5,4.5,90.5695498000779
4.5,5.5,268.584053831775
4.5,6.5,451.481904531084
4.5,7.5,597.936242483933
4.5,8.5,620.332780070927
4.5,9.5,453.741028849562
4.5,10.5,194.214444213791
4.5,11.5,18.4455437130144
4.5,12.5,77.3389851831113
4.5,13.5,509.885452778421
4.5,14.5,1474.86491518556
4.5,15.5,3174.09876915742
4.5,16.5,5873.00263808874
4.5,17.5,9922.63303607957
4.5,18.5,15784.7862554433
0,0,0
0,0,0
0,0,0
0,0,0
0,0,0
0,0,0
0,0,0
0,0,0
0,0,0
0,0,0
0,0,0
0,0,0
0,0,0
0,0,0
5.5,14.5,164.575846764283
5.5,15.5,1523.84205376505
5.5,16.5,3720.1345453023
5.5,17.5,7038.74338244997
5.5,18.5,11845.8706643705
0,0,0
0,0,0
0,0,0
0,0,0
0,0,0
0,0,0
0,0,0
0,0,0
0,0,0
0,0,0
0,0,0
0,0,0
0,0,0
0,0,0
0,0,0
0,0,0
6.5,16.5,1558.05284085024
6.5,17.5,4180.15494615356
6.5,18.5,7993.52936754305
0,0,0
0,0,0
0,0,0
0,0,0
0,0,0
0,0,0
0,0,0
0,0,0
0,0,0
0,0,0
0,0,0
0,0,0
0,0,0
0,0,0
0,0,0
0,0,0
0,0,0
7.5,17.5,1438.84897551158
7.5,18.5,4351.82141157667
0,0,0
0,0,0
0,0,0
0,0,0
0,0,0
0,0,0
0,0,0
0,0,0
0,0,0
0,0,0
0,0,0
0,0,0
0,0,0
0,0,0
0,0,0
0,0,0
0,0,0
0,0,0
8.5,18.5,1004.8638536618
0,0,0
0,0,0
0,0,0
0,0,0
0,0,0
0,0,0
0,0,0
0,0,0
0,0,0
0,0,0
0,0,0
0,0,0
0,0,0
0,0,0
0,0,0
0,0,0
0,0,0
0,0,0
0,0,0
0,0,0
0,0,0
0,0,0
0,0,0
0,0,0
0,0,0
0,0,0
0,0,0
0,0,0
0,0,0
0,0,0
0,0,0
0,0,0
0,0,0
0,0,0
0,0,0
0,0,0
0,0,0
0,0,0
0,0,0
0,0,0
0,0,0
0,0,0
0,0,0
0,0,0
0,0,0
0,0,0
0,0,0
0,0,0
0,0,0
0,0,0
0,0,0
0,0,0
0,0,0
0,0,0
0,0,0
0,0,0
0,0,0
0,0,0
0,0,0
0,0,0
0,0,0
0,0,0
0,0,0
0,0,0
0,0,0
0,0,0
0,0,0
0,0,0
0,0,0
0,0,0
0,0,0
0,0,0
0,0,0
0,0,0
0,0,0
0,0,0
0,0,0
0,0,0
0,0,0
0,0,0
0,0,0
0,0,0
0,0,0
0,0,0
0,0,0
0,0,0
0,0,0
0,0,0
0,0,0
0,0,0
0,0,0
0,0,0
0,0,0
0,0,0
0,0,0
0,0,0
0,0,0
0,0,0
0,0,0
0,0,0
0,0,0
0,0,0
0,0,0
0,0,0
0,0,0
0,0,0
0,0,0
0,0,0
0,0,0
0,0,0
0,0,0
0,0,0
0,0,0
0,0,0
0,0,0
0,0,0
0,0,0
0,0,0
0,0,0
0,0,0
0,0,0
0,0,0
0,0,0
0,0,0
0,0,0
0,0,0
0,0,0
0,0,0
0,0,0
0,0,0
0,0,0
0,0,0
0,0,0
0,0,0
0,0,0
0,0,0
0,0,0
0,0,0
0,0,0
0,0,0
0,0,0
0,0,0
0,0,0
0,0,0
0,0,0
0,0,0
0,0,0
0,0,0
0,0,0
0,0,0
0,0,0
0,0,0
0,0,0
0,0,0
0,0,0
0,0,0
0,0,0
0,0,0
0,0,0
0,0,0
0,0,0
0,0,0
0,0,0
0,0,0
0,0,0
0,0,0
0,0,0
0,0,0
0,0,0
0,0,0
0,0,0
0,0,0
0,0,0
0,0,0
0,0,0
0,0,0
0,0,0
0,0,0
0,0,0
0,0,0
0,0,0
0,0,0
0,0,0
0,0,0
0,0,0
0,0,0
0,0,0
0,0,0
0,0,0
0,0,0
