"X","Y","Z"
0.5,0.5,613.446528084522
0.5,1.5,702.890127121265
0.5,2.5,802.435161370484
0.5,3.5,911.671198507649
0.5,4.5,1029.10582302038
0.5,5.5,1151.51156576427
0.5,6.5,1273.0733012746
0.5,7.5,1384.57014265185
0.5,8.5,1473.35227706901
0.5,9.5,1525.48377135055
0.5,10.5,1530.75804001542
0.5,11.5,1487.99830857849
0.5,12.5,1405.7383952617
0.5,13.5,1297.55387488212
0.5,14.5,1176.62333360257
0.5,15.5,1052.95898534627
0.5,16.5,933.109612757385
0.5,17.5,820.915475018541
0.5,18.5,718.378158728379
1.5,0.5,652.514744441391
1.5,1.5,752.020360225848
1.5,2.5,864.432841563924
1.5,3.5,990.118470091569
1.5,4.5,1128.46586274687
1.5,5.5,1277.04390420005
1.5,6.5,1430.21587584467
1.5,7.5,1577.14475600889
1.5,8.5,1699.95761541138
1.5,9.5,1775.16854085123
1.5,10.5,1783.02519404518
1.5,11.5,1721.14431596878
1.5,12.5,1606.46801532778
1.5,13.5,1462.7575244755
1.5,14.5,1309.43700036332
1.5,15.5,1158.77592764941
1.5,16.5,1017.39442151319
1.5,17.5,888.348635669496
1.5,18.5,772.648705207916
2.5,0.5,685.158983278589
2.5,1.5,793.591068129133
2.5,2.5,917.729197255377
2.5,3.5,1058.94062647978
2.5,4.5,1217.97203135197
2.5,5.5,1394.12463284561
2.5,6.5,1583.57346318182
2.5,7.5,1776.02230343263
2.5,8.5,1948.94052423286
2.5,9.5,2062.86108367252
2.5,10.5,2075.29104160987
2.5,11.5,1980.51407733936
2.5,12.5,1816.48460118418
2.5,13.5,1625.66875204539
2.5,14.5,1434.15854362431
2.5,15.5,1254.3669933789
2.5,16.5,1091.19185774198
2.5,17.5,945.862477575531
2.5,18.5,817.897568882199
3.5,0.5,709.302539418358
3.5,1.5,824.657497081471
3.5,2.5,958.098453253077
3.5,3.5,1112.01341631847
3.5,4.5,1288.71492062741
3.5,5.5,1489.93988658369
3.5,6.5,1715.58979793847
3.5,7.5,1960.36147233423
3.5,8.5,2204.21145758516
3.5,9.5,2388.68796252211
3.5,10.5,2410.75049345044
3.5,11.5,2252.90874551709
3.5,12.5,2015.01985487349
3.5,13.5,1767.79536237814
3.5,14.5,1537.08648508333
3.5,15.5,1330.26251085987
3.5,16.5,1148.16298868376
3.5,17.5,989.318299313915
3.5,18.5,851.501202655547
4.5,0.5,723.233702567246
4.5,1.5,842.712971667571
4.5,2.5,981.785653093194
4.5,3.5,1143.56497647564
4.5,4.5,1331.56772265266
4.5,5.5,1549.65048807752
4.5,6.5,1801.71556696902
4.5,7.5,2090.58702291341
4.5,8.5,2413.01730903399
4.5,9.5,2727.45206417734
4.5,10.5,2776.48851457014
4.5,11.5,2486.11114469926
4.5,12.5,2158.78840006933
4.5,13.5,1861.78067396293
4.5,14.5,1601.73401459506
4.5,15.5,1376.45135908408
4.5,16.5,1182.12099684651
4.5,17.5,1014.84366286464
4.5,18.5,871.025928507846
5.5,0.5,725.894220023923
5.5,1.5,846.173408292756
5.5,2.5,986.345928363352
5.5,3.5,1149.67590506564
5.5,4.5,1339.93935885642
5.5,5.5,1561.47454293584
5.5,6.5,1819.17967734505
5.5,7.5,2118.27961746909
5.5,8.5,2462.80469374207
5.5,9.5,2839.97806841607
5.5,10.5,2912.50708268062
5.5,11.5,2544.28237122161
5.5,12.5,2189.88608335026
5.5,13.5,1881.00535885025
5.5,14.5,1614.62593283378
5.5,15.5,1385.55603470331
5.5,16.5,1188.79084515641
5.5,17.5,1019.86733535327
5.5,18.5,874.892086469592
6.5,0.5,717.079869635466
6.5,1.5,834.730453712149
6.5,2.5,971.296717906018
6.5,3.5,1129.55599799637
6.5,4.5,1312.45792251796
6.5,5.5,1522.83664655736
6.5,6.5,1762.58739639885
6.5,7.5,2030.15037513313
6.5,8.5,2311.7063836725
6.5,9.5,2547.36233673078
6.5,10.5,2578.05935939643
6.5,11.5,2371.20466990104
6.5,12.5,2091.62750445592
6.5,13.5,1819.00088769659
6.5,14.5,1572.77706649598
6.5,15.5,1356.04019262984
6.5,16.5,1167.33116815973
6.5,17.5,1003.9180147372
6.5,18.5,862.839817849753
7.5,0.5,697.483231850034
7.5,1.5,809.428340023753
7.5,2.5,938.263057781847
7.5,3.5,1085.83759260736
7.5,4.5,1253.61724338643
7.5,5.5,1441.97142744321
7.5,6.5,1648.58131368365
7.5,7.5,1864.79852032906
7.5,8.5,2067.71464956782
7.5,9.5,2208.56770576763
7.5,10.5,2224.43097502621
7.5,11.5,2106.10232271326
7.5,12.5,1911.51301376092
7.5,13.5,1695.48725569474
7.5,14.5,1485.68187848859
7.5,15.5,1292.99026461073
7.5,16.5,1120.69179413371
7.5,17.5,968.8152668038
7.5,18.5,836.048814071195
8.5,0.5,668.563730535055
8.5,1.5,772.432601197074
8.5,2.5,890.54227846849
8.5,3.5,1023.6981049159
8.5,4.5,1171.85262255336
8.5,5.5,1333.2350538024
8.5,6.5,1502.77301520076
8.5,7.5,1669.4450163895
8.5,8.5,1812.91434374981
8.5,9.5,1903.25496447042
8.5,10.5,1912.81142005872
8.5,11.5,1838.14066492582
8.5,12.5,1703.39243472918
8.5,13.5,1539.61595896402
8.5,14.5,1369.49000439882
8.5,15.5,1205.78152055602
8.5,16.5,1054.57339592983
8.5,17.5,918.16951378078
8.5,18.5,796.88647176038
9.5,0.5,632.294048712706
9.5,1.5,726.59509703315
9.5,2.5,832.325436284767
9.5,3.5,949.396056390276
9.5,4.5,1076.63608005949
9.5,5.5,1211.03463574458
9.5,6.5,1346.64940236406
9.5,7.5,1473.33352458894
9.5,8.5,1576.12829496932
9.5,9.5,1637.38994434396
9.5,10.5,1643.51827163542
9.5,11.5,1592.99655472956
9.5,12.5,1497.45033149458
9.5,13.5,1374.41626770023
9.5,14.5,1239.75988184871
9.5,15.5,1104.62767292654
9.5,16.5,975.704560715243
9.5,17.5,856.479072050054
9.5,18.5,748.414396753145
10.5,0.5,590.867435335727
10.5,1.5,674.985251827548
10.5,2.5,767.933431073681
10.5,3.5,869.011163557606
10.5,4.5,976.415997941764
10.5,5.5,1086.70133753772
10.5,6.5,1194.19464475922
10.5,7.5,1290.64570926281
10.5,8.5,1365.6669802076
10.5,9.5,1408.69069853348
10.5,10.5,1412.47686848583
10.5,11.5,1376.37571495559
10.5,12.5,1306.67231429669
10.5,13.5,1213.66511822205
10.5,14.5,1107.96122390775
10.5,15.5,998.187023145984
10.5,16.5,890.368737968309
10.5,17.5,788.244904332706
10.5,18.5,693.854576510542
11.5,0.5,546.442252473408
11.5,1.5,620.524015177348
11.5,2.5,701.311908394529
11.5,3.5,787.803512146673
11.5,4.5,877.972597906361
11.5,5.5,968.390039250745
11.5,6.5,1053.98168012427
11.5,7.5,1128.18691630219
11.5,8.5,1183.76081253045
11.5,9.5,1214.25093586099
11.5,10.5,1215.78150924725
11.5,11.5,1188.3406339418
11.5,12.5,1135.76765604684
11.5,13.5,1064.41096369819
11.5,14.5,981.299598146337
11.5,15.5,892.733103951564
11.5,16.5,803.615710594604
11.5,17.5,717.374237983092
11.5,18.5,636.172528428969
12.5,0.5,500.9624889334
12.5,1.5,565.770301552218
12.5,2.5,635.832340200922
12.5,3.5,710.171206766906
12.5,4.5,786.851295366946
12.5,5.5,862.574239526656
12.5,6.5,932.530550315884
12.5,7.5,990.928086681341
12.5,8.5,1032.26733191905
12.5,9.5,1052.72613059459
12.5,10.5,1050.88122516441
12.5,11.5,1027.66955412424
12.5,12.5,985.937138088664
12.5,13.5,929.78050444647
12.5,14.5,863.781301892185
12.5,15.5,792.3119730294
12.5,16.5,719.075946690011
12.5,17.5,646.918031034063
12.5,18.5,577.837303352317
13.5,0.5,456.050746747715
13.5,1.5,512.825774192824
13.5,2.5,574.29378877905
13.5,3.5,639.961905105081
13.5,4.5,708.398491841391
13.5,5.5,776.367946942815
13.5,6.5,838.224311665556
13.5,7.5,886.873421373692
13.5,8.5,916.73733376558
13.5,9.5,926.295267683249
13.5,10.5,917.522840131335
13.5,11.5,893.511023434229
13.5,12.5,857.086234240574
13.5,13.5,810.817903768278
13.5,14.5,757.317562533445
13.5,15.5,699.246734872504
13.5,16.5,639.111149154537
13.5,17.5,579.052512617039
13.5,18.5,520.739505576931
14.5,0.5,412.942263379058
14.5,1.5,463.269226226319
14.5,2.5,518.918215243175
14.5,3.5,580.753784696979
14.5,4.5,648.925531317634
14.5,5.5,720.605215441284
14.5,6.5,787.014105356153
14.5,7.5,834.271439133767
14.5,8.5,852.373159354988
14.5,9.5,843.750005977883
14.5,10.5,818.829554526924
14.5,11.5,786.042158591468
14.5,12.5,748.719447930336
14.5,13.5,707.455738215376
14.5,14.5,662.504676237214
14.5,15.5,614.63852639355
14.5,16.5,565.079911051175
14.5,17.5,515.189850540711
14.5,18.5,466.215155145469
15.5,0.5,372.427510248144
15.5,1.5,418.022752951567
15.5,2.5,471.06171014549
15.5,3.5,535.439280121503
15.5,4.5,615.876445510455
15.5,5.5,713.03508974036
15.5,6.5,812.015775822983
15.5,7.5,876.08967468203
15.5,8.5,875.401204511162
15.5,9.5,824.845393258334
15.5,10.5,761.576350376097
15.5,11.5,705.985356635253
15.5,12.5,659.875147952411
15.5,13.5,618.839753683038
15.5,14.5,579.064118155511
15.5,15.5,538.745247671653
15.5,16.5,497.599675608622
15.5,17.5,456.133345396552
15.5,18.5,415.124318761785
16.5,0.5,334.806993334984
16.5,1.5,377.134406493787
16.5,2.5,430.453918840511
16.5,3.5,504.146527822665
16.5,4.5,613.885314271578
16.5,5.5,776.228560449104
16.5,6.5,976.606891543914
16.5,7.5,1111.25522244761
16.5,8.5,1063.11882149562
16.5,9.5,900.827740749391
16.5,10.5,751.659356400593
16.5,11.5,651.74924395553
16.5,12.5,588.099061032212
16.5,13.5,543.213389735791
16.5,14.5,506.048872514215
16.5,15.5,471.242866035339
16.5,16.5,436.765557584558
16.5,17.5,402.232016253574
16.5,18.5,367.948796166048
17.5,0.5,299.924243939474
17.5,1.5,339.676310808297
17.5,2.5,394.380249678506
17.5,3.5,480.570395093032
17.5,4.5,632.293155110801
17.5,5.5,909.378279746003
17.5,6.5,1361.61705637347
17.5,7.5,1757.06517723036
17.5,8.5,1544.32338644854
17.5,9.5,1083.58159558365
17.5,10.5,776.70104642677
17.5,11.5,613.698076697931
17.5,12.5,528.045491161152
17.5,13.5,477.767608598877
17.5,14.5,442.001590778945
17.5,15.5,411.430190381879
17.5,16.5,382.32966180333
17.5,17.5,353.517814869874
17.5,18.5,324.888981613874
18.5,0.5,267.362537975428
18.5,1.5,304.137495048272
18.5,2.5,358.249335262958
18.5,3.5,451.245078149095
18.5,4.5,632.449875382889
18.5,5.5,1012.21595075324
18.5,6.5,1818.59399348855
18.5,7.5,3049.18853113736
18.5,8.5,2229.03318222785
18.5,9.5,1245.24802090352
18.5,10.5,782.282882435983
18.5,11.5,571.607960987452
18.5,12.5,471.893915238549
18.5,13.5,419.117766190607
18.5,14.5,385.264808449951
18.5,15.5,358.438723576669
18.5,16.5,333.855201509585
18.5,17.5,309.822050131759
18.5,18.5,285.950771765685
