"X","Y","Z"
0.5,0.5,611.838723236586
0.5,1.5,636.709981279437
0.5,2.5,662.720883358558
0.5,3.5,690.79461597013
0.5,4.5,721.365593768307
0.5,5.5,754.54391329843
0.5,6.5,790.311182145401
0.5,7.5,828.647655753525
0.5,8.5,869.592676114741
0.5,9.5,913.265651157026
0.5,10.5,959.868645909714
0.5,11.5,1009.6807626198
0.5,12.5,1063.04630600777
0.5,13.5,1120.35334278956
0.5,14.5,1181.99539495092
0.5,15.5,1248.30585729602
0.5,16.5,1319.45243466229
0.5,17.5,1395.27884200744
0.5,18.5,1475.0864955728
1.5,0.5,633.395532240736
1.5,1.5,654.696384360262
1.5,2.5,677.570893420521
1.5,3.5,703.605424369468
1.5,4.5,733.24680916883
1.5,5.5,766.393142919491
1.5,6.5,802.8229179772
1.5,7.5,842.394606400843
1.5,8.5,885.111935625631
1.5,9.5,931.133834017667
1.5,10.5,980.768709553774
1.5,11.5,1034.46722496884
1.5,12.5,1092.81459509651
1.5,13.5,1156.51639663457
1.5,14.5,1226.366785213
1.5,15.5,1303.18285979701
1.5,16.5,1387.68323984104
1.5,17.5,1480.28378278799
1.5,18.5,1580.78225754928
2.5,0.5,663.551812527646
2.5,1.5,676.980503742527
2.5,2.5,693.782436329182
2.5,3.5,716.162176170505
2.5,4.5,744.049051643175
2.5,5.5,776.729491705626
2.5,6.5,813.56668744008
2.5,7.5,854.203101148868
2.5,8.5,898.57415057999
2.5,9.5,946.878227142782
2.5,10.5,999.551684859087
2.5,11.5,1057.2588778117
2.5,12.5,1120.89327616594
2.5,13.5,1191.57952114746
2.5,14.5,1270.66103710862
2.5,15.5,1359.65070309142
2.5,16.5,1460.11205343702
2.5,17.5,1573.4256982106
2.5,18.5,1700.38218550937
3.5,0.5,705.720294137653
3.5,1.5,703.505369389788
3.5,2.5,710.4900488237
3.5,3.5,727.721021569414
3.5,4.5,753.263888203366
3.5,5.5,785.199203286745
3.5,6.5,822.259311112345
3.5,7.5,863.804338770211
3.5,8.5,909.689907719683
3.5,9.5,960.165351096768
3.5,10.5,1015.82221455351
3.5,11.5,1077.58429729891
3.5,12.5,1146.72571381767
3.5,13.5,1224.90209624644
3.5,14.5,1314.17604846125
3.5,15.5,1417.0091388854
3.5,16.5,1536.17775555501
3.5,17.5,1674.54806333218
3.5,18.5,1834.61583566107
4.5,0.5,756.68437892135
4.5,1.5,729.510231239445
4.5,2.5,724.818822701672
4.5,3.5,736.842790544441
4.5,4.5,760.185503293237
4.5,5.5,791.415084247064
4.5,6.5,828.629685931909
4.5,7.5,870.949138703197
4.5,8.5,918.185132284712
4.5,9.5,970.667175846622
4.5,10.5,1029.1740635022
4.5,11.5,1094.93470011843
4.5,12.5,1169.67561010148
4.5,13.5,1255.69800805714
4.5,14.5,1355.96492273814
4.5,15.5,1474.16835472503
4.5,16.5,1614.72617483607
4.5,17.5,1782.62590060266
4.5,18.5,1982.98539162731
5.5,0.5,788.046076114994
5.5,1.5,743.440241326714
5.5,2.5,732.544447774264
5.5,3.5,742.032209190188
5.5,4.5,764.275533480128
5.5,5.5,795.139229229515
5.5,6.5,832.506069478345
5.5,7.5,875.450513523388
5.5,8.5,923.82472460697
5.5,9.5,978.07767426694
5.5,10.5,1039.20425372001
5.5,11.5,1108.77635023081
5.5,12.5,1189.03528390537
5.5,13.5,1283.03365842908
5.5,14.5,1394.81201060585
5.5,15.5,1529.58306502891
5.5,16.5,1693.87066103548
5.5,17.5,1895.50554761555
5.5,18.5,2143.30979840093
6.5,0.5,766.762321565801
6.5,1.5,737.77624273269
6.5,2.5,732.213997955066
6.5,3.5,743.347326236459
6.5,4.5,765.822830244634
6.5,5.5,796.554181756306
6.5,6.5,833.925249307951
6.5,7.5,877.22885589581
6.5,8.5,926.435184400151
6.5,9.5,982.129271150383
6.5,10.5,1045.52924627167
6.5,11.5,1118.56782906642
6.5,12.5,1204.04239067802
6.5,13.5,1305.83868109354
6.5,14.5,1429.22583348716
6.5,15.5,1581.20566504334
6.5,16.5,1770.86973192286
6.5,17.5,2009.660156144
6.5,18.5,2311.3267770484
7.5,0.5,725.019364814245
7.5,1.5,723.21072830164
7.5,2.5,729.269229699975
7.5,3.5,743.999505813571
7.5,4.5,766.598018675471
7.5,5.5,796.502488878312
7.5,6.5,833.207182576084
7.5,7.5,876.333689262369
7.5,8.5,925.915053250736
7.5,9.5,982.60473759126
7.5,10.5,1047.80174265924
7.5,11.5,1123.78261096113
7.5,12.5,1213.90764887656
7.5,13.5,1322.93514165341
7.5,14.5,1457.45907663482
7.5,15.5,1626.47202354261
7.5,16.5,1842.02799162515
7.5,17.5,2119.91837084741
7.5,18.5,2480.14276454259
8.5,0.5,700.483989531647
8.5,1.5,720.043544645623
8.5,2.5,736.099963775181
8.5,3.5,751.259759692707
8.5,4.5,770.248153457282
8.5,5.5,796.533431330887
8.5,6.5,830.910493145555
8.5,7.5,872.906915843513
8.5,8.5,922.220894755226
8.5,9.5,979.340674853586
8.5,10.5,1045.72721698689
8.5,11.5,1123.93783121613
8.5,12.5,1217.85718312645
8.5,13.5,1333.09432421039
8.5,14.5,1477.57534658158
8.5,15.5,1662.35762024173
8.5,16.5,1902.68093699949
8.5,17.5,2219.22609669642
8.5,18.5,2639.42908082904
9.5,0.5,710.067586459565
9.5,1.5,752.722406354751
9.5,2.5,774.259241056604
9.5,3.5,777.859889276013
9.5,4.5,782.175299610987
9.5,5.5,798.461000355524
9.5,6.5,827.546328261212
9.5,7.5,867.054895824698
9.5,8.5,915.323523466254
9.5,9.5,972.22268078005
9.5,10.5,1039.08063170046
9.5,11.5,1118.63003651318
9.5,12.5,1215.19246339561
9.5,13.5,1335.13057240091
9.5,14.5,1487.58827034849
9.5,15.5,1685.56682175241
9.5,16.5,1947.40820455629
9.5,17.5,2298.75616165552
9.5,18.5,2775.00712817005
10.5,0.5,771.168238810134
10.5,1.5,865.518849365336
10.5,2.5,886.594090680401
10.5,3.5,842.645743520567
10.5,4.5,806.928401921495
10.5,5.5,802.757251090963
10.5,6.5,822.947419852494
10.5,7.5,858.644449499419
10.5,8.5,905.152415994486
10.5,9.5,961.180286601426
10.5,10.5,1027.72534931475
10.5,11.5,1107.57716615804
10.5,12.5,1205.36660696481
10.5,13.5,1328.03399691268
10.5,14.5,1485.68690426129
10.5,15.5,1692.9062576066
10.5,16.5,1970.62972712799
10.5,17.5,2348.80055883446
10.5,18.5,2870.01328367975
11.5,0.5,890.50894912397
11.5,1.5,1145.99832641343
11.5,2.5,1151.55058935222
11.5,3.5,951.461851386663
11.5,4.5,838.031172931595
11.5,5.5,805.59952904378
11.5,6.5,815.600101291646
11.5,7.5,847.179432114155
11.5,8.5,891.583190071105
11.5,9.5,946.197345332218
11.5,10.5,1011.63618846473
11.5,11.5,1090.66259700646
11.5,12.5,1188.06793534794
11.5,13.5,1311.12712542135
11.5,14.5,1470.52646138827
11.5,15.5,1681.82114945426
11.5,16.5,1967.59234968147
11.5,17.5,2360.58325134332
11.5,18.5,2908.22568283419
12.5,0.5,967.859630729737
12.5,1.5,1482.63253468276
12.5,2.5,1443.88991005437
12.5,3.5,1016.25657721886
12.5,4.5,846.601720367032
12.5,5.5,798.515810874818
12.5,6.5,803.090718825782
12.5,7.5,832.032379091808
12.5,8.5,874.526855525039
12.5,9.5,927.347779431764
12.5,10.5,990.924346707032
12.5,11.5,1067.97256836915
12.5,12.5,1163.29314458327
12.5,13.5,1284.21130882531
12.5,14.5,1441.51861729394
12.5,15.5,1650.96855292358
12.5,16.5,1935.50595778528
12.5,17.5,2328.53510350639
12.5,18.5,2878.68768593268
13.5,0.5,864.392767674246
13.5,1.5,1116.79013179427
13.5,2.5,1122.33472131654
13.5,3.5,924.144425567911
13.5,4.5,810.418195079094
13.5,5.5,776.48827245798
13.5,6.5,784.254451445262
13.5,7.5,813.021440144225
13.5,8.5,854.087748183587
13.5,9.5,904.840095086923
13.5,10.5,965.85427167828
13.5,11.5,1039.81514579706
13.5,12.5,1131.38834494591
13.5,13.5,1247.65859526892
13.5,14.5,1399.02907618771
13.5,15.5,1600.63221530615
13.5,16.5,1874.40882770834
13.5,17.5,2252.10909192975
13.5,18.5,2779.57185205916
14.5,0.5,719.247454182681
14.5,1.5,812.631658404203
14.5,2.5,833.605664806129
14.5,3.5,789.512415785746
14.5,4.5,752.212416922921
14.5,5.5,744.892529861101
14.5,6.5,760.625142352468
14.5,7.5,790.744573623657
14.5,8.5,830.642244691268
14.5,9.5,879.03109482272
14.5,10.5,936.838960683122
14.5,11.5,1006.71039352346
14.5,12.5,1093.04060060527
14.5,13.5,1202.41283883813
14.5,14.5,1344.40419694288
14.5,15.5,1532.80789936926
14.5,16.5,1787.38123589723
14.5,17.5,2136.26938234645
14.5,18.5,2619.26175944085
15.5,0.5,629.333113857276
15.5,1.5,673.242551486564
15.5,2.5,695.956834706402
15.5,3.5,699.184422750698
15.5,4.5,700.941487593891
15.5,5.5,712.506048503619
15.5,6.5,734.982964218322
15.5,7.5,766.239852197081
15.5,8.5,804.745050334053
15.5,9.5,850.387029597669
15.5,10.5,904.407973757356
15.5,11.5,969.348871440609
15.5,12.5,1049.21524370885
15.5,13.5,1149.88921409736
15.5,14.5,1279.80211339565
15.5,15.5,1450.904798845
15.5,16.5,1679.98805641895
15.5,17.5,1990.39118787268
15.5,18.5,2414.05719182309
16.5,0.5,586.089149657851
16.5,1.5,611.471231086818
16.5,2.5,631.745472101236
16.5,3.5,647.484272144853
16.5,4.5,663.401943403776
16.5,5.5,683.532990668718
16.5,6.5,709.23061810255
16.5,7.5,740.406169909557
16.5,8.5,776.956971968285
16.5,9.5,819.415637972084
16.5,10.5,869.156885041565
16.5,11.5,928.525771801399
16.5,12.5,1001.05008441358
16.5,13.5,1091.79296658363
16.5,14.5,1207.87089887552
16.5,15.5,1359.1551175939
16.5,16.5,1559.15929989235
16.5,17.5,1826.06673556624
16.5,18.5,2183.72848784451
17.5,0.5,573.166235385009
17.5,1.5,586.055439122087
17.5,2.5,600.667205331147
17.5,3.5,617.02118699795
17.5,4.5,635.86385029594
17.5,5.5,658.039564207656
17.5,6.5,683.958193290379
17.5,7.5,713.763454005454
17.5,8.5,747.740855627467
17.5,9.5,786.610182779259
17.5,10.5,831.694770462179
17.5,11.5,885.065381720401
17.5,12.5,949.72971192347
17.5,13.5,1029.90156884018
17.5,14.5,1131.36329819317
17.5,15.5,1261.91983048723
17.5,16.5,1431.91518750172
17.5,17.5,1654.72214868415
17.5,18.5,1946.99625769326
18.5,0.5,585.818855183628
18.5,1.5,581.77004467373
18.5,2.5,586.093573312976
18.5,3.5,597.419003887152
18.5,4.5,614.058458701846
18.5,5.5,634.829879114624
18.5,6.5,659.07216744791
18.5,7.5,686.553436251533
18.5,8.5,717.458242650867
18.5,9.5,752.424183167044
18.5,10.5,792.603025937613
18.5,11.5,839.752054872211
18.5,12.5,896.366830759109
18.5,13.5,965.860287816695
18.5,14.5,1052.78492712866
18.5,15.5,1163.08264490383
18.5,16.5,1304.32108245146
18.5,17.5,1485.82304271577
18.5,18.5,1718.50263999791
