"X","Y","Z"
0.5,0.5,4888.63435221391
0.5,1.5,4408.0004352109
0.5,2.5,3956.03391994291
0.5,3.5,3537.54778720165
0.5,4.5,3154.34508768086
0.5,5.5,2806.3079202749
0.5,6.5,2492.14398354683
0.5,7.5,2209.88579672985
0.5,8.5,1957.21880757827
0.5,9.5,1731.69358047094
0.5,10.5,1530.86027646443
0.5,11.5,1352.3513447645
0.5,12.5,1193.92985921404
0.5,13.5,1053.51519730535
0.5,14.5,929.193913157906
0.5,15.5,819.221080507936
0.5,16.5,722.015653410315
0.5,17.5,636.152227970799
0.5,18.5,560.350800585131
1.5,0.5,4483.97010542554
1.5,1.5,4071.0317114632
1.5,2.5,3676.11196571422
1.5,3.5,3305.17810622037
1.5,4.5,2961.37883418295
1.5,5.5,2645.90029692707
1.5,6.5,2358.61514752486
1.5,7.5,2098.55362892697
1.5,8.5,1864.23598870904
1.5,9.5,1653.90218330605
1.5,10.5,1465.66763279776
1.5,11.5,1297.62663196061
1.5,12.5,1147.91912578107
1.5,13.5,1014.77206845192
1.5,14.5,896.523300312007
1.5,15.5,791.633523176727
1.5,16.5,698.690285242166
1.5,17.5,616.406708949032
1.5,18.5,543.616865711997
2.5,0.5,4082.79756864469
2.5,1.5,3731.08615193613
2.5,2.5,3389.42392979444
2.5,3.5,3064.08698345389
2.5,4.5,2758.93039202078
2.5,5.5,2475.99251180507
2.5,6.5,2216.00491104446
2.5,7.5,1978.79461245024
2.5,8.5,1763.58828036543
2.5,9.5,1569.23564037329
2.5,10.5,1394.36989007867
2.5,11.5,1237.52053404544
2.5,12.5,1097.19104859037
2.5,13.5,971.910933107244
2.5,14.5,860.269327046514
2.5,15.5,760.935501852148
2.5,16.5,672.670114126966
2.5,17.5,594.330043835324
2.5,18.5,524.868857113845
3.5,0.5,3695.85183793753
3.5,1.5,3398.00417683133
3.5,2.5,3104.5484355176
3.5,3.5,2821.52313665747
3.5,4.5,2553.00548799076
3.5,5.5,2301.49956356482
3.5,6.5,2068.30554318082
3.5,7.5,1853.83754239466
3.5,8.5,1657.88133539218
3.5,9.5,1479.79519968977
3.5,10.5,1318.66196547396
3.5,11.5,1173.40146269997
3.5,12.5,1042.85192902365
3.5,13.5,925.827659936567
3.5,14.5,821.158787572089
3.5,15.5,727.717801934706
3.5,16.5,644.436358122775
3.5,17.5,570.315052869288
3.5,18.5,504.428180719847
4.5,0.5,3329.9608996655
4.5,1.5,3078.63704386676
4.5,2.5,2827.87787874614
4.5,3.5,2583.18517108342
4.5,4.5,2348.53514439591
4.5,5.5,2126.60428327605
4.5,6.5,1919.0180896326
4.5,7.5,1726.58668821228
4.5,8.5,1549.51020275555
4.5,9.5,1387.54857309581
4.5,10.5,1240.15687474703
4.5,11.5,1106.59015820013
4.5,12.5,985.982794258973
4.5,13.5,877.407243871225
4.5,14.5,779.916633133249
4.5,15.5,692.574819590047
4.5,16.5,614.476943170307
4.5,17.5,544.762834622687
4.5,18.5,482.62512962964
5.5,0.5,2989.01099584517
5.5,1.5,2777.38859602196
5.5,2.5,2563.87224346578
5.5,3.5,2353.30043607413
5.5,4.5,2149.35879385243
5.5,5.5,1954.69469034684
5.5,6.5,1771.0730517024
5.5,7.5,1599.54141614785
5.5,8.5,1440.58543597123
5.5,9.5,1294.26550377846
5.5,10.5,1160.33130434969
5.5,11.5,1038.31462924069
5.5,12.5,927.602578251545
5.5,13.5,827.493977969025
5.5,14.5,737.241940564241
5.5,15.5,656.085266165461
5.5,16.5,583.271039139852
5.5,17.5,518.070382803512
5.5,18.5,459.788969671896
6.5,0.5,2674.78410048607
6.5,1.5,2496.77717543712
6.5,2.5,2315.40016630392
6.5,3.5,2134.80875475199
6.5,4.5,1958.30532335032
6.5,5.5,1788.38303004688
6.5,6.5,1626.8150748679
6.5,7.5,1474.76411238016
6.5,8.5,1332.89478615905
6.5,9.5,1201.4791471982
6.5,10.5,1080.48972109418
6.5,11.5,969.678318649624
6.5,12.5,868.640699244275
6.5,13.5,776.868282785729
6.5,14.5,693.78858836827
6.5,15.5,618.79619503751
6.5,16.5,551.275934614087
6.5,17.5,490.619841590345
6.5,18.5,436.239162344718
7.5,0.5,2387.61724181589
7.5,1.5,2237.9329496943
7.5,2.5,2084.08499272711
7.5,3.5,1929.58573367966
7.5,4.5,1777.32565031474
7.5,5.5,1629.57584304288
7.5,6.5,1488.03249134325
7.5,7.5,1353.88500969101
7.5,8.5,1227.89404697435
7.5,9.5,1110.46987922277
7.5,10.5,1001.74543274761
7.5,11.5,901.640927879073
7.5,12.5,809.919013497756
7.5,13.5,726.230441625287
7.5,14.5,650.150999021238
7.5,15.5,581.210733450953
7.5,16.5,518.916612269106
7.5,17.5,462.76971954259
7.5,18.5,412.277994293732
8.5,0.5,2126.89412632206
8.5,1.5,2001.00297355836
8.5,2.5,1870.61455782262
8.5,3.5,1738.66521526243
8.5,4.5,1607.64343661757
8.5,5.5,1479.57004925772
8.5,6.5,1356.0141475916
8.5,7.5,1238.13215616482
8.5,8.5,1126.71948309669
8.5,9.5,1022.26683920214
8.5,10.5,925.015806259856
8.5,11.5,835.010322064024
8.5,12.5,752.142322049521
8.5,13.5,676.190873093127
8.5,14.5,606.854842145178
8.5,15.5,543.779557932695
8.5,16.5,486.578134488819
8.5,17.5,434.848198720215
8.5,18.5,388.184749671036
9.5,0.5,1891.39950174745
9.5,1.5,1785.46490776086
9.5,2.5,1674.99939374729
9.5,3.5,1562.43962692493
9.5,4.5,1449.90291980129
9.5,5.5,1339.15713102986
9.5,6.5,1231.61952490792
9.5,7.5,1128.3762184705
9.5,8.5,1030.21456758488
9.5,9.5,937.662245957419
9.5,10.5,851.028358297518
9.5,11.5,770.443402391948
9.5,12.5,695.89611352554
9.5,13.5,627.26615200174
9.5,14.5,564.352251924606
9.5,15.5,506.895883432348
9.5,16.5,454.600742773331
9.5,17.5,407.148521008162
9.5,18.5,364.211448583277
10.5,0.5,1679.56856298877
10.5,1.5,1590.36193266021
10.5,2.5,1496.77826423262
10.5,3.5,1400.82964685173
10.5,4.5,1304.30243538752
10.5,5.5,1208.72399617949
10.5,6.5,1115.35216401178
10.5,7.5,1025.18205023908
10.5,8.5,938.964850512182
10.5,9.5,857.233939830316
10.5,10.5,780.334472782951
10.5,11.5,708.453688221485
10.5,12.5,641.650008621545
10.5,13.5,579.879759605809
10.5,14.5,523.020899303293
10.5,15.5,470.893553406363
10.5,16.5,423.277425202096
10.5,17.5,379.926317771722
10.5,18.5,340.580091054335
11.5,0.5,1489.65905442712
11.5,1.5,1414.47429082067
11.5,2.5,1335.17652606046
11.5,3.5,1253.42199319174
11.5,4.5,1170.70873979424
11.5,5.5,1088.34416160401
11.5,6.5,1007.42996997059
11.5,7.5,928.861280054826
11.5,8.5,853.336185472674
11.5,9.5,781.372379226608
11.5,10.5,713.327872965869
11.5,11.5,649.423482567466
11.5,12.5,589.765368319194
11.5,13.5,534.366473211655
11.5,14.5,483.166161599167
11.5,15.5,436.047716405778
11.5,16.5,392.853613851442
11.5,17.5,353.398673826091
11.5,18.5,317.481294478906
12.5,0.5,1319.86768854334
12.5,1.5,1256.44191935958
12.5,2.5,1189.22509609254
12.5,3.5,1119.57791491634
12.5,4.5,1048.75124667701
12.5,5.5,977.856431004385
12.5,6.5,907.848763002222
12.5,7.5,839.522206022858
12.5,8.5,773.512927490421
12.5,9.5,710.309210378756
12.5,10.5,650.265510286928
12.5,11.5,593.618788902777
12.5,12.5,540.505667861325
12.5,13.5,490.979351253497
12.5,14.5,445.025624951595
12.5,15.5,402.57754077722
12.5,16.5,363.52863082989
12.5,17.5,327.744676875367
12.5,18.5,295.07418833496
13.5,0.5,1168.40702192171
13.5,1.5,1114.85030260897
13.5,2.5,1057.84788909699
13.5,3.5,998.516516071026
13.5,4.5,937.897478005848
13.5,5.5,876.930487769377
13.5,6.5,816.437426550379
13.5,7.5,757.114880062029
13.5,8.5,699.533913266134
13.5,9.5,644.145378277321
13.5,10.5,591.289104698791
13.5,11.5,541.205513330242
13.5,12.5,494.048458330164
13.5,13.5,449.898390357057
13.5,14.5,408.775210694024
13.5,15.5,370.650434728849
13.5,16.5,335.458494788406
13.5,17.5,303.107187981405
13.5,18.5,273.487419551187
14.5,0.5,1033.55453762138
14.5,1.5,988.289153216216
14.5,2.5,939.924719753255
14.5,3.5,889.37736187866
14.5,4.5,837.51204000123
14.5,5.5,785.120117305184
14.5,6.5,732.904305246883
14.5,7.5,681.470419701164
14.5,8.5,631.32497891452
14.5,9.5,582.877473709205
14.5,10.5,536.446103945757
14.5,11.5,492.265859605284
14.5,12.5,450.497987558836
14.5,13.5,411.240089104304
14.5,14.5,374.536309197921
14.5,15.5,340.387285639375
14.5,16.5,308.759715182812
14.5,17.5,279.595563650175
14.5,18.5,252.821106551177
15.5,0.5,913.68236210306
15.5,1.5,875.391281531574
15.5,2.5,834.335484520037
15.5,3.5,791.266513355481
15.5,4.5,746.901736160252
15.5,5.5,701.90541679379
15.5,6.5,656.875284062136
15.5,7.5,612.334360210765
15.5,8.5,568.727463258225
15.5,9.5,526.421587903146
15.5,10.5,485.709283576887
15.5,11.5,446.814166130713
15.5,12.5,409.897797761381
15.5,13.5,375.067321284669
15.5,14.5,342.383412380126
15.5,15.5,311.868293885717
15.5,16.5,283.513726786818
15.5,17.5,257.289054320925
15.5,18.5,233.149543115059
16.5,0.5,807.273609459765
16.5,1.5,774.857173157167
16.5,2.5,739.990268584966
16.5,3.5,703.289576117457
16.5,4.5,665.349342832626
16.5,5.5,626.725581683169
16.5,6.5,587.924388861517
16.5,7.5,549.394338584905
16.5,8.5,511.522620569921
16.5,9.5,474.634376457454
16.5,10.5,438.994573106238
16.5,11.5,404.811724884179
16.5,12.5,372.242838120051
16.5,13.5,341.399080191525
16.5,14.5,312.351842696434
16.5,15.5,285.139040236818
16.5,16.5,259.77164377443
16.5,17.5,236.240593117208
16.5,18.5,214.524392048998
17.5,0.5,712.929588401936
17.5,1.5,685.469354717837
17.5,2.5,655.848988883567
17.5,3.5,624.574721737913
17.5,4.5,592.1382946262
17.5,5.5,559.00384380043
17.5,6.5,525.597910032574
17.5,7.5,492.302662458792
17.5,8.5,459.452170135879
17.5,9.5,427.331338333138
17.5,10.5,396.176971241923
17.5,11.5,366.180357215369
17.5,12.5,337.490816317835
17.5,13.5,310.219792632897
17.5,14.5,284.445270238576
17.5,15.5,260.216483089406
17.5,16.5,237.559037581138
17.5,17.5,216.480677885829
17.5,18.5,196.978042526064
18.5,0.5,629.370850488643
18.5,1.5,606.099529578342
18.5,2.5,580.933322566998
18.5,3.5,554.288039669692
18.5,4.5,526.570170815521
18.5,5.5,498.16598308966
18.5,6.5,469.433052009102
18.5,7.5,440.694425080798
18.5,8.5,412.23538364234
18.5,9.5,384.302519623164
18.5,10.5,357.104617667202
18.5,11.5,330.81470384241
18.5,12.5,305.572659462035
18.5,13.5,281.488007983375
18.5,14.5,258.642780502579
18.5,15.5,237.09462488015
18.5,16.5,216.880464487532
18.5,17.5,198.021050138994
18.5,18.5,180.526770582356
