"X","Y","Z"
0.5,0.5,500.221811243249
0.5,1.5,526.838076042634
0.5,2.5,554.170343781679
0.5,3.5,582.115213336642
0.5,4.5,610.540441444717
0.5,5.5,639.282019689459
0.5,6.5,668.141840607417
0.5,7.5,696.886165337468
0.5,8.5,725.245378156349
0.5,9.5,752.915700943615
0.5,10.5,779.56364509978
0.5,11.5,804.833974740756
0.5,12.5,828.361788144221
0.5,13.5,849.7889282448
0.5,14.5,868.784264807217
0.5,15.5,885.066478061767
0.5,16.5,898.426956328948
0.5,17.5,908.749561396076
0.5,18.5,916.023645272565
1.5,0.5,521.055362345086
1.5,1.5,549.603760842137
1.5,2.5,579.002234384928
1.5,3.5,609.154787052616
1.5,4.5,639.93002494049
1.5,5.5,671.157510201295
1.5,6.5,702.624336907244
1.5,7.5,734.072015802649
1.5,8.5,765.194280028745
1.5,9.5,795.636746330674
1.5,10.5,824.999582927519
1.5,11.5,852.84444860453
1.5,12.5,878.706897574462
1.5,13.5,902.11506260922
1.5,14.5,922.614612014097
1.5,15.5,939.79869072047
1.5,16.5,953.339957042348
1.5,17.5,963.020317186306
1.5,18.5,968.75312737329
2.5,0.5,541.66515176687
2.5,1.5,572.243558640493
2.5,2.5,603.811623730536
2.5,3.5,636.293422346669
2.5,4.5,669.567505361728
2.5,5.5,703.46418312762
2.5,6.5,737.761871340633
2.5,7.5,772.182555812088
2.5,8.5,806.387297642367
2.5,9.5,839.973118752674
2.5,10.5,872.472923814366
2.5,11.5,903.360395318146
2.5,12.5,932.061928866867
2.5,13.5,957.97742268799
2.5,14.5,980.51081795429
2.5,15.5,999.109508553248
2.5,16.5,1013.30919628089
2.5,17.5,1022.77804387515
2.5,18.5,1027.35213507516
3.5,0.5,561.832610192362
3.5,1.5,594.543853641632
3.5,2.5,628.375543233008
3.5,3.5,663.293766326647
3.5,4.5,699.200623516366
3.5,5.5,735.937034658692
3.5,6.5,773.281066636226
3.5,7.5,810.94265615374
3.5,8.5,848.55654173399
3.5,9.5,885.67544064934
3.5,10.5,921.765788340821
3.5,11.5,956.208835572263
3.5,12.5,988.310395242649
3.5,13.5,1017.32265554057
3.5,14.5,1042.48066997233
3.5,15.5,1063.05383281236
3.5,16.5,1078.4086666531
3.5,17.5,1088.07431197326
3.5,18.5,1091.79810644736
4.5,0.5,581.312838546233
4.5,1.5,616.26606976597
4.5,2.5,652.440742998847
4.5,3.5,689.880697550716
4.5,4.5,728.530720168564
4.5,5.5,768.25511160781
4.5,6.5,808.842383396519
4.5,7.5,850.000691177525
4.5,8.5,891.348116118691
4.5,9.5,932.401046903944
4.5,10.5,972.563786916546
4.5,11.5,1011.12314869309
4.5,12.5,1047.25289364357
4.5,13.5,1080.03384365529
4.5,14.5,1108.49535757408
4.5,15.5,1131.68133285651
4.5,16.5,1148.73793936722
4.5,17.5,1159.01141451337
4.5,18.5,1162.13563779223
5.5,0.5,599.857201510238
5.5,1.5,637.156609506191
5.5,2.5,675.727717108841
5.5,3.5,715.742328068235
5.5,4.5,757.211452544793
5.5,5.5,800.037670083296
5.5,6.5,844.032965443954
5.5,7.5,888.917084851392
5.5,8.5,934.305354625157
5.5,9.5,979.691160559337
5.5,10.5,1024.42704363578
5.5,11.5,1067.70899902877
5.5,12.5,1108.57051792486
5.5,13.5,1145.89547209567
5.5,14.5,1178.46069052665
5.5,15.5,1205.01748867833
5.5,16.5,1224.41340310918
5.5,17.5,1235.73981384024
5.5,18.5,1238.47266377786
6.5,0.5,617.255975747846
6.5,1.5,656.962362256231
6.5,2.5,697.937193621546
6.5,3.5,740.533151982722
6.5,4.5,784.849839956766
6.5,5.5,830.842756307738
6.5,6.5,878.361674364381
6.5,7.5,927.154268750534
6.5,8.5,976.851894710575
6.5,9.5,1026.9452963697
6.5,10.5,1076.75472900435
6.5,11.5,1125.39924736894
6.5,12.5,1171.77283943221
6.5,13.5,1214.54017219109
6.5,14.5,1252.17053186676
6.5,15.5,1283.03106607067
6.5,16.5,1305.55234503829
6.5,17.5,1318.45356807071
6.5,18.5,1320.97532388636
7.5,0.5,633.382139339904
7.5,1.5,675.444245388329
7.5,2.5,718.756860498254
7.5,3.5,763.879196230372
7.5,4.5,811.010417559476
7.5,5.5,860.169587851607
7.5,6.5,911.258224865167
7.5,7.5,964.070434868658
7.5,8.5,1018.27722331467
7.5,9.5,1073.3952574707
7.5,10.5,1128.74425834271
7.5,11.5,1183.39649641257
7.5,12.5,1236.12536136315
7.5,13.5,1285.36813939478
7.5,14.5,1329.23103205026
7.5,15.5,1365.57791116723
7.5,16.5,1392.24445258386
7.5,17.5,1407.38304066335
7.5,18.5,1409.86154646018
8.5,0.5,648.186609345294
8.5,1.5,692.375781763729
8.5,2.5,737.865389757903
8.5,3.5,785.385027052698
8.5,4.5,835.22338418685
8.5,5.5,887.466365278374
8.5,6.5,942.078885491132
8.5,7.5,998.920519832055
8.5,8.5,1057.72908337722
8.5,9.5,1118.0836207218
8.5,10.5,1179.34933670962
8.5,11.5,1240.60446693374
8.5,12.5,1300.55163028929
8.5,13.5,1357.4261377832
8.5,14.5,1408.9356064114
8.5,15.5,1452.30065142443
8.5,16.5,1484.49843067005
8.5,17.5,1502.78250667484
8.5,18.5,1505.39239842556
9.5,0.5,661.608399413521
9.5,1.5,707.521688780629
9.5,2.5,754.933681346833
9.5,3.5,804.643252305885
9.5,4.5,856.997760381664
9.5,5.5,912.145195859246
9.5,6.5,970.12152522935
9.5,7.5,1030.86880557471
9.5,8.5,1094.21919029759
9.5,9.5,1159.85529871035
9.5,10.5,1227.24656222204
9.5,11.5,1295.55588388679
9.5,12.5,1363.50960482948
9.5,13.5,1429.23013913827
9.5,14.5,1490.05632789928
9.5,15.5,1542.44188446718
9.5,16.5,1582.13447315682
9.5,17.5,1604.90601925999
9.5,18.5,1607.85800117129
10.5,0.5,673.455685622834
10.5,1.5,720.614263710088
10.5,2.5,769.628629732131
10.5,3.5,821.248166490867
10.5,4.5,875.840438832437
10.5,5.5,933.60540346677
10.5,6.5,994.652493476887
10.5,7.5,1059.01780754489
10.5,8.5,1126.65037137869
10.5,9.5,1197.37507641372
10.5,10.5,1270.828791061
10.5,11.5,1346.35786389937
10.5,12.5,1422.85686614056
10.5,13.5,1498.52162994069
10.5,14.5,1570.49821173339
10.5,15.5,1634.48065287871
10.5,16.5,1684.54718673196
10.5,17.5,1713.95210851109
10.5,18.5,1717.54816118068
11.5,0.5,683.382830561618
11.5,1.5,731.35720037596
11.5,2.5,781.626388899388
11.5,3.5,834.814904408433
11.5,4.5,891.281189837468
11.5,5.5,951.26536658715
11.5,6.5,1014.94648204099
11.5,7.5,1082.45690126311
11.5,8.5,1153.873040925
11.5,9.5,1229.18687496841
11.5,10.5,1308.25316762015
11.5,11.5,1390.69756978737
11.5,12.5,1475.75550145595
11.5,13.5,1561.98519934892
11.5,14.5,1646.75752600797
11.5,15.5,1725.40391171295
11.5,16.5,1790.12413678745
11.5,17.5,1829.91117827594
11.5,18.5,1834.67310001794
12.5,0.5,690.999011257473
12.5,1.5,739.46413453496
12.5,2.5,790.635984941594
12.5,3.5,845.003213545025
12.5,4.5,902.902096281653
12.5,5.5,964.601121949108
12.5,6.5,1030.3378692301
12.5,7.5,1100.33056991262
12.5,8.5,1174.77478934845
12.5,9.5,1253.82765187641
12.5,10.5,1337.57570887452
12.5,11.5,1425.97442733425
12.5,12.5,1518.73166596926
12.5,13.5,1615.07156619869
12.5,14.5,1713.22636111963
12.5,15.5,1809.28594744223
12.5,16.5,1894.64452345876
12.5,17.5,1952.02959502983
12.5,18.5,1959.07727981022
13.5,0.5,696.00231599516
13.5,1.5,744.706604801782
13.5,2.5,796.425870283653
13.5,3.5,851.542231512953
13.5,4.5,910.368099648712
13.5,5.5,973.187664017315
13.5,6.5,1040.27835377444
13.5,7.5,1111.92010664037
13.5,8.5,1188.39730649095
13.5,9.5,1269.99512935176
13.5,10.5,1356.98919278816
13.5,11.5,1449.62360727921
13.5,12.5,1548.064685719
13.5,13.5,1652.29679169652
13.5,14.5,1761.86201907176
13.5,15.5,1875.10700172066
13.5,16.5,1986.54832425201
13.5,17.5,2076.0975355559
13.5,18.5,2088.6444457899
14.5,0.5,698.23700681963
14.5,1.5,746.943248842041
14.5,2.5,798.844381443303
14.5,3.5,854.251662566648
14.5,4.5,913.454206725217
14.5,5.5,976.73693447577
14.5,6.5,1044.39201999806
14.5,7.5,1116.72554613082
14.5,8.5,1194.06130265658
14.5,9.5,1276.74296780386
14.5,10.5,1365.1352118267
14.5,11.5,1459.62362483554
14.5,12.5,1560.61246941526
14.5,13.5,1668.51706773508
14.5,14.5,1783.74022736983
14.5,15.5,1906.5891876546
14.5,16.5,2036.87235801305
14.5,17.5,2169.69599617262
14.5,18.5,2196.55091995472
15.5,0.5,697.675464426313
15.5,1.5,746.124746451171
15.5,2.5,797.830191641867
15.5,3.5,853.055911326219
15.5,4.5,912.064971886389
15.5,5.5,975.12583584533
15.5,6.5,1042.51705114591
15.5,7.5,1114.52983163129
15.5,8.5,1191.46869065288
15.5,9.5,1273.64996363941
15.5,10.5,1361.39721173003
15.5,11.5,1455.03077096633
15.5,12.5,1554.84457031723
15.5,13.5,1661.05169319495
15.5,14.5,1773.64163895386
15.5,15.5,1891.93648362014
15.5,16.5,2012.80364834538
15.5,17.5,2120.16617198193
15.5,18.5,2137.13410664374
16.5,0.5,694.378052834191
16.5,1.5,742.285894980143
16.5,2.5,793.41420756048
16.5,3.5,847.98977597907
16.5,4.5,906.243122669689
16.5,5.5,968.408826928281
16.5,6.5,1034.72467316759
16.5,7.5,1105.42842107685
16.5,8.5,1180.75083070403
16.5,9.5,1260.90251083603
16.5,10.5,1346.0497004965
16.5,11.5,1436.26865425416
16.5,12.5,1531.45552046671
16.5,13.5,1631.13605900524
16.5,14.5,1734.02940217461
16.5,15.5,1836.95285227427
16.5,16.5,1931.89696980501
16.5,17.5,1999.35999021063
16.5,18.5,2008.0516664705
17.5,0.5,688.4661162861
17.5,1.5,735.536609832479
17.5,2.5,785.716366596042
17.5,3.5,839.196159740712
17.5,4.5,896.166301082951
17.5,5.5,956.812681722526
17.5,6.5,1021.31080031783
17.5,7.5,1089.81589669485
17.5,8.5,1162.44647145636
17.5,9.5,1239.2566485057
17.5,10.5,1320.18911093688
17.5,11.5,1404.99278809039
17.5,12.5,1493.07394303669
17.5,13.5,1583.21719733755
17.5,14.5,1673.05004095114
17.5,15.5,1758.03257123464
17.5,16.5,1829.83189501781
17.5,17.5,1875.28402566777
17.5,18.5,1881.03594149404
18.5,0.5,680.115983755265
18.5,1.5,726.058418044283
18.5,2.5,774.941093356795
18.5,3.5,826.917927084607
18.5,4.5,882.13339749957
18.5,5.5,940.714936766654
18.5,6.5,1002.76262436391
18.5,7.5,1068.33352623775
18.5,8.5,1137.41699987345
18.5,9.5,1209.89545715559
18.5,10.5,1285.4815808993
18.5,11.5,1363.61677835239
18.5,12.5,1443.30555663366
18.5,13.5,1522.84697433609
18.5,14.5,1599.41813222113
18.5,15.5,1668.51761591555
18.5,16.5,1723.54731087816
18.5,17.5,1756.49246016607
18.5,18.5,1761.01210272949
