"X","Y","Z"
0.5,0.5,3111.05328420001
0.5,1.5,2890.7659894527
0.5,2.5,2683.79875046981
0.5,3.5,2488.87482230951
0.5,4.5,2305.15186652429
0.5,5.5,2132.14455970739
0.5,6.5,1969.58163481279
0.5,7.5,1817.2473185419
0.5,8.5,1674.88896441616
0.5,9.5,1542.19658484537
0.5,10.5,1418.81127511471
0.5,11.5,1304.335062819
0.5,12.5,1198.3379981943
0.5,13.5,1100.36539877069
0.5,14.5,1009.94665553344
0.5,15.5,926.604919694812
0.5,16.5,849.866359429153
0.5,17.5,779.267992030156
0.5,18.5,714.363649942183
1.5,0.5,2904.94452610646
1.5,1.5,2715.28805240271
1.5,2.5,2533.58174141813
1.5,3.5,2359.84720565163
1.5,4.5,2194.07665051584
1.5,5.5,2036.31760126429
1.5,6.5,1886.66633093716
1.5,7.5,1745.2239179255
1.5,8.5,1612.05093915787
1.5,9.5,1487.13739131909
1.5,10.5,1370.38847285058
1.5,11.5,1261.62273968898
1.5,12.5,1160.57985367284
1.5,13.5,1066.93505627256
1.5,14.5,980.316941759576
1.5,15.5,900.325319435286
1.5,16.5,826.546942102162
1.5,17.5,758.568043968305
1.5,18.5,695.983539233997
2.5,0.5,2703.39049605084
2.5,1.5,2542.20573872086
2.5,2.5,2384.55209045749
2.5,3.5,2231.2683149446
2.5,4.5,2082.90259791594
2.5,5.5,1939.9089792982
2.5,6.5,1802.72816546271
2.5,7.5,1671.79376769089
2.5,8.5,1547.49561735436
2.5,9.5,1430.13149017355
2.5,10.5,1319.87130358948
2.5,11.5,1216.74466329391
2.5,12.5,1120.65045051604
2.5,13.5,1031.38053247584
2.5,14.5,948.648768131455
2.5,15.5,872.118815640195
2.5,16.5,801.427313547374
2.5,17.5,736.20141739005
2.5,18.5,676.071082960585
3.5,0.5,2511.60582715219
3.5,1.5,2375.96873758716
3.5,2.5,2240.59098763245
3.5,3.5,2106.59718462279
3.5,4.5,1974.75419975534
3.5,5.5,1845.73311448506
3.5,6.5,1720.24871957991
3.5,7.5,1599.07597457773
3.5,8.5,1482.97641548152
3.5,9.5,1372.59631521404
3.5,10.5,1268.39171227137
3.5,11.5,1170.60318088599
3.5,12.5,1079.27343747336
3.5,13.5,994.288306277325
3.5,14.5,915.423237969099
3.5,15.5,842.384685052995
3.5,16.5,774.842176477054
3.5,17.5,712.45094900126
3.5,18.5,654.866767677395
4.5,0.5,2332.8536125266
4.5,1.5,2219.96904184898
4.5,2.5,2105.12244739737
4.5,3.5,1989.23337084761
4.5,4.5,1872.91271200461
4.5,5.5,1756.82148345189
4.5,6.5,1641.88523106353
4.5,7.5,1529.28384403697
4.5,8.5,1420.26406420379
4.5,9.5,1315.91480504234
4.5,10.5,1217.022447685
4.5,11.5,1124.03683426847
4.5,12.5,1037.1154269263
4.5,13.5,956.199161279347
4.5,14.5,881.087552573422
4.5,15.5,811.498582264628
4.5,16.5,747.110753030219
4.5,17.5,687.590058830899
4.5,18.5,632.605984410768
5.5,0.5,2168.92293342098
5.5,1.5,2076.7061811128
5.5,2.5,1981.18236736761
5.5,3.5,1882.58804863003
5.5,4.5,1780.91393558701
5.5,5.5,1676.51754166906
5.5,6.5,1570.51909037807
5.5,7.5,1464.7104530163
5.5,8.5,1361.08569062983
5.5,9.5,1261.35646992629
5.5,10.5,1166.70202136735
5.5,11.5,1077.75938843077
5.5,12.5,994.740668581224
5.5,13.5,917.576042198008
5.5,14.5,846.032612007087
5.5,15.5,779.796859525486
5.5,16.5,718.525585708096
5.5,17.5,661.874517167631
5.5,18.5,609.512782902081
6.5,0.5,2020.56376453803
6.5,1.5,1947.96924352846
6.5,2.5,1871.5496510869
6.5,3.5,1790.28321060355
6.5,4.5,1702.80665681327
6.5,5.5,1608.68463260999
6.5,6.5,1509.32115112792
6.5,7.5,1407.65653502802
6.5,8.5,1306.98431072582
6.5,9.5,1209.93363167568
6.5,10.5,1118.11996970647
6.5,11.5,1032.27974729792
6.5,12.5,952.559167084174
6.5,13.5,878.771555648112
6.5,14.5,810.572665824385
6.5,15.5,747.563462057219
6.5,16.5,689.343668927092
6.5,17.5,635.536072898264
6.5,18.5,585.795023634356
7.5,0.5,1887.6322083329
7.5,1.5,1834.79126947887
7.5,2.5,1778.72363586538
7.5,3.5,1716.35488714802
7.5,4.5,1643.54369629173
7.5,5.5,1557.98875546996
7.5,6.5,1461.72055706801
7.5,7.5,1360.16417105546
7.5,8.5,1259.00322508281
7.5,9.5,1162.14988248293
7.5,10.5,1071.55293016635
7.5,11.5,987.807078452634
7.5,12.5,910.775477342453
7.5,13.5,840.00118786047
7.5,14.5,774.931152541564
7.5,15.5,715.021949462373
7.5,16.5,659.78140049458
7.5,17.5,608.778790702573
7.5,18.5,561.641408072391
8.5,0.5,1768.86262757248
8.5,1.5,1736.91208219722
8.5,2.5,1704.36565298038
8.5,3.5,1665.20540475754
8.5,4.5,1609.49039619869
8.5,5.5,1530.15222956082
8.5,6.5,1430.95115934431
8.5,7.5,1323.25500012677
8.5,8.5,1217.05512894248
8.5,9.5,1117.61695782056
8.5,10.5,1026.67139279717
8.5,11.5,944.165916803319
8.5,12.5,869.356184678381
8.5,13.5,801.333041016139
8.5,14.5,739.23858563755
8.5,15.5,682.335628089076
8.5,16.5,630.014810383089
8.5,17.5,581.778787156515
8.5,18.5,537.220707671592
9.5,0.5,1661.35199628035
9.5,1.5,1651.47136930995
9.5,2.5,1647.33675427478
9.5,3.5,1640.41130982544
9.5,4.5,1608.95345061135
9.5,5.5,1531.69858656914
9.5,6.5,1418.1573757423
9.5,7.5,1295.10898537156
9.5,8.5,1178.89782294182
9.5,9.5,1074.62876874836
9.5,10.5,982.407482060819
9.5,11.5,900.777526510195
9.5,12.5,828.045110494996
9.5,13.5,762.70756363795
9.5,14.5,703.548259283222
9.5,15.5,649.618067367257
9.5,16.5,600.185852443099
9.5,17.5,554.687564735889
9.5,18.5,512.683185186335
10.5,0.5,1560.24371320483
10.5,1.5,1571.15978120576
10.5,2.5,1598.75332309983
10.5,3.5,1638.50208746635
10.5,4.5,1651.78763045609
10.5,5.5,1566.28636616538
10.5,6.5,1416.01159543939
10.5,7.5,1267.77223573365
10.5,8.5,1139.15596940729
10.5,9.5,1030.05804989529
10.5,10.5,937.069082630024
10.5,11.5,856.78474812616
10.5,12.5,786.454478513834
10.5,13.5,723.996120110086
10.5,14.5,667.871708090205
10.5,15.5,616.953794241152
10.5,16.5,570.414083775708
10.5,17.5,527.638312315509
10.5,18.5,488.163733777443
11.5,0.5,1459.70129540373
11.5,1.5,1484.33108572591
11.5,2.5,1535.6698012088
11.5,3.5,1622.98985445209
11.5,4.5,1726.7577634566
11.5,5.5,1602.42226650258
11.5,6.5,1394.20482480036
11.5,7.5,1225.27389815672
11.5,8.5,1090.13295438265
11.5,9.5,980.211066930337
11.5,10.5,888.882692358542
11.5,11.5,811.358406967065
11.5,12.5,744.231996386022
11.5,13.5,685.091478294357
11.5,14.5,632.227811575931
11.5,15.5,584.424989254236
11.5,16.5,540.811109255586
11.5,17.5,500.753576012194
11.5,18.5,463.785770011074
12.5,0.5,1355.76656144939
12.5,1.5,1381.68132725027
12.5,2.5,1433.12959269277
12.5,3.5,1513.31576788833
12.5,4.5,1586.70623691721
12.5,5.5,1489.39550809945
12.5,6.5,1309.31389638981
12.5,7.5,1153.19251172624
12.5,8.5,1026.31343171329
12.5,9.5,922.785099513229
12.5,10.5,836.857622765069
12.5,11.5,764.093338582959
12.5,12.5,701.24975181352
12.5,13.5,646.00125488925
12.5,14.5,596.690425375529
12.5,15.5,552.136275775579
12.5,16.5,511.493587177896
12.5,17.5,474.152009384367
12.5,18.5,439.664593969358
13.5,0.5,1248.78910677352
13.5,1.5,1265.09849675055
13.5,2.5,1298.00332992236
13.5,3.5,1337.38787647227
13.5,4.5,1349.36376968742
13.5,5.5,1288.66776682498
13.5,6.5,1175.04252906738
13.5,7.5,1055.63901979023
13.5,8.5,949.273469343866
13.5,9.5,858.51931112309
13.5,10.5,781.411306120239
13.5,11.5,715.268562693973
13.5,12.5,657.72086693192
13.5,13.5,606.903404845314
13.5,14.5,561.41595995421
13.5,15.5,520.228783477861
13.5,16.5,482.59040500895
13.5,17.5,447.951897071739
13.5,18.5,415.908934895209
14.5,0.5,1142.11943836913
14.5,1.5,1144.88482299448
14.5,2.5,1157.58052465956
14.5,3.5,1167.94420032317
14.5,4.5,1157.64153397748
14.5,5.5,1111.80683082371
14.5,6.5,1036.31613864753
14.5,7.5,949.94101003333
14.5,8.5,866.289945161005
14.5,9.5,790.759909839075
14.5,10.5,724.215548221983
14.5,11.5,665.788400869814
14.5,12.5,614.175850184585
14.5,13.5,568.136440899266
14.5,14.5,526.639145837985
14.5,15.5,488.878039244561
14.5,16.5,454.241278764231
14.5,17.5,422.269923365184
14.5,18.5,392.619746549937
15.5,0.5,1038.7392806917
15.5,1.5,1030.10224004492
15.5,2.5,1028.48371696202
15.5,3.5,1023.37869549619
15.5,4.5,1005.03909096695
15.5,5.5,967.521202563734
15.5,6.5,912.991530142592
15.5,7.5,849.470303040215
15.5,8.5,784.75133368566
15.5,9.5,723.456830954731
15.5,10.5,667.412883524133
15.5,11.5,616.853175465097
15.5,12.5,571.316033938318
15.5,13.5,530.130970789454
15.5,14.5,492.639475306939
15.5,15.5,458.27647348953
15.5,16.5,426.586798122918
15.5,17.5,397.214859885504
15.5,18.5,369.885802712377
16.5,0.5,940.174472596811
16.5,1.5,925.054927545996
16.5,2.5,915.290894078901
16.5,3.5,902.790098208762
16.5,4.5,882.002532935028
16.5,5.5,850.140186288637
16.5,6.5,808.122339938787
16.5,7.5,759.682919776406
16.5,8.5,709.102025934594
16.5,9.5,659.5713725687
16.5,10.5,612.844725968115
16.5,11.5,569.586668859588
16.5,12.5,529.830771980665
16.5,13.5,493.317660116476
16.5,14.5,459.693104177736
16.5,15.5,428.60675552958
16.5,16.5,399.752286685407
16.5,17.5,372.876763145396
16.5,18.5,347.775913563832
17.5,0.5,847.77872847583
17.5,1.5,830.871584472086
17.5,2.5,817.447110108327
17.5,3.5,801.959350487118
17.5,4.5,781.149054172071
17.5,5.5,753.579313648017
17.5,6.5,719.69638680309
17.5,7.5,681.384854507715
17.5,8.5,641.026607444515
17.5,9.5,600.673775053896
17.5,10.5,561.694662188684
17.5,11.5,524.805935330963
17.5,12.5,490.262271704176
17.5,13.5,458.049858777543
17.5,14.5,428.027741453028
17.5,15.5,400.013724956551
17.5,16.5,373.828420893418
17.5,17.5,349.312223907661
17.5,18.5,326.327263296844
18.5,0.5,763.282205885074
18.5,1.5,747.357829115259
18.5,2.5,732.972913515007
18.5,3.5,716.828779263865
18.5,4.5,697.077612286251
18.5,5.5,672.974576633314
18.5,6.5,644.781774236762
18.5,7.5,613.528401621885
18.5,8.5,580.58535279649
18.5,9.5,547.249835675667
18.5,10.5,514.504703929467
18.5,11.5,482.96698263498
18.5,12.5,452.949973643507
18.5,13.5,424.561242661916
18.5,14.5,397.791795026283
18.5,15.5,372.580203497666
18.5,16.5,348.850045703997
18.5,17.5,326.524847011166
18.5,18.5,305.528165899912
