"X","Y","Z"
0,0,0
0,0,0
0,0,0
0,0,0
0,0,0
0,0,0
0,0,0
0,0,0
0,0,0
0,0,0
0,0,0
0,0,0
0,0,0
0,0,0
0,0,0
0,0,0
0,0,0
0,0,0
0,0,0
1.5,0.5,20.4931710406136
1.5,1.5,30.4448269477833
1.5,2.5,43.6282636757947
1.5,3.5,53.4205114650867
1.5,4.5,53.2984297289311
1.5,5.5,38.6774445702306
1.5,6.5,8.58401137586409
0,0,0
0,0,0
0,0,0
0,0,0
0,0,0
0,0,0
0,0,0
0,0,0
0,0,0
0,0,0
0,0,0
0,0,0
2.5,0.5,83.607717210091
2.5,1.5,119.548295974031
2.5,2.5,161.469609161452
2.5,3.5,197.30777590765
2.5,4.5,213.631555669687
2.5,5.5,200.389113407168
2.5,6.5,155.569133518652
2.5,7.5,86.0614204417854
2.5,8.5,3.92537301624835
0,0,0
0,0,0
0,0,0
0,0,0
0,0,0
0,0,0
0,0,0
0,0,0
0,0,0
0,0,0
3.5,0.5,184.182431946054
3.5,1.5,268.868837073188
3.5,2.5,367.607403107959
3.5,3.5,457.805966571762
3.5,4.5,510.466572042421
3.5,5.5,502.149294813848
3.5,6.5,428.308628964092
3.5,7.5,305.938290791504
3.5,8.5,162.784479356755
3.5,9.5,23.4491999681539
0,0,0
0,0,0
0,0,0
0,0,0
0,0,0
0,0,0
0,0,0
0,0,0
0,0,0
4.5,0.5,337.10045830359
4.5,1.5,508.995014757329
4.5,2.5,717.170185153865
4.5,3.5,919.815479859395
4.5,4.5,1052.37761073986
4.5,5.5,1056.88900781753
4.5,6.5,922.058276694627
4.5,7.5,691.874885879363
4.5,8.5,432.116509560241
4.5,9.5,193.059822298361
0,0,0
0,0,0
0,0,0
0,0,0
0,0,0
0,0,0
0,0,0
0,0,0
0,0,0
5.5,0.5,554.71684583535
5.5,1.5,874.036342531774
5.5,2.5,1286.36644623291
5.5,3.5,1720.61442691755
5.5,4.5,2031.889258827
5.5,5.5,2067.76594479356
5.5,6.5,1797.16128466124
5.5,7.5,1341.26265261474
5.5,8.5,859.578369843972
5.5,9.5,449.71618096388
5.5,10.5,138.673077737196
0,0,0
0,0,0
0,0,0
0,0,0
0,0,0
0,0,0
0,0,0
0,0,0
6.5,0.5,835.455347697751
6.5,1.5,1383.09148887001
6.5,2.5,2154.85642676483
6.5,3.5,3059.40056085833
6.5,4.5,3783.42938808811
6.5,5.5,3897.87527862621
6.5,6.5,3305.7878295346
6.5,7.5,2370.79385518029
6.5,8.5,1480.88124636645
6.5,9.5,797.701410557379
6.5,10.5,323.608239694164
6.5,11.5,7.16981371555958
0,0,0
0,0,0
0,0,0
0,0,0
0,0,0
0,0,0
0,0,0
7.5,0.5,1146.19647921864
7.5,1.5,1997.59722912659
7.5,2.5,3329.85314819914
7.5,3.5,5137.1744864527
7.5,4.5,6852.45614541852
7.5,5.5,7182.42518638843
7.5,6.5,5767.97509012972
7.5,7.5,3835.17439940408
7.5,8.5,2264.39943842175
7.5,9.5,1200.40104876622
7.5,10.5,528.608891303614
7.5,11.5,112.735066442519
0,0,0
0,0,0
0,0,0
0,0,0
0,0,0
0,0,0
0,0,0
8.5,0.5,1410.82311129274
8.5,1.5,2566.52362492718
8.5,2.5,4564.87803530853
8.5,3.5,7792.19001091197
8.5,4.5,11881.1266101748
8.5,5.5,12917.2207215953
8.5,6.5,9209.08551601278
8.5,7.5,5474.42702301818
8.5,8.5,3023.04923676349
8.5,9.5,1558.64645959946
8.5,10.5,705.465363736095
8.5,11.5,208.305698834619
0,0,0
0,0,0
0,0,0
0,0,0
0,0,0
0,0,0
0,0,0
9.5,0.5,1532.32522520533
9.5,1.5,2843.82655852715
9.5,2.5,5228.6668135737
9.5,3.5,9525.62476933884
9.5,4.5,16936.5138462356
9.5,5.5,19933.279382759
9.5,6.5,11739.6641304405
9.5,7.5,6408.31114097694
9.5,8.5,3409.76404466972
9.5,9.5,1735.55609261296
9.5,10.5,797.300871799063
9.5,11.5,266.62074625901
0,0,0
0,0,0
0,0,0
0,0,0
0,0,0
0,0,0
0,0,0
10.5,0.5,1456.27721760135
10.5,1.5,2671.97619563599
10.5,2.5,4811.07342930337
10.5,3.5,8398.99342334745
10.5,4.5,13374.1619201347
10.5,5.5,14780.4129335541
10.5,6.5,10066.9812848278
10.5,7.5,5826.36214362482
10.5,8.5,3186.11025428584
10.5,9.5,1650.27080827554
10.5,10.5,772.495970084442
10.5,11.5,272.058444546402
0,0,0
0,0,0
0,0,0
0,0,0
0,0,0
0,0,0
0,0,0
11.5,0.5,1217.34492598079
11.5,1.5,2152.66314750926
11.5,2.5,3650.20292351313
11.5,3.5,5764.80762221867
11.5,4.5,7888.63714954472
11.5,5.5,8322.59900134142
11.5,6.5,6557.45478669407
11.5,7.5,4272.58940528928
11.5,8.5,2505.49636130639
11.5,9.5,1351.84327667603
11.5,10.5,647.166819446993
11.5,11.5,228.941494832521
0,0,0
0,0,0
0,0,0
0,0,0
0,0,0
0,0,0
0,0,0
12.5,0.5,908.93800543379
12.5,1.5,1532.74491551048
12.5,2.5,2428.010143789
12.5,3.5,3508.80700872298
12.5,4.5,4404.70650533301
12.5,5.5,4559.36696008281
12.5,6.5,3842.7018435547
12.5,7.5,2737.24732616604
12.5,8.5,1722.13065683246
12.5,9.5,971.22222498081
12.5,10.5,471.425214516282
12.5,11.5,156.774776687959
0,0,0
0,0,0
0,0,0
0,0,0
0,0,0
0,0,0
0,0,0
13.5,0.5,616.19925402935
13.5,1.5,993.449710829706
13.5,2.5,1484.40952706467
13.5,3.5,2011.81226833797
13.5,4.5,2400.91375616287
13.5,5.5,2457.95735886955
13.5,6.5,2143.15974298193
13.5,7.5,1613.76698175057
13.5,8.5,1068.37531678735
13.5,9.5,620.395760845303
13.5,10.5,296.022862752832
13.5,11.5,78.168582997302
0,0,0
0,0,0
0,0,0
0,0,0
0,0,0
0,0,0
0,0,0
14.5,0.5,382.48891231916
14.5,1.5,596.129227981597
14.5,2.5,852.827146339551
14.5,3.5,1105.98094407805
14.5,4.5,1278.10750993472
14.5,5.5,1297.16983618837
14.5,6.5,1149.50763457925
14.5,7.5,891.510859301156
14.5,8.5,605.047248866667
14.5,9.5,350.036258632882
14.5,10.5,151.3421753271
14.5,11.5,9.37775300004486
0,0,0
0,0,0
0,0,0
0,0,0
0,0,0
0,0,0
0,0,0
15.5,0.5,215.436762511148
15.5,1.5,330.735802238436
15.5,2.5,460.688611117196
15.5,3.5,580.62168451412
15.5,4.5,656.506915905476
15.5,5.5,660.091273545837
15.5,6.5,586.335477964348
15.5,7.5,456.974189742961
15.5,8.5,306.446742717428
15.5,9.5,164.233121160195
15.5,10.5,46.555641922063
0,0,0
0,0,0
0,0,0
0,0,0
0,0,0
0,0,0
0,0,0
0,0,0
16.5,0.5,104.826219943518
16.5,1.5,164.367306753022
16.5,2.5,228.03522451627
16.5,3.5,283.458946520328
16.5,4.5,315.598363496672
16.5,5.5,312.912463506555
16.5,6.5,273.474794315575
16.5,7.5,206.15892347409
16.5,8.5,125.847275023087
16.5,9.5,46.7134670675384
0,0,0
0,0,0
0,0,0
0,0,0
0,0,0
0,0,0
0,0,0
0,0,0
0,0,0
17.5,0.5,35.7551368613516
17.5,1.5,64.8375229336459
17.5,2.5,94.5025114542839
17.5,3.5,118.701117375456
17.5,4.5,130.719383475583
17.5,5.5,125.705771314348
17.5,6.5,102.929031690548
17.5,7.5,66.2000696886008
17.5,8.5,22.1393599908318
0,0,0
0,0,0
0,0,0
0,0,0
0,0,0
0,0,0
0,0,0
0,0,0
0,0,0
0,0,0
0,0,0
18.5,1.5,7.72631061828003
18.5,2.5,20.2096353205914
18.5,3.5,29.3619183401979
18.5,4.5,32.1626868324076
18.5,5.5,26.5397900185734
18.5,6.5,12.2390254172502
0,0,0
0,0,0
0,0,0
0,0,0
0,0,0
0,0,0
0,0,0
0,0,0
0,0,0
0,0,0
0,0,0
0,0,0
