"X","Y","Z"
0.5,0.5,1085.29025401968
0.5,1.5,615.818796783997
0.5,2.5,387.269890923193
0.5,3.5,295.533764018592
0.5,4.5,282.971529293824
0.5,5.5,314.436558368911
0.5,6.5,362.963773052752
0.5,7.5,403.841585449831
0.5,8.5,416.910904643306
0.5,9.5,393.413414142931
0.5,10.5,339.180856691397
0.5,11.5,269.39877364236
0.5,12.5,199.50748997122
0.5,13.5,139.397801869864
0.5,14.5,92.7455024466108
0.5,15.5,59.0653292500676
0.5,16.5,35.9957656860684
0.5,17.5,20.8053436997551
0.5,18.5,11.1080203451555
1.5,0.5,855.376174471355
1.5,1.5,492.041995320251
1.5,2.5,304.30523730644
1.5,3.5,218.744217653599
1.5,4.5,191.899801880054
1.5,5.5,196.88128599102
1.5,6.5,214.871208618927
1.5,7.5,231.2394627355
1.5,8.5,235.478495692039
1.5,9.5,222.937576881887
1.5,10.5,195.437113762786
1.5,11.5,159.211785922632
1.5,12.5,121.388304321314
1.5,13.5,87.2805757990072
1.5,14.5,59.5285994506661
1.5,15.5,38.5904002161787
1.5,16.5,23.6700230978156
1.5,17.5,13.500781686118
1.5,18.5,6.81645490758083
2.5,0.5,623.895963589651
2.5,1.5,367.166732023198
2.5,2.5,226.612324082984
2.5,3.5,156.612613277025
2.5,4.5,127.993273452697
2.5,5.5,122.08284882233
2.5,6.5,126.264561516763
2.5,7.5,131.583955130658
2.5,8.5,132.095893542726
2.5,9.5,125.047166169702
2.5,10.5,110.792454253688
2.5,11.5,91.8648292908922
2.5,12.5,71.515666546905
2.5,13.5,52.4693987950433
2.5,14.5,36.3476437538239
2.5,15.5,23.7052827464855
2.5,16.5,14.3676228745192
2.5,17.5,7.79690456592755
2.5,18.5,3.35924758536996
3.5,0.5,425.910952813666
3.5,1.5,257.468138218672
3.5,2.5,159.975930009031
3.5,3.5,107.890046988134
3.5,4.5,83.4017122399173
3.5,5.5,74.5455043599943
3.5,6.5,73.2252361917988
3.5,7.5,73.9160712032297
3.5,8.5,73.0831201248078
3.5,9.5,68.9920589573711
3.5,10.5,61.496807169388
3.5,11.5,51.5737603063614
3.5,12.5,40.6769833151446
3.5,13.5,30.159413822788
3.5,14.5,20.9438938807538
3.5,15.5,13.4596519505183
3.5,16.5,7.74506426895841
3.5,17.5,3.60295676284891
3.5,18.5,0.736594332403369
4.5,0.5,274.528313880285
4.5,1.5,170.448678002417
4.5,2.5,106.976647705269
4.5,3.5,70.9958978651515
4.5,4.5,52.4690074443211
4.5,5.5,44.24635148063
4.5,6.5,41.3759052356936
4.5,7.5,40.4963505094861
4.5,8.5,39.4673061076913
4.5,9.5,37.1645138261745
4.5,10.5,33.2998949857523
4.5,11.5,28.179162107049
4.5,12.5,22.4104761285771
4.5,13.5,16.6397317987719
4.5,14.5,11.3769427193296
4.5,15.5,6.92759091688446
4.5,16.5,3.40235027426559
4.5,17.5,0.767075529478184
0,0,0
5.5,0.5,167.611825551211
5.5,1.5,106.503716327753
5.5,2.5,67.3916781614266
5.5,3.5,44.055881106558
5.5,4.5,31.2359349540935
5.5,5.5,24.9374293381457
5.5,6.5,22.2950982859582
5.5,7.5,21.334026781559
5.5,8.5,20.7667370161554
5.5,9.5,19.8431381403775
5.5,10.5,18.2272185812173
5.5,11.5,15.8825844421774
5.5,12.5,12.9691548398351
5.5,13.5,9.75644174280271
5.5,14.5,6.54894818803841
5.5,15.5,3.61885336799932
5.5,16.5,1.15402481796619
0,0,0
0,0,0
6.5,0.5,96.1825222461384
6.5,1.5,62.1046794759295
6.5,2.5,39.2889049051114
6.5,3.5,25.0709424572553
6.5,4.5,16.9271065014073
6.5,5.5,12.8146995935082
6.5,6.5,11.2211853453895
6.5,7.5,11.0833206629678
6.5,8.5,11.6609537699436
6.5,9.5,12.4057222378747
6.5,10.5,12.8618252662546
6.5,11.5,12.6447792187202
6.5,12.5,11.5140643128787
6.5,13.5,9.47753638787658
6.5,14.5,6.81531499257818
6.5,15.5,3.96853660905233
6.5,16.5,1.35805096907467
0,0,0
0,0,0
7.5,0.5,50.1626440336401
7.5,1.5,32.4933964377112
7.5,2.5,20.1183372956993
7.5,3.5,12.1547203831126
7.5,4.5,7.61343001978367
7.5,5.5,5.66696471172506
7.5,6.5,5.7401607685132
7.5,7.5,7.46740605258365
7.5,8.5,10.5366516765606
7.5,9.5,14.456738969723
7.5,10.5,18.3682571605884
7.5,11.5,21.1028844166012
7.5,12.5,21.6055153274247
7.5,13.5,19.5025646899471
7.5,14.5,15.346555460466
7.5,15.5,10.2942946114132
7.5,16.5,5.49373492448867
7.5,17.5,1.6481697862332
0,0,0
8.5,0.5,21.0767949885285
8.5,1.5,13.2561409469096
8.5,2.5,7.4500542078705
8.5,3.5,3.72268787806535
8.5,4.5,2.0179199802874
8.5,5.5,2.39611067421747
8.5,6.5,5.15275453161865
8.5,7.5,10.7608282537598
8.5,8.5,19.5383217432519
8.5,9.5,31.0039335629028
8.5,10.5,43.1963605327493
8.5,11.5,52.6984317335177
8.5,12.5,56.0205745626059
8.5,13.5,51.7403591474681
8.5,14.5,41.5177450669381
8.5,15.5,28.928384254164
8.5,16.5,17.2997643123659
8.5,17.5,8.3988756082323
8.5,18.5,2.47214377271363
9.5,0.5,2.77442016647955
9.5,1.5,0.952458507544916
0,0,0
0,0,0
0,0,0
9.5,5.5,2.7534751583466
9.5,6.5,10.2583473500358
9.5,7.5,24.0532420770753
9.5,8.5,46.1650940069077
9.5,9.5,76.6624194095045
9.5,10.5,111.044315002982
9.5,11.5,139.288825015137
9.5,12.5,149.920989632783
9.5,13.5,137.964361104267
9.5,14.5,109.047044083191
9.5,15.5,74.7849530075654
9.5,16.5,44.877995784282
9.5,17.5,23.4030868432779
9.5,18.5,9.98969652742182
0,0,0
0,0,0
0,0,0
0,0,0
0,0,0
10.5,5.5,7.10893459834152
10.5,6.5,23.2186014652789
10.5,7.5,53.8668796678008
10.5,8.5,106.376494869604
10.5,9.5,184.622166843985
10.5,10.5,279.759972938998
10.5,11.5,362.861996006108
10.5,12.5,395.291684777413
10.5,13.5,359.063914207629
10.5,14.5,274.403974473214
10.5,15.5,180.130013745989
10.5,16.5,103.896157114437
10.5,17.5,53.3579630814232
10.5,18.5,24.0952015168679
0,0,0
0,0,0
0,0,0
0,0,0
11.5,4.5,1.70491645868867
11.5,5.5,16.0269565714672
11.5,6.5,46.9032747977641
11.5,7.5,109.875185764035
11.5,8.5,227.495379416129
11.5,9.5,420.852696960973
11.5,10.5,680.850721599369
11.5,11.5,928.413782997729
11.5,12.5,1029.82602787859
11.5,13.5,916.033845071224
11.5,14.5,664.393149694343
11.5,15.5,407.838306182126
11.5,16.5,220.291654877962
11.5,17.5,107.577056561028
11.5,18.5,47.7804391578292
0,0,0
0,0,0
0,0,0
0,0,0
12.5,4.5,6.10425193981952
12.5,5.5,29.4885640948158
12.5,6.5,82.8988919266392
12.5,7.5,200.873960365303
12.5,8.5,443.649832890424
12.5,9.5,893.084103378439
12.5,10.5,1584.30802897478
12.5,11.5,2332.51820883538
12.5,12.5,2664.64624308984
12.5,13.5,2291.7340579918
12.5,14.5,1535.65630757082
12.5,15.5,858.669004748005
12.5,16.5,425.628215106913
12.5,17.5,194.145365039609
12.5,18.5,82.6025021148506
0,0,0
0,0,0
0,0,0
0,0,0
13.5,4.5,11.674665357387
13.5,5.5,45.8556973152452
13.5,6.5,128.28434274813
13.5,7.5,323.591980459686
13.5,8.5,767.372837759514
13.5,9.5,1705.81567073182
13.5,10.5,3423.69703126422
13.5,11.5,5692.92012409024
13.5,12.5,6859.31805809447
13.5,13.5,5555.23220385058
13.5,14.5,3289.18402667805
13.5,15.5,1626.39331830254
13.5,16.5,730.189354779103
13.5,17.5,309.469559465802
13.5,18.5,125.315359876361
0,0,0
0,0,0
0,0,0
0,0,0
14.5,4.5,16.8222730014363
14.5,5.5,60.8207233669068
14.5,6.5,171.24108487022
14.5,7.5,447.592871085132
14.5,8.5,1129.0632723702
14.5,9.5,2759.57599930106
14.5,10.5,6392.79942830233
14.5,11.5,12912.3256097347
14.5,12.5,17474.1858874737
14.5,13.5,12437.9722312585
14.5,14.5,6072.84189745728
14.5,15.5,2610.23176576969
14.5,16.5,1067.5755330642
14.5,17.5,425.023976573332
14.5,18.5,165.164898275652
0,0,0
0,0,0
0,0,0
0,0,0
15.5,4.5,19.7267771358302
15.5,5.5,68.9141598387284
15.5,6.5,194.712675434555
15.5,7.5,518.213126394033
15.5,8.5,1349.86412839165
15.5,9.5,3481.79487415444
15.5,10.5,8901.43867993252
15.5,11.5,22182.8437106792
15.5,12.5,38799.3903869441
15.5,13.5,20956.0756718032
15.5,14.5,8382.59079505511
15.5,15.5,3278.00398401166
15.5,16.5,1272.23214290468
15.5,17.5,490.417290378729
15.5,18.5,186.705810053574
0,0,0
0,0,0
0,0,0
16.5,3.5,0.0545727309282602
16.5,4.5,19.2984426083886
16.5,5.5,66.8235265038463
16.5,6.5,187.570090828682
16.5,7.5,495.297652078909
16.5,8.5,1275.82728616484
16.5,9.5,3231.57966255105
16.5,10.5,7980.63369171507
16.5,11.5,18271.595218837
16.5,12.5,27979.1217017057
16.5,13.5,17411.6196986203
16.5,14.5,7539.07201402239
16.5,15.5,3047.0089754268
16.5,16.5,1203.40721165014
16.5,17.5,468.831166583284
16.5,18.5,179.718135333195
0,0,0
0,0,0
0,0,0
0,0,0
17.5,4.5,15.7792146727158
17.5,5.5,55.5806493283341
17.5,6.5,153.573258356745
17.5,7.5,392.786733333973
17.5,8.5,962.311261749021
17.5,9.5,2252.11919792316
17.5,10.5,4870.75141454579
17.5,11.5,8872.93324610907
17.5,12.5,11216.2604894206
17.5,13.5,8609.30453258445
17.5,14.5,4652.44655786917
17.5,15.5,2137.43734131988
17.5,16.5,911.645369961734
17.5,17.5,373.0805238793
17.5,18.5,147.68383446283
0,0,0
0,0,0
0,0,0
0,0,0
18.5,4.5,10.5094923784233
18.5,5.5,39.7114784549214
18.5,6.5,108.035030181467
18.5,7.5,264.029330183942
18.5,8.5,602.682374706633
18.5,9.5,1274.70230241031
18.5,10.5,2401.63947090122
18.5,11.5,3740.35336596294
18.5,12.5,4374.29002634064
18.5,13.5,3663.37463100292
18.5,14.5,2317.43902388964
18.5,15.5,1219.61596011067
18.5,16.5,574.664736466559
18.5,17.5,252.339686258536
18.5,18.5,104.760136496121
