"X","Y","Z"
0.5,0.5,15797.3622018267
0.5,1.5,13977.222706473
0.5,2.5,12083.0820593182
0.5,3.5,10234.851097796
0.5,4.5,8517.27300738913
0.5,5.5,6980.73084822442
0.5,6.5,5647.11337526517
0.5,7.5,4517.480501952
0.5,8.5,3579.40565712735
0.5,9.5,2812.96829888868
0.5,10.5,2195.12819277198
0.5,11.5,1702.62439535084
0.5,12.5,1313.70497064074
0.5,13.5,1009.01398841188
0.5,14.5,771.917205311705
0.5,15.5,588.482578740139
0.5,16.5,447.269053518947
0.5,17.5,339.025713112258
0.5,18.5,256.365041471948
1.5,0.5,11842.4671173889
1.5,1.5,10582.3181129544
1.5,2.5,9249.08924237895
1.5,3.5,7925.1446066742
1.5,4.5,6672.65441137361
1.5,5.5,5532.32955947095
1.5,6.5,4525.72460985539
1.5,7.5,3659.31150299244
1.5,8.5,2928.9325613578
1.5,9.5,2323.79431269049
1.5,10.5,1829.63276824621
1.5,11.5,1430.99106438881
1.5,12.5,1112.71490320668
1.5,13.5,860.833593072085
1.5,14.5,662.997698016371
1.5,15.5,508.619750161295
1.5,16.5,388.831305034258
1.5,17.5,296.337750331972
1.5,18.5,225.225826477178
2.5,0.5,8851.23189821876
2.5,1.5,7977.0820092276
2.5,2.5,7039.25955222014
2.5,3.5,6093.80839915798
2.5,4.5,5185.28630744056
2.5,5.5,4345.03586721897
2.5,6.5,3591.80588510937
2.5,7.5,2933.78121260138
2.5,8.5,2371.17399651796
2.5,9.5,1898.77955313975
2.5,10.5,1508.16357003832
2.5,11.5,1189.35306601953
2.5,12.5,932.034446240867
2.5,13.5,726.32919132595
2.5,14.5,563.241103702682
2.5,15.5,434.86704583465
2.5,16.5,334.449176288242
2.5,17.5,256.329156623452
2.5,18.5,195.84810810614
3.5,0.5,6600.05819127896
3.5,1.5,5992.35805651773
3.5,2.5,5332.61515749728
3.5,3.5,4658.7717942237
3.5,4.5,4002.28787065167
3.5,5.5,3386.56008743924
3.5,6.5,2826.83074993569
3.5,7.5,2331.11275294408
3.5,8.5,1901.63967550218
3.5,9.5,1536.44814303092
3.5,10.5,1230.83634218436
3.5,11.5,978.567771899875
3.5,12.5,772.781308285959
3.5,13.5,606.625025202473
3.5,14.5,473.658845624714
3.5,15.5,368.079337311391
3.5,16.5,284.817054681714
3.5,17.5,219.548734206985
3.5,18.5,168.657110699296
4.5,0.5,4912.19525360295
4.5,1.5,4488.78553728396
4.5,2.5,4024.413921344
4.5,3.5,3544.70787123715
4.5,4.5,3071.66475349805
4.5,5.5,2622.39280105409
4.5,6.5,2208.7750018827
4.5,7.5,1837.82754022216
4.5,8.5,1512.47791923705
4.5,9.5,1232.51683969308
4.5,10.5,995.54343277458
4.5,11.5,797.794812915418
4.5,12.5,634.81057796586
4.5,13.5,501.924586802535
4.5,14.5,394.600864551946
4.5,15.5,308.641730932115
4.5,16.5,240.29870712765
4.5,17.5,186.314237892539
4.5,18.5,143.917497705919
5.5,0.5,3650.30753095696
5.5,1.5,3354.64493877568
5.5,2.5,3027.51832880116
5.5,3.5,2686.22663177458
5.5,4.5,2346.05396950751
5.5,5.5,2019.33259532457
5.5,6.5,1715.07015991022
5.5,7.5,1439.03639603706
5.5,8.5,1194.15952786292
5.5,9.5,981.083684402849
5.5,10.5,798.76701847935
5.5,11.5,645.03868945864
5.5,12.5,517.069356140332
5.5,13.5,411.738327608051
5.5,14.5,325.899543298115
5.5,15.5,256.559205024624
5.5,16.5,200.982300396334
5.5,17.5,156.745636132905
5.5,18.5,121.753139487021
6.5,0.5,2708.92121610316
6.5,1.5,2502.00992132983
6.5,2.5,2271.33715945219
6.5,3.5,2028.58530513057
6.5,4.5,1784.32979154302
6.5,5.5,1547.3685043977
6.5,6.5,1324.3939317648
6.5,7.5,1119.96292385107
6.5,8.5,936.684269796618
6.5,9.5,775.536341072861
6.5,10.5,636.237588942102
6.5,11.5,517.61233219435
6.5,12.5,417.915546956073
6.5,13.5,335.098734533882
6.5,14.5,267.012499175864
6.5,15.5,211.550109670893
6.5,16.5,166.740876393506
6.5,17.5,130.803786143447
6.5,18.5,102.171580076739
7.5,0.5,2007.66786932666
7.5,1.5,1862.54451399447
7.5,2.5,1699.71235347306
7.5,3.5,1527.06931464144
7.5,4.5,1351.90981515217
7.5,5.5,1180.45758945397
7.5,6.5,1017.60665870524
7.5,7.5,866.852318184641
7.5,8.5,730.369927498679
7.5,9.5,609.190590484022
7.5,10.5,503.425746932766
7.5,11.5,412.502256910344
7.5,12.5,335.381385306541
7.5,13.5,270.746260928745
7.5,14.5,217.151373774521
7.5,15.5,173.134022614536
7.5,16.5,137.291513509771
7.5,17.5,108.329829186586
7.5,18.5,85.0900117869173
8.5,0.5,1485.59780267271
8.5,1.5,1383.55930548435
8.5,2.5,1268.49387386425
8.5,3.5,1145.74785387898
8.5,4.5,1020.33338336678
8.5,5.5,896.611863142328
8.5,6.5,778.105389696434
8.5,7.5,667.427648894135
8.5,8.5,566.3107900086
8.5,9.5,475.69906237847
8.5,10.5,395.880863828437
8.5,11.5,326.635381489783
8.5,12.5,267.376007254002
8.5,13.5,217.278803553297
8.5,14.5,175.389674980429
8.5,15.5,140.708147796396
8.5,16.5,112.248642760979
8.5,17.5,89.0819329946735
8.5,18.5,70.3603261773239
9.5,0.5,1096.5361939527
9.5,1.5,1024.54898231468
9.5,2.5,943.162329476843
9.5,3.5,855.99833791275
9.5,4.5,766.470617868582
9.5,5.5,677.582124548716
9.5,6.5,591.805405896556
9.5,7.5,511.034715040356
9.5,8.5,436.593424102207
9.5,9.5,369.280563409702
9.5,10.5,309.442636649159
9.5,11.5,257.058943354337
9.5,12.5,211.830426659016
9.5,13.5,173.264084740762
9.5,14.5,140.747380352276
9.5,15.5,113.6095660296
9.5,16.5,91.1690193286454
9.5,17.5,72.7672969864464
9.5,18.5,57.7916092736628
10.5,0.5,805.321940136421
10.5,1.5,754.223215703739
10.5,2.5,696.62851623512
10.5,3.5,634.988193798563
10.5,4.5,571.562763138919
10.5,5.5,508.320773745016
10.5,6.5,446.897278192691
10.5,7.5,388.585995014552
10.5,8.5,334.346336865232
10.5,9.5,284.819587234136
10.5,10.5,240.355500875941
10.5,11.5,201.050258948049
10.5,12.5,166.793357957406
10.5,13.5,137.318509249335
10.5,14.5,112.253229001729
10.5,15.5,91.1629774686467
10.5,16.5,73.5874724662061
10.5,17.5,59.0684318486373
10.5,18.5,47.1691713244965
11.5,0.5,584.708653810333
11.5,1.5,547.920893967027
11.5,2.5,507.191838532493
11.5,3.5,464.162834366671
11.5,4.5,420.182297944122
11.5,5.5,376.326464998383
11.5,6.5,333.477580862531
11.5,7.5,292.385979013322
11.5,8.5,253.686189467261
11.5,9.5,217.880167735512
11.5,10.5,185.31504114384
11.5,11.5,156.174433342225
11.5,12.5,130.488470443022
11.5,13.5,108.158257494207
11.5,14.5,88.9875389247274
11.5,15.5,72.7150993874978
11.5,16.5,59.0437047265843
11.5,17.5,47.6635548205889
11.5,18.5,38.269782459501
12.5,0.5,412.666635010516
12.5,1.5,385.203811084255
12.5,2.5,356.524681205663
12.5,3.5,327.683679870692
12.5,4.5,299.12253240436
12.5,5.5,270.921886152485
12.5,6.5,243.120129022334
12.5,7.5,215.901817396164
12.5,8.5,189.612650757516
12.5,9.5,164.672458899254
12.5,10.5,141.472795243446
12.5,11.5,120.307254614932
12.5,12.5,101.343847839017
12.5,13.5,84.6290723225643
12.5,14.5,70.1092409636312
12.5,15.5,57.6577032568215
12.5,16.5,47.1011109814969
12.5,17.5,38.2414964526226
12.5,18.5,30.8732035765683
13.5,0.5,269.773437126385
13.5,1.5,247.312759199073
13.5,2.5,227.424211935183
13.5,3.5,210.667613380457
13.5,4.5,196.179750040091
13.5,5.5,182.50053628642
13.5,6.5,168.451194668418
13.5,7.5,153.541042778354
13.5,8.5,137.900468769123
13.5,9.5,122.006456907138
13.5,10.5,106.422559585209
13.5,11.5,91.6383567014633
13.5,12.5,78.0033217379305
13.5,13.5,65.7208304135944
13.5,14.5,54.8708848735361
13.5,15.5,45.4415408670381
13.5,16.5,37.3589131474786
13.5,17.5,30.5118247861281
13.5,18.5,24.7703647051994
14.5,0.5,136.30744670368
14.5,1.5,113.986738898162
14.5,2.5,100.893458523889
14.5,3.5,96.9979878629183
14.5,4.5,98.8061089512815
14.5,5.5,101.82979169196
14.5,6.5,102.833535736279
14.5,7.5,100.517508122933
14.5,8.5,95.0412026060552
14.5,9.5,87.2644476370391
14.5,10.5,78.1871589212577
14.5,11.5,68.6664062983095
14.5,12.5,59.3272340284873
14.5,13.5,50.5718570318802
14.5,14.5,42.6248786566712
14.5,15.5,35.5832763065415
14.5,16.5,29.4589525873205
14.5,17.5,24.2110111433056
14.5,18.5,19.768676946475
0,0,0
0,0,0
0,0,0
0,0,0
0,0,0
15.5,5.5,19.691242274946
15.5,6.5,40.3728830208082
15.5,7.5,52.9246229296946
15.5,8.5,58.2906267490946
15.5,9.5,58.4169482208201
15.5,10.5,55.2173968193182
15.5,11.5,50.1929495588113
15.5,12.5,44.3871062761368
15.5,13.5,38.4662637611757
15.5,14.5,32.8233803358154
15.5,15.5,27.6671640373941
15.5,16.5,23.0883497794205
15.5,17.5,19.1054489171949
15.5,18.5,15.6950033909059
0,0,0
0,0,0
0,0,0
0,0,0
0,0,0
0,0,0
0,0,0
16.5,7.5,8.15492425547991
16.5,8.5,25.8569711388416
16.5,9.5,34.0856496047249
16.5,10.5,36.4012720235548
16.5,11.5,35.3140915527061
16.5,12.5,32.4548681212785
16.5,13.5,28.8256759032348
16.5,14.5,25.0133158193595
16.5,15.5,21.3427555409012
16.5,16.5,17.979031374562
16.5,17.5,14.9920540689746
16.5,18.5,12.3967951668116
0,0,0
0,0,0
0,0,0
0,0,0
0,0,0
0,0,0
0,0,0
0,0,0
0,0,0
17.5,9.5,13.6109450095044
17.5,10.5,21.0610093819319
17.5,11.5,23.4005866118647
17.5,12.5,22.9837181261645
17.5,13.5,21.1951577212879
17.5,14.5,18.8272645441221
17.5,15.5,16.3195477216166
17.5,16.5,13.9049317991263
17.5,17.5,11.6970771532839
17.5,18.5,9.74185266865636
0,0,0
0,0,0
0,0,0
0,0,0
0,0,0
0,0,0
0,0,0
0,0,0
0,0,0
0,0,0
18.5,10.5,8.89722329672202
18.5,11.5,14.0519659001405
18.5,12.5,15.5764317071102
18.5,13.5,15.2227748845821
18.5,14.5,13.9707698455481
18.5,15.5,12.3593465609794
18.5,16.5,10.6775672111517
18.5,17.5,9.07367823756526
18.5,18.5,7.6171212856136
