"X","Y","Z"
0.5,0.5,684.777019196233
0.5,1.5,668.563931264181
0.5,2.5,651.98205983718
0.5,3.5,634.895897684695
0.5,4.5,617.194139354887
0.5,5.5,598.792311561908
0.5,6.5,579.638130242019
0.5,7.5,559.717949152968
0.5,8.5,539.061945336555
0.5,9.5,517.745928961261
0.5,10.5,495.88855881068
0.5,11.5,473.64393224375
0.5,12.5,451.190614235474
0.5,13.5,428.718864243247
0.5,14.5,406.417977589509
0.5,15.5,384.465342530496
0.5,16.5,363.018220358717
0.5,17.5,342.208607680107
0.5,18.5,322.141006189161
1.5,0.5,739.086700439662
1.5,1.5,722.296717477218
1.5,2.5,705.014211529763
1.5,3.5,687.101639775026
1.5,4.5,668.42590876516
1.5,5.5,648.871234922761
1.5,6.5,628.354314211833
1.5,7.5,606.839337871469
1.5,8.5,584.349522086023
1.5,9.5,560.972165537926
1.5,10.5,536.855634719212
1.5,11.5,512.198596959164
1.5,12.5,487.233586446125
1.5,13.5,462.208019887135
1.5,14.5,437.365850327868
1.5,15.5,412.932327538219
1.5,16.5,389.10322250154
1.5,17.5,366.038782812605
1.5,18.5,343.861881381706
2.5,0.5,798.128844677008
2.5,1.5,780.807506516975
2.5,2.5,762.915214885209
2.5,3.5,744.282787658423
2.5,4.5,724.727652003455
2.5,5.5,704.076669206715
2.5,6.5,682.192849618099
2.5,7.5,659.001704705694
2.5,8.5,634.511700270082
2.5,9.5,608.823829734869
2.5,10.5,582.127715893314
2.5,11.5,554.685038719531
2.5,12.5,526.804148400629
2.5,13.5,498.811335519879
2.5,14.5,471.02403811451
2.5,15.5,443.729718589927
2.5,16.5,417.172090975274
2.5,17.5,391.544577245981
2.5,18.5,366.989715263939
3.5,0.5,862.221437481046
3.5,1.5,844.485886228468
3.5,2.5,826.151444477171
3.5,3.5,806.986638722493
3.5,4.5,786.72557836442
3.5,5.5,765.102397284749
3.5,6.5,741.893599228229
3.5,7.5,716.961190668972
3.5,8.5,690.286994215687
3.5,9.5,661.989227128241
3.5,10.5,632.316679756462
3.5,11.5,601.622102808637
3.5,12.5,570.321967012682
3.5,13.5,538.852317302159
3.5,14.5,507.629490415002
3.5,15.5,477.021193076964
3.5,16.5,447.32966863208
3.5,17.5,418.785781158142
3.5,18.5,391.551317945458
4.5,0.5,931.660520596547
4.5,1.5,913.71395219031
4.5,2.5,895.204622000633
4.5,3.5,875.805361948721
4.5,4.5,855.12383939371
4.5,5.5,832.751819611154
4.5,6.5,808.330363854331
4.5,7.5,781.619570015441
4.5,8.5,752.555924536181
4.5,9.5,721.280657598386
4.5,10.5,688.130191436829
4.5,11.5,653.591867817604
4.5,12.5,618.238612648938
4.5,13.5,582.660190750015
4.5,14.5,547.405662737728
4.5,15.5,512.944739562477
4.5,16.5,479.648871976256
4.5,17.5,447.788465747501
4.5,18.5,417.540932574074
5.5,0.5,1006.69786441491
5.5,1.5,988.841866665187
5.5,2.5,970.54994399559
5.5,3.5,951.361975714336
5.5,4.5,930.702886321004
5.5,5.5,907.950691987137
5.5,6.5,882.536024244416
5.5,7.5,854.055783839606
5.5,8.5,822.370714612645
5.5,9.5,787.654799143344
5.5,10.5,750.378583722177
5.5,11.5,711.232947173283
5.5,12.5,671.02038942416
5.5,13.5,630.546755390246
5.5,14.5,590.537659234896
5.5,15.5,551.589209758931
5.5,16.5,514.150427486172
5.5,17.5,478.528560338664
5.5,18.5,444.907568251313
6.5,0.5,1087.50290708365
6.5,1.5,1070.14581973315
6.5,2.5,1052.61548131493
6.5,3.5,1034.27894463021
6.5,4.5,1014.30527828143
6.5,5.5,991.754936729586
6.5,6.5,965.730476190162
6.5,7.5,935.564546284488
6.5,8.5,900.990751079054
6.5,9.5,862.232750714392
6.5,10.5,819.973640332169
6.5,11.5,775.219643086513
6.5,12.5,729.114438240659
6.5,13.5,682.767268684847
6.5,14.5,637.134263857241
6.5,15.5,592.961348804314
6.5,16.5,550.77643921287
6.5,17.5,510.911915115907
6.5,18.5,473.54068529731
7.5,0.5,1174.10684623479
7.5,1.5,1157.76223100845
7.5,2.5,1141.71279160838
7.5,3.5,1125.11684880442
7.5,4.5,1106.7969516945
7.5,5.5,1085.34567192362
7.5,6.5,1059.34926845615
7.5,7.5,1027.70353222493
7.5,8.5,989.924106985574
7.5,9.5,946.315012167903
7.5,10.5,897.909386857597
7.5,11.5,846.214792685449
7.5,12.5,792.887127303153
7.5,13.5,739.457594957428
7.5,14.5,687.172637800411
7.5,15.5,636.941875524208
7.5,16.5,589.358103027065
7.5,17.5,544.752015533618
7.5,18.5,503.255658736346
8.5,0.5,1266.32789987327
8.5,1.5,1251.59139009591
8.5,2.5,1237.92452925323
8.5,3.5,1224.26223190493
8.5,4.5,1208.98120942009
8.5,5.5,1189.99462046954
8.5,6.5,1165.06705400774
8.5,7.5,1132.3507504676
8.5,8.5,1090.97409271738
8.5,9.5,1041.38018330363
8.5,10.5,985.204782055273
8.5,11.5,924.774537982473
8.5,12.5,862.517814891131
8.5,13.5,800.537963481171
8.5,14.5,740.422292452974
8.5,15.5,683.231190414456
8.5,16.5,629.580012392389
8.5,17.5,579.74828693544
8.5,18.5,533.781756377844
9.5,0.5,1363.68075510247
9.5,1.5,1351.16598135964
9.5,2.5,1340.93140272802
9.5,3.5,1331.73108189846
9.5,4.5,1321.4219245986
9.5,5.5,1306.96278300083
9.5,6.5,1284.80020643491
9.5,7.5,1251.77329690052
9.5,8.5,1206.28580668608
9.5,9.5,1149.04045285112
9.5,10.5,1082.76671373788
9.5,11.5,1011.1666446679
9.5,12.5,937.824011563496
9.5,13.5,865.574241417792
9.5,14.5,796.349077306422
9.5,15.5,731.289946764829
9.5,16.5,670.947296017732
9.5,17.5,615.470593650101
9.5,18.5,564.757122848202
10.5,0.5,1465.28267885226
10.5,1.5,1455.48988211366
10.5,2.5,1449.76388264594
10.5,3.5,1446.83925171036
10.5,4.5,1444.09339018466
10.5,5.5,1437.24734019235
10.5,6.5,1420.6460726053
10.5,7.5,1388.70647006142
10.5,8.5,1338.37546839599
10.5,9.5,1270.88647115678
10.5,10.5,1191.08578766214
10.5,11.5,1105.03800716559
10.5,12.5,1017.9905487632
10.5,13.5,933.596244680929
10.5,14.5,854.010866198234
10.5,15.5,780.288446581207
10.5,16.5,712.767523473507
10.5,17.5,651.358922010732
10.5,18.5,595.737292929602
11.5,0.5,1569.78577579355
11.5,1.5,1562.87812403591
11.5,2.5,1562.48880479477
11.5,3.5,1567.68801293945
11.5,4.5,1575.7085035214
11.5,5.5,1580.97383280317
11.5,6.5,1574.6342336271
11.5,7.5,1546.43315022797
11.5,8.5,1490.08452580719
11.5,9.5,1408.04163342017
11.5,10.5,1309.58131907567
11.5,11.5,1204.83855421515
11.5,12.5,1101.19252506827
11.5,13.5,1002.9008226943
11.5,14.5,911.978764931164
11.5,15.5,829.091991399529
11.5,16.5,754.16600377634
11.5,17.5,686.750493378661
11.5,18.5,626.225709966175
12.5,0.5,1675.38710442886
12.5,1.5,1670.87685385269
12.5,2.5,1675.91729864794
12.5,3.5,1690.47728385975
12.5,4.5,1712.51046348277
12.5,5.5,1735.94073825354
12.5,6.5,1747.87739160564
12.5,7.5,1728.81292116577
12.5,8.5,1664.24026751819
12.5,9.5,1559.9076955806
12.5,10.5,1435.23895717691
12.5,11.5,1306.93155240527
12.5,12.5,1184.18373528651
12.5,13.5,1070.93134064907
12.5,14.5,968.351553336121
12.5,15.5,876.323194258989
12.5,16.5,794.157478131153
12.5,17.5,720.947921303355
12.5,18.5,655.736303956478
13.5,0.5,1779.98128244573
13.5,1.5,1776.40055501953
13.5,2.5,1785.57560605
13.5,3.5,1808.93105687632
13.5,4.5,1846.47713136585
13.5,5.5,1894.23595285693
13.5,6.5,1937.52076115656
13.5,7.5,1939.97245474891
13.5,8.5,1861.9985960853
13.5,9.5,1720.54573389723
13.5,10.5,1560.08032661483
13.5,11.5,1404.60011151091
13.5,12.5,1262.14090261991
13.5,13.5,1134.42416049398
13.5,14.5,1020.96088250403
13.5,15.5,920.54474069271
13.5,16.5,831.792918373538
13.5,17.5,753.339277341557
13.5,18.5,683.899965859119
14.5,0.5,1881.49277915297
14.5,1.5,1876.22813836577
14.5,2.5,1886.34023323532
14.5,3.5,1914.72941495167
14.5,4.5,1964.15810135807
14.5,5.5,2036.01739024994
14.5,6.5,2124.48257104057
14.5,7.5,2180.83070928599
14.5,8.5,2073.03304165983
14.5,9.5,1868.95696530849
14.5,10.5,1668.23244596377
14.5,11.5,1488.11099778475
14.5,12.5,1329.38506039921
14.5,13.5,1190.06786239828
14.5,14.5,1067.84364968155
14.5,15.5,960.57704564317
14.5,16.5,866.380136581146
14.5,17.5,783.572980847188
14.5,18.5,710.631537736648
15.5,0.5,1978.33080501864
15.5,1.5,1967.83687559053
15.5,2.5,1973.9659292343
15.5,3.5,2000.18472369026
15.5,4.5,2050.40845070417
15.5,5.5,2128.90877520376
15.5,6.5,2239.23917576931
15.5,7.5,2354.78898943603
15.5,8.5,2207.54353802638
15.5,9.5,1958.73930608945
15.5,10.5,1739.22408675544
15.5,11.5,1548.19865349081
15.5,12.5,1381.55167821827
15.5,13.5,1235.73197878585
15.5,14.5,1107.92786270006
15.5,15.5,995.892513365309
15.5,16.5,897.740154152524
15.5,17.5,811.77887842691
15.5,18.5,736.387255300589
16.5,0.5,2069.78390817611
16.5,1.5,2050.22157689522
16.5,2.5,2046.88713790025
16.5,3.5,2062.50625723188
16.5,4.5,2099.31495904803
16.5,5.5,2157.29981841386
16.5,6.5,2227.07106404533
16.5,7.5,2259.24675029098
16.5,8.5,2156.05096834622
16.5,9.5,1963.89719527916
16.5,10.5,1765.77125308433
16.5,11.5,1582.9616092197
16.5,12.5,1418.5006543257
16.5,13.5,1271.79238104934
16.5,14.5,1141.66569446865
16.5,15.5,1026.93690328598
16.5,16.5,926.417759808465
16.5,17.5,838.811904534178
16.5,18.5,762.567182298069
17.5,0.5,2156.13448411444
17.5,1.5,2124.16253905881
17.5,2.5,2106.87812079486
17.5,3.5,2105.60711211825
17.5,4.5,2119.97401601234
17.5,5.5,2145.24304131016
17.5,6.5,2166.37888316691
17.5,7.5,2151.17425664204
17.5,8.5,2067.95558110843
17.5,9.5,1927.75867871094
17.5,10.5,1765.04203533812
17.5,11.5,1601.35707916347
17.5,12.5,1445.66457780451
17.5,13.5,1301.68846126652
17.5,14.5,1171.23775299416
17.5,15.5,1055.18246988391
17.5,16.5,953.724888961271
17.5,17.5,866.455582744803
17.5,18.5,792.126059217912
18.5,0.5,2238.41201251573
18.5,1.5,2191.72399073246
18.5,2.5,2157.91556523678
18.5,3.5,2137.17751159183
18.5,4.5,2127.64359963999
18.5,5.5,2123.51496739196
18.5,6.5,2112.79017913125
18.5,7.5,2077.94573034408
18.5,8.5,2005.27796462602
18.5,9.5,1896.18965227526
18.5,10.5,1763.22251587281
18.5,11.5,1618.96548460299
18.5,12.5,1472.65994307543
18.5,13.5,1331.27838365088
18.5,14.5,1200.10619617406
18.5,15.5,1082.75559932503
18.5,16.5,981.448280203973
18.5,17.5,897.379821798966
18.5,18.5,830.300625298731
