"X","Y","Z"
0.5,0.5,136.158743637347
0.5,1.5,151.518584298319
0.5,2.5,168.009880443101
0.5,3.5,185.570200051364
0.5,4.5,204.093816540876
0.5,5.5,223.42468769574
0.5,6.5,243.350377793549
0.5,7.5,263.597837677846
0.5,8.5,283.832135975715
0.5,9.5,303.659323170222
0.5,10.5,322.634537832769
0.5,11.5,340.276158406621
0.5,12.5,356.086214267987
0.5,13.5,369.576401457025
0.5,14.5,380.29799408019
0.5,15.5,387.872895850383
0.5,16.5,392.022308299264
0.5,17.5,392.589278498135
0.5,18.5,389.551905909348
1.5,0.5,151.564741319461
1.5,1.5,169.224683230868
1.5,2.5,188.286567108624
1.5,3.5,208.696737765172
1.5,4.5,230.350286677338
1.5,5.5,253.081151057565
1.5,6.5,276.652896045572
1.5,7.5,300.751358790298
1.5,8.5,324.980658129569
1.5,9.5,348.864311204749
1.5,10.5,371.853237781468
1.5,11.5,393.342143440614
1.5,12.5,412.695037543966
1.5,13.5,429.279415797327
1.5,14.5,442.507014789038
1.5,15.5,451.877308982495
1.5,16.5,457.018521766529
1.5,17.5,457.720370070577
1.5,18.5,453.953424516216
2.5,0.5,168.140305799014
2.5,1.5,188.372869558665
2.5,2.5,210.332575917915
2.5,3.5,233.982304392682
2.5,4.5,259.225301647907
2.5,5.5,285.891535095448
2.5,6.5,313.724164044845
2.5,7.5,342.367587015867
2.5,8.5,371.359069556311
2.5,9.5,400.126449522258
2.5,10.5,427.994694228455
2.5,11.5,454.203925145158
2.5,12.5,477.940692222441
2.5,13.5,498.382606866577
2.5,14.5,514.75397421599
2.5,15.5,526.387182610988
2.5,16.5,532.782056972772
2.5,17.5,533.654107604113
2.5,18.5,528.963377829019
3.5,0.5,185.846655763822
3.5,1.5,208.933810624289
3.5,2.5,234.135072102548
3.5,3.5,261.440378972785
3.5,4.5,290.771822348454
3.5,5.5,321.965270493284
3.5,6.5,354.751083373656
3.5,7.5,388.735621367892
3.5,8.5,423.386110393968
3.5,9.5,458.022325133906
3.5,10.5,491.819277758935
3.5,11.5,523.825304395418
3.5,12.5,552.999178270642
3.5,13.5,578.267729192842
3.5,14.5,598.601771835344
3.5,15.5,613.1033771356
3.5,16.5,621.092856235169
3.5,17.5,622.181021994429
3.5,18.5,616.312980494994
4.5,0.5,204.615853883079
4.5,1.5,230.841542321087
4.5,2.5,259.636129678944
4.5,3.5,291.030403545551
4.5,4.5,324.980210363536
4.5,5.5,361.342325254002
4.5,6.5,399.847725664843
4.5,7.5,440.074093461913
4.5,8.5,481.420633716959
4.5,9.5,523.089799973589
4.5,10.5,564.082012329079
4.5,11.5,603.210451781752
4.5,12.5,639.142741177818
4.5,13.5,670.473871124407
4.5,14.5,695.829457788745
4.5,15.5,713.990609352669
4.5,16.5,724.023127311403
4.5,17.5,725.387733022589
4.5,18.5,718.007978618611
5.5,0.5,224.35211580973
5.5,1.5,253.992356847932
5.5,2.5,286.728020529795
5.5,3.5,322.648165509863
5.5,4.5,361.762382365621
5.5,5.5,403.969982759764
5.5,6.5,449.024029535382
5.5,7.5,496.491882014773
5.5,8.5,545.715659515126
5.5,9.5,595.778336628083
5.5,10.5,645.483892419355
5.5,11.5,693.362443733156
5.5,12.5,737.712401391477
5.5,13.5,776.689626845159
5.5,14.5,808.44654366947
5.5,15.5,831.311635097012
5.5,16.5,843.984086780632
5.5,17.5,845.705436997296
5.5,18.5,836.367525026466
6.5,0.5,244.938843094203
6.5,1.5,278.249487551748
6.5,2.5,315.253858022957
6.5,3.5,356.120414691112
6.5,4.5,400.938240702218
6.5,5.5,449.678954500699
6.5,6.5,502.149820486633
6.5,7.5,557.939115894709
6.5,8.5,616.356960713072
6.5,9.5,676.378063465418
6.5,10.5,736.597249704209
6.5,11.5,795.213726966385
6.5,12.5,850.064211149358
6.5,13.5,898.725214468799
6.5,14.5,938.696817561491
6.5,15.5,967.66102450437
6.5,16.5,983.779256197917
6.5,17.5,985.96596951348
6.5,18.5,974.065268851573
7.5,0.5,266.255000219235
7.5,1.5,303.457701230986
7.5,2.5,345.018048636679
7.5,3.5,391.20830132895
7.5,4.5,442.22881017429
7.5,5.5,498.162697591298
7.5,6.5,558.916892539244
7.5,7.5,624.149291584736
7.5,8.5,693.184130571164
7.5,9.5,764.921688622724
7.5,10.5,837.754877283326
7.5,11.5,909.514230821723
7.5,12.5,977.472828581793
7.5,13.5,1038.44918422141
7.5,14.5,1089.04075338046
7.5,15.5,1125.99380361314
7.5,16.5,1146.66441924183
7.5,17.5,1149.4663097014
7.5,18.5,1134.16975808743
8.5,0.5,288.206158652767
8.5,1.5,329.473927556565
8.5,2.5,375.813292530337
8.5,3.5,427.626734680659
8.5,4.5,485.263227867729
8.5,5.5,548.966709075686
8.5,6.5,618.804900835302
8.5,7.5,694.576200602902
8.5,8.5,775.694247835337
8.5,9.5,861.053884976006
8.5,10.5,948.890277866021
8.5,11.5,1036.65672350677
8.5,12.5,1120.96629262135
8.5,13.5,1197.66306316804
8.5,14.5,1262.09605399665
8.5,15.5,1309.63912595453
8.5,16.5,1336.4134118537
8.5,17.5,1340.04215601661
8.5,18.5,1320.17768328751
9.5,0.5,310.777987428255
9.5,1.5,356.222968147239
9.5,2.5,407.474130299286
9.5,3.5,465.090274188006
9.5,4.5,529.610494598749
9.5,5.5,601.498668808376
9.5,6.5,681.061364693931
9.5,7.5,768.334305263107
9.5,8.5,862.933043473126
9.5,9.5,963.866009786094
9.5,10.5,1069.31576395847
9.5,11.5,1176.41185529174
9.5,12.5,1281.05102829196
9.5,13.5,1377.8672016307
9.5,14.5,1460.49705627502
9.5,15.5,1522.27828071809
9.5,16.5,1557.38667849567
9.5,17.5,1562.15047087218
9.5,18.5,1536.02572546485
10.5,0.5,334.12355395904
10.5,1.5,383.79158378038
10.5,2.5,439.971690966831
10.5,3.5,503.400995926301
10.5,4.5,574.851859637964
10.5,5.5,655.075643737864
10.5,6.5,744.712299798792
10.5,7.5,844.15880347298
10.5,8.5,953.387407208361
10.5,9.5,1071.70279246374
10.5,10.5,1197.42989513593
10.5,11.5,1327.53998896471
10.5,12.5,1457.26514876489
10.5,13.5,1579.83546252575
10.5,14.5,1686.59533152544
10.5,15.5,1767.84197670771
10.5,16.5,1814.59402497966
10.5,17.5,1820.95887615813
10.5,18.5,1786.04889988569
11.5,0.5,358.701090221242
11.5,1.5,412.580600252221
11.5,2.5,473.571076143953
11.5,3.5,542.600406638071
11.5,4.5,620.7159526709
11.5,5.5,709.030809904216
11.5,6.5,808.627361976845
11.5,7.5,920.411767731486
11.5,8.5,1044.90748940351
11.5,9.5,1181.96603812055
11.5,10.5,1330.36344058989
11.5,11.5,1487.25227142086
11.5,12.5,1647.47459174631
11.5,13.5,1802.85513436064
11.5,14.5,1941.84270887534
11.5,15.5,2050.22327342413
11.5,16.5,2113.72853846394
11.5,17.5,2122.43416364246
11.5,18.5,2074.80898606136
12.5,0.5,385.486747874305
12.5,1.5,443.544338284578
12.5,2.5,509.082968589576
12.5,3.5,583.216726597784
12.5,4.5,667.306309712874
12.5,5.5,762.908317671556
12.5,6.5,871.670061362329
12.5,7.5,995.171401961877
12.5,8.5,1134.70597215985
12.5,9.5,1290.9724585591
12.5,10.5,1463.61636735448
12.5,11.5,1650.53163425109
12.5,12.5,1846.82115363604
12.5,13.5,2043.3942283156
12.5,14.5,2225.52269677366
12.5,15.5,2372.54965229818
12.5,16.5,2461.10650065765
12.5,17.5,2473.40516499985
12.5,18.5,2406.59598865499
13.5,0.5,416.298520532787
13.5,1.5,478.561687016199
13.5,2.5,548.256769083508
13.5,3.5,626.652217218922
13.5,4.5,715.459809160786
13.5,5.5,816.779194760682
13.5,6.5,932.965743572588
13.5,7.5,1066.44697381438
13.5,8.5,1219.50026428056
13.5,9.5,1393.96686064809
13.5,10.5,1590.82111155354
13.5,11.5,1809.43944089917
13.5,12.5,2046.31472249938
13.5,13.5,2292.86585216805
13.5,14.5,2532.12479424416
13.5,15.5,2735.31907491999
13.5,16.5,2863.3058990292
13.5,17.5,2881.5156758384
13.5,18.5,2784.03636881939
14.5,0.5,454.28436703805
14.5,1.5,521.006706196851
14.5,2.5,594.387594233899
14.5,3.5,675.775304975175
14.5,4.5,767.284938422835
14.5,5.5,871.710754413318
14.5,6.5,992.311454780898
14.5,7.5,1132.5518357318
14.5,8.5,1295.86438254059
14.5,9.5,1485.42886314643
14.5,10.5,1703.88368018547
14.5,11.5,1952.7793862139
14.5,12.5,2231.41129389654
14.5,13.5,2534.30902988172
14.5,14.5,2845.9946198132
14.5,15.5,3131.32237128299
14.5,16.5,3325.70596428272
14.5,17.5,3354.72291419531
14.5,18.5,3203.9432363914
15.5,0.5,504.650510027015
15.5,1.5,576.623530556267
15.5,2.5,653.250003934819
15.5,3.5,735.813198895677
15.5,4.5,826.940729358631
15.5,5.5,930.412644243962
15.5,6.5,1050.72455035465
15.5,7.5,1192.62742964022
15.5,8.5,1360.8147123242
15.5,9.5,1559.790813438
15.5,10.5,1793.82882084519
15.5,11.5,2066.83261476623
15.5,12.5,2381.78637948194
15.5,13.5,2739.08281605196
15.5,14.5,3131.70324436751
15.5,15.5,3530.79636916436
15.5,16.5,3845.81607934258
15.5,17.5,3898.3735716377
15.5,18.5,3643.30743396424
16.5,0.5,575.732749189166
16.5,1.5,654.866986611626
16.5,2.5,734.537175741458
16.5,3.5,815.687875478883
16.5,4.5,901.727909229151
16.5,5.5,998.056264548039
16.5,6.5,1111.07190407194
16.5,7.5,1247.23222387424
16.5,8.5,1412.54506056367
16.5,9.5,1612.5375328912
16.5,10.5,1852.52359744208
16.5,11.5,2137.94874502114
16.5,12.5,2474.62126845153
16.5,13.5,2868.5880732175
16.5,14.5,3324.92103554596
16.5,15.5,3841.65580117079
16.5,16.5,4367.97915060529
16.5,17.5,4488.58847939251
16.5,18.5,4008.93960034457
17.5,0.5,680.531536903143
17.5,1.5,770.953489054413
17.5,2.5,854.090287916285
17.5,3.5,930.005323836574
17.5,4.5,1003.55900861276
17.5,5.5,1083.19948921323
17.5,6.5,1178.62593652387
17.5,7.5,1298.79444808882
17.5,8.5,1451.06550826008
17.5,9.5,1641.37477041095
17.5,10.5,1874.90643486196
17.5,11.5,2156.82315654509
17.5,12.5,2492.81640044542
17.5,13.5,2889.34982409695
17.5,14.5,3353.27647700971
17.5,15.5,3888.87736930954
17.5,16.5,4471.62856544868
17.5,17.5,4626.42873668575
17.5,18.5,4066.17228055163
18.5,0.5,838.79380719611
18.5,1.5,948.976982947573
18.5,2.5,1037.37070141811
18.5,3.5,1101.98515317611
18.5,4.5,1150.80147522773
18.5,5.5,1198.58660480017
18.5,6.5,1261.2296965215
18.5,7.5,1351.59576632503
18.5,8.5,1478.36367100769
18.5,9.5,1646.89155962985
18.5,10.5,1860.6496404661
18.5,11.5,2122.30242858122
18.5,12.5,2434.0064945731
18.5,13.5,2796.42428747265
18.5,14.5,3204.75785408173
18.5,15.5,3635.0417953499
18.5,16.5,3995.69615770655
18.5,17.5,4058.30768504947
18.5,18.5,3757.67059833662
