"X","Y","Z"
0.5,0.5,964.505673698508
0.5,1.5,975.038462805365
0.5,2.5,985.597762652411
0.5,3.5,996.176841462126
0.5,4.5,1006.77015059243
0.5,5.5,1017.37399069998
0.5,6.5,1027.98514965873
0.5,7.5,1038.59252064363
0.5,8.5,1049.15523053555
0.5,9.5,1059.58183092072
0.5,10.5,1069.77459403825
0.5,11.5,1079.72351857385
0.5,12.5,1089.48041785849
0.5,13.5,1099.06443148293
0.5,14.5,1108.44590883552
0.5,15.5,1117.57184049443
0.5,16.5,1126.3825991809
0.5,17.5,1134.81695709046
0.5,18.5,1142.81236775806
1.5,0.5,969.977240917447
1.5,1.5,980.729740907451
1.5,2.5,991.522834575773
1.5,3.5,1002.35226955624
1.5,4.5,1013.21714298276
1.5,5.5,1024.12303931957
1.5,6.5,1035.08476248823
1.5,7.5,1046.11995780052
1.5,8.5,1057.20304341355
1.5,9.5,1068.14645981887
1.5,10.5,1078.65265567647
1.5,11.5,1088.76802585332
1.5,12.5,1098.73977863826
1.5,13.5,1108.63286792233
1.5,14.5,1118.39108418323
1.5,15.5,1127.93475843937
1.5,16.5,1137.18783882621
1.5,17.5,1146.07891464819
1.5,18.5,1154.53771044216
2.5,0.5,975.174645172915
2.5,1.5,986.13839498043
2.5,2.5,997.157409006098
2.5,3.5,1008.22972093033
2.5,4.5,1019.35895782565
2.5,5.5,1030.56095373595
2.5,6.5,1041.87521623824
2.5,7.5,1053.37895479086
2.5,8.5,1065.16412851372
2.5,9.5,1076.99334961096
2.5,10.5,1087.70184399076
2.5,11.5,1097.64905897737
2.5,12.5,1107.7238844703
2.5,13.5,1117.912957214
2.5,14.5,1128.06107878933
2.5,15.5,1138.04331426845
2.5,16.5,1147.76389099181
2.5,17.5,1157.14118511751
2.5,18.5,1166.09751431723
3.5,0.5,980.083956932207
3.5,1.5,991.247168657245
3.5,2.5,1002.48089351142
3.5,3.5,1013.78444248701
3.5,4.5,1025.16380140178
3.5,5.5,1036.64026049939
3.5,6.5,1048.26787305152
3.5,7.5,1060.16841577107
3.5,8.5,1072.59457040918
3.5,9.5,1085.78861718896
3.5,10.5,1096.43244783952
3.5,11.5,1106.00391982642
3.5,12.5,1116.26649702228
3.5,13.5,1126.81472378603
3.5,14.5,1137.39085762163
3.5,15.5,1147.83998416279
3.5,16.5,1158.05530757276
3.5,17.5,1167.94918093157
3.5,18.5,1177.4384734598
4.5,0.5,984.693710870768
4.5,1.5,996.040335493248
4.5,2.5,1007.47388996833
4.5,3.5,1018.99330342273
4.5,4.5,1030.6033935869
4.5,5.5,1042.32215315469
4.5,6.5,1054.19351889215
4.5,7.5,1066.30525019182
4.5,8.5,1078.77782038937
4.5,9.5,1091.40609671346
4.5,10.5,1102.7850161273
4.5,11.5,1113.38012862481
4.5,12.5,1124.22311637501
4.5,13.5,1135.25942785633
4.5,14.5,1146.31646792876
4.5,15.5,1157.26314333801
4.5,16.5,1167.99974749311
4.5,17.5,1178.43962859802
4.5,18.5,1188.49730161799
5.5,0.5,988.995757569617
5.5,1.5,1000.50419127459
5.5,2.5,1012.1187226436
5.5,3.5,1023.83592101046
5.5,4.5,1035.65634413897
5.5,5.5,1047.58864558224
5.5,6.5,1059.65338493181
5.5,7.5,1071.87804055075
5.5,8.5,1084.24874415311
5.5,9.5,1096.56633433372
5.5,10.5,1108.48262526262
5.5,11.5,1120.06597848437
5.5,12.5,1131.61789680579
5.5,13.5,1143.21072016295
5.5,14.5,1154.78255016287
5.5,15.5,1166.24879167813
5.5,16.5,1177.52789016867
5.5,17.5,1188.53960937155
5.5,18.5,1199.19910192775
6.5,0.5,992.985701898784
6.5,1.5,1004.62707279462
6.5,2.5,1016.39927038608
6.5,3.5,1028.29407473956
6.5,4.5,1040.30589265278
6.5,5.5,1052.43338973613
6.5,6.5,1064.67840845791
6.5,7.5,1077.03696100963
6.5,8.5,1089.47395597955
6.5,9.5,1101.89565525188
6.5,10.5,1114.19838100671
6.5,11.5,1126.38321418942
6.5,12.5,1138.52337944769
6.5,13.5,1150.6499855367
6.5,14.5,1162.73650093395
6.5,15.5,1174.72885901878
6.5,16.5,1186.56250177374
6.5,17.5,1198.16541268775
6.5,18.5,1209.45561664129
7.5,0.5,996.662181202316
7.5,1.5,1008.39855977925
7.5,2.5,1020.30011749856
7.5,3.5,1032.35007570599
7.5,4.5,1044.53504938724
7.5,5.5,1056.84535357155
7.5,6.5,1069.27269272571
7.5,7.5,1081.80419395116
7.5,8.5,1094.41333965807
7.5,9.5,1107.05727559141
7.5,10.5,1119.69578094965
7.5,11.5,1132.31735918709
7.5,12.5,1144.9316158743
7.5,13.5,1157.53905139001
7.5,14.5,1170.11787481369
7.5,15.5,1182.6281435334
7.5,16.5,1195.01732136499
7.5,17.5,1207.22155840765
7.5,18.5,1219.16363142335
8.5,0.5,1000.02378115254
8.5,1.5,1011.80748583626
8.5,2.5,1023.8052660378
8.5,3.5,1035.98544111482
8.5,4.5,1048.3241226284
8.5,5.5,1060.80403677297
8.5,6.5,1073.41151564216
8.5,7.5,1086.13248121722
8.5,8.5,1098.94878912967
8.5,9.5,1111.83822679199
8.5,10.5,1124.78038191039
8.5,11.5,1137.76277302109
8.5,12.5,1150.77829095055
8.5,13.5,1163.81609416657
8.5,14.5,1176.85522360632
8.5,15.5,1189.86332493749
8.5,16.5,1202.79694006441
8.5,17.5,1215.60059297851
8.5,18.5,1228.20401907819
9.5,0.5,1003.06225664981
9.5,1.5,1014.8385508875
9.5,2.5,1026.89664112203
9.5,3.5,1039.18040987136
9.5,4.5,1051.65130383458
9.5,5.5,1064.28367641694
9.5,6.5,1077.05977215499
9.5,7.5,1089.96546953619
9.5,8.5,1102.98738399259
9.5,9.5,1116.11202672184
9.5,10.5,1129.32690762979
9.5,11.5,1142.62156587392
9.5,12.5,1155.9862225211
9.5,13.5,1169.40842501288
9.5,14.5,1182.86993757494
9.5,15.5,1196.34487954982
9.5,16.5,1209.79832613894
9.5,17.5,1223.18424555877
9.5,18.5,1236.44208341648
10.5,0.5,1005.75201753217
10.5,1.5,1017.468140427
10.5,2.5,1029.55279303257
10.5,3.5,1041.91413075806
10.5,4.5,1054.4943930317
10.5,5.5,1067.25817224099
10.5,6.5,1080.18348849341
10.5,7.5,1093.25572646578
10.5,8.5,1106.46390123828
10.5,9.5,1119.79875784581
10.5,10.5,1133.2520747638
10.5,11.5,1146.81622631488
10.5,12.5,1160.48319166745
10.5,13.5,1174.2429574334
10.5,14.5,1188.08181118346
10.5,15.5,1201.9807916272
10.5,16.5,1215.91402485958
10.5,17.5,1229.84639933029
10.5,18.5,1243.72999852663
11.5,0.5,1008.03993788861
11.5,1.5,1019.66162362095
11.5,2.5,1031.74871893757
11.5,3.5,1044.16547104736
11.5,4.5,1056.8324460247
11.5,5.5,1069.70396601344
11.5,6.5,1082.75377602335
11.5,7.5,1095.96638688319
11.5,8.5,1109.33204831034
11.5,9.5,1122.84397373986
11.5,10.5,1136.49686161252
11.5,11.5,1150.28598502212
11.5,12.5,1164.2063594583
11.5,13.5,1178.25180787874
11.5,14.5,1192.41394759835
11.5,15.5,1206.68108958691
11.5,16.5,1221.03686210398
11.5,17.5,1235.45819677057
11.5,18.5,1249.91216643528
12.5,0.5,1009.84559593363
12.5,1.5,1021.37593000711
12.5,2.5,1033.45804200664
12.5,3.5,1045.91467261005
12.5,4.5,1058.64723251839
12.5,5.5,1071.60144470698
12.5,6.5,1084.74762483177
12.5,7.5,1098.0695508351
12.5,8.5,1111.55826405805
12.5,9.5,1125.20866831611
12.5,10.5,1139.01767584036
12.5,11.5,1152.98314642902
12.5,12.5,1167.103176354
12.5,13.5,1181.37551041751
12.5,14.5,1195.79697376383
12.5,15.5,1210.36283471139
12.5,16.5,1225.06594117214
12.5,17.5,1239.89535673113
12.5,18.5,1254.83405607965
13.5,0.5,1011.08283697058
13.5,1.5,1022.57000465584
13.5,2.5,1034.65799961977
13.5,3.5,1047.14586417816
13.5,4.5,1059.92465395656
13.5,5.5,1072.93573950669
13.5,6.5,1086.14792327683
13.5,7.5,1099.54491465912
13.5,8.5,1113.11850091764
13.5,9.5,1126.8648483707
13.5,10.5,1140.7825143179
13.5,11.5,1154.87137730635
13.5,12.5,1169.13204596568
13.5,13.5,1183.56551096396
13.5,14.5,1198.17291386641
13.5,15.5,1212.95534221185
13.5,16.5,1227.91353582765
13.5,17.5,1243.04730932444
13.5,18.5,1258.35434065956
14.5,0.5,1011.6989608603
14.5,1.5,1023.22007742002
14.5,2.5,1035.335652795
14.5,3.5,1047.84975252588
14.5,4.5,1060.65600251483
14.5,5.5,1073.69727757852
14.5,6.5,1086.94342978266
14.5,7.5,1100.37905282042
14.5,8.5,1113.99679973847
14.5,9.5,1127.79376637369
14.5,10.5,1141.76956538941
14.5,11.5,1155.92533315249
14.5,12.5,1170.26325652658
14.5,13.5,1184.78640091078
14.5,14.5,1199.49872694577
14.5,15.5,1214.40523126548
14.5,16.5,1229.51214835846
14.5,17.5,1244.82710047822
14.5,18.5,1260.35894783287
15.5,0.5,1011.70487862149
15.5,1.5,1023.33040739749
15.5,2.5,1035.49197904997
15.5,3.5,1048.02530099472
15.5,4.5,1060.83869666657
15.5,5.5,1073.88207306105
15.5,6.5,1087.12874964403
15.5,7.5,1100.56509432468
15.5,8.5,1114.18472035857
15.5,9.5,1127.98529584941
15.5,10.5,1141.9668365251
15.5,11.5,1156.13084265376
15.5,12.5,1170.4799282172
15.5,13.5,1185.01775793096
15.5,14.5,1199.7492046086
15.5,15.5,1214.6806922163
15.5,16.5,1229.82070902977
15.5,17.5,1245.18045304001
15.5,18.5,1260.77446853291
16.5,0.5,1011.16940576371
16.5,1.5,1022.9313853837
16.5,2.5,1035.14123021058
16.5,3.5,1047.67951591049
16.5,4.5,1060.47620203516
16.5,5.5,1073.4916579674
16.5,6.5,1086.70420966477
16.5,7.5,1100.10251146655
16.5,8.5,1113.68106543475
16.5,9.5,1127.43767485113
16.5,10.5,1141.37205078952
16.5,11.5,1155.48510029603
16.5,12.5,1169.77862647598
16.5,13.5,1184.25529752717
16.5,14.5,1198.9188207572
16.5,15.5,1213.77430662779
16.5,16.5,1228.82883492774
16.5,17.5,1244.09223545103
16.5,18.5,1259.57803777433
17.5,0.5,1010.18323902966
17.5,1.5,1022.06661077592
17.5,2.5,1034.30605903828
17.5,3.5,1046.82550646954
17.5,4.5,1059.57719016665
17.5,5.5,1072.53264809715
17.5,6.5,1085.67555696572
17.5,7.5,1098.996842593
17.5,8.5,1112.49159667344
17.5,9.5,1126.15723144299
17.5,10.5,1139.99242353516
17.5,11.5,1153.99654363674
17.5,12.5,1168.16938517457
17.5,13.5,1182.51108748092
17.5,14.5,1197.02220407225
17.5,15.5,1211.70390294989
17.5,16.5,1226.55830774078
17.5,17.5,1241.58899379028
17.5,18.5,1256.80162569631
18.5,0.5,1008.82337759376
18.5,1.5,1020.77849281902
18.5,2.5,1033.01154973579
18.5,3.5,1045.47989302267
18.5,4.5,1058.15431063116
18.5,5.5,1071.0160609154
18.5,6.5,1084.05348076873
18.5,7.5,1097.25927011464
18.5,8.5,1110.62860426929
18.5,9.5,1124.15791645005
18.5,10.5,1137.84414384208
18.5,11.5,1151.68426697654
18.5,12.5,1165.67502353167
18.5,13.5,1179.81272084858
18.5,14.5,1194.09310139323
18.5,15.5,1208.51123212104
18.5,16.5,1223.06139125121
18.5,17.5,1237.73690803612
18.5,18.5,1252.52985445191
