-1.427564782181927,-0.0010456875094272899,0.8444099462809782,0.8517605073783554
746,809,413,2753,288,0,506,33,318,1282,356,13,1468,4204,1201,36,1742,844,563,490
2197,657,707,500,350,4634,731,949,426,6,1151,27,1130,95,342,1280,1468,1085,169,11
140,0,1414,1225,11,116,629,966,2293,772,76,0,3274,858,460,195,2840,335,528,40
575,55,112,4019,10,596,193,1013,856,62,4119,481,63,786,28,1543,1273,106,39,29
245,2578,2124,197,791,699,252,0,98,101,156,605,658,63,1053,2437,254,435,354,65
402,481,1042,169,2,1058,16,23,4668,5964,1649,94,53,126,761,659,210,1434,78,1124
1680,210,200,519,64,2248,0,114,84,206,78,542,232,217,230,56,1086,824,6395,155
116,40,298,153,756,1639,7,366,6707,38,2789,1311,1555,2904,118,9185,127,1270,1733,814
543,214,785,121,2607,404,1874,1215,21,1209,924,25093,733,25,1368,888,38,445,2212,1499
749,1594,691,12,12,1478,195,1499,2472,1668,84,8,620,5834,1533,265,23,54,120,9515
23,1475,635,140,317,2615,1100,9760,499,83,4855,136,31,17,264,429,386,239,245,195
229,2561,1183,4535,443,2162,1274,1528,405,3315,1659,1576,641,61,168,201,4,100,68,1855
315,594,469,84,135,126,2900,759,3,142,440,0,2213,209,324,10299,449,729,0,404
26,365,23,1272,769,933,752,1274,235,4271,0,0,51,1595,29,259,710,40,1245,127
514,24,254,1063,437,917,228,0,113,1910,139,119,569,0,60,840,314,1065,305,919
299,43,365,164,106,886,1561,195,58,4318,686,81,585,702,42,577,1306,639,15,830
52,2269,5,0,103,19,2623,284,393,57,1,1535,84,214,201,226,1081,730,238,11
132,131,499,124,5055,253,136,604,171,189,358,177,13,1800,1741,326,475,157,522,278
507,1288,511,1080,125,189,4626,109,2105,539,1128,473,0,108,634,3665,0,644,1899,176
486,1476,111,0,568,990,370,135,163,1125,29,7779,1066,231,1922,300,7,1817,1389,73
