-1.5771175026284205,0.011229644915135159,0.8451619012455724,0.8872124270542767
687,266,104,383,584,473,71,3,1356,2089,6,53,1165,1965,181,2518,188,611,1021,1065
31,105,368,785,209,0,204,754,461,142,2975,49,343,666,4425,790,521,22,25,645
258,288,108,43,341,400,179,467,1648,1833,123,4934,1499,1165,118,1169,329,156,390,421
1,838,491,75,172,3,159,151,1430,1399,756,213,3950,18,1090,1135,0,624,197,414
4,285,191,311,4,725,634,3117,1430,32,1023,828,1851,2577,178,5421,26,4145,4730,15
1,51,1547,1095,49,529,197,187,884,82,7275,21,1258,468,1961,9755,639,835,1177,327
7,0,1364,5,167,507,1498,1172,4810,3708,1328,2738,961,14,16,135,859,1,1753,1008
2183,925,1049,231,2462,8,5296,48,156,1447,9,573,273,175,13,90,1807,998,3,164
0,15,3222,21,2320,750,2835,790,663,15,2752,2136,906,1086,317,747,62,2589,508,2173
10,61,4,418,505,16,1031,8,149,522,2243,2220,38,2641,572,1052,736,1318,429,172
1581,63,629,8,1213,1119,1857,1698,3,2877,0,2202,4,3462,32,414,132,576,928,81
510,178,76,39,3070,236,3117,545,35,2218,1,2559,2620,1232,654,236,1063,136,73,210
1500,109,582,418,1305,1418,1664,1473,39,579,1494,1986,54,3779,32,7355,1528,630,227,235
3,0,0,118,21,203,0,910,1291,2540,3913,447,1868,2176,43,798,2525,1400,11,10
3567,54,264,2021,1,705,1213,214,3,526,1310,1086,446,1,55,1719,2726,111,1021,2
274,153,468,3548,3352,4,16,3893,22,866,2459,225,3553,460,3860,2026,2746,1830,28,16
1456,96,3,8,358,107,688,493,1013,101,628,132,2807,730,2423,709,1705,1921,1294,5340
4138,115,1,120,1859,1230,22,4096,858,334,188,2096,227,647,2429,1824,7149,16,791,1
985,81,215,234,205,1134,219,281,448,618,113,1172,548,2362,819,17,199,427,1637,347
92,1223,81,76,417,668,742,1470,1094,388,882,53,0,1525,1329,1526,172,877,564,927
