-0.9230186943013052,0.0230523649866804,0.9985462854492079,0.9444811311324278
853,2927,2218,538,985,1299,2225,88,1118,1018,1655,415,616,454,1199,1289,2315,562,1941,5088
3577,1782,1628,969,3085,502,2284,0,901,598,1300,366,666,1807,580,192,998,740,1129,563
1718,2358,2278,329,692,1301,913,1306,822,1899,992,987,642,1238,1639,2058,46,792,594,895
773,1183,1402,530,1209,619,632,803,1570,382,315,10,2,2266,419,1027,662,654,1732,1388
744,1709,1581,1084,1366,635,145,1218,239,621,69,588,1757,831,896,1196,874,1642,351,2597
648,4822,2673,2378,1896,1243,329,620,748,56,1281,437,1302,201,2355,1823,842,1379,57,197
1246,1021,705,1542,2481,311,1196,441,939,186,662,291,1278,1435,782,710,803,732,54,448
294,1752,1401,255,395,46,1400,512,506,1185,896,486,228,2331,624,497,192,123,124,231
882,2055,73,902,109,806,796,102,589,213,586,808,814,5,100,799,670,979,629,1
1125,2046,894,683,628,423,769,197,449,601,604,940,592,448,86,942,593,249,76,736
621,1587,1619,896,1906,193,1176,434,832,0,613,1053,804,465,538,2708,786,1835,590,644
378,374,1206,783,3372,1516,529,675,922,414,827,6,153,439,739,11,383,231,516,709
9,2850,597,1514,9,202,405,2121,581,1148,760,590,1451,562,1403,943,1266,283,1672,220
2255,192,949,2989,3634,713,0,1497,156,91,312,301,109,994,561,2814,1602,513,348,4
2172,27,18,842,629,1641,239,1056,976,916,282,1333,356,595,445,70,156,1113,2199,386
274,563,1267,521,784,1279,161,639,1043,1187,312,427,306,2480,1364,428,305,1103,2978,3968
3172,1073,9,610,287,492,1597,235,689,470,861,43,824,1146,225,1142,1690,1440,329,159
2697,834,667,1688,910,919,208,1095,989,504,25,404,804,1928,64,1310,1022,2838,4683,1504
929,2221,357,316,483,277,547,1721,486,475,2149,72,1140,497,2092,840,994,798,1806,247
117,2596,2141,1127,940,582,541,1265,398,197,152,947,2670,1737,1291,1567,3266,33,3675,3279
