-0.7129115457225892,-0.0026524539463136346,0.9396195405884826,0.9500394414446929
1205,1725,377,848,1680,876,2284,180,1331,1056,1363,32,2432,680,1149,767,549,1064,237,119
457,1615,3629,341,1508,1938,358,464,357,1932,369,803,414,248,1471,1169,2101,731,5898,443
1157,1926,477,394,257,1306,541,229,768,1016,1830,393,676,2497,800,769,1935,1012,241,880
398,639,1149,1096,680,769,607,1045,1008,351,245,303,874,1615,2016,325,1025,3744,1199,3390
721,590,422,284,1095,171,1182,632,560,1505,826,494,1037,918,286,1214,474,251,982,947
1251,585,218,800,365,1389,976,1144,559,38,518,576,628,3259,916,1511,569,1164,401,305
1316,162,471,707,1997,303,460,1351,7055,1099,732,806,1181,161,0,1006,546,523,1255,2835
1452,1328,889,673,2130,1190,503,8852,127,760,701,488,1434,686,990,1199,309,2014,2589,606
1527,2226,932,275,406,625,1513,633,488,797,548,1873,1627,845,376,1195,1005,0,435,669
303,572,1233,582,269,1064,452,1153,792,690,1856,643,585,677,1529,1229,402,629,482,396
0,1605,476,843,544,570,1681,1094,1141,403,2144,362,820,349,1444,1363,261,888,226,547
1142,1636,694,737,2090,1054,2676,392,655,409,802,582,552,0,899,167,748,1127,859,874
1454,315,2437,182,292,1606,945,398,317,1356,722,441,247,174,476,542,1318,543,980,1385
818,762,1428,739,2460,1370,90,1782,296,439,488,606,933,947,1213,136,1548,90,1767,954
167,376,1247,0,1162,229,575,364,415,1077,1465,1315,672,0,4442,1046,145,699,403,353
963,372,497,1273,521,2365,349,1857,1487,338,1136,2179,146,728,535,442,1106,666,641,1057
1121,627,733,1421,1703,551,929,1644,370,504,1638,736,416,766,152,39,378,628,126,749
3445,2780,4404,602,790,1283,630,1051,1583,873,456,542,1225,1082,1027,2132,2011,1341,902,848
406,606,1083,1968,249,1036,959,636,70,1113,214,879,1628,399,386,535,942,520,260,881
597,1276,1396,3550,650,1270,605,734,1439,944,793,143,360,1991,1202,1276,563,298,1676,2237
