-1.3802280712706467,0.005926561993413015,0.8487278332533585,0.9009737616084186
554,458,1180,565,1067,66,1026,252,11,608,0,194,114,95,3107,1958,42,198,2325,875
1,75,44,1399,566,4,244,373,93,1101,3515,89,0,134,1901,1081,417,432,544,451
335,762,0,399,434,1477,287,127,2472,175,1979,19,72,596,70,1304,3,118,657,34
372,22,0,626,322,395,53,340,495,1287,181,91,2291,3431,1466,1523,541,1084,1,1160
9,246,1254,185,300,569,286,2475,1381,978,108,41,241,2458,1785,2130,576,6980,899,37
402,192,538,4427,3,696,708,70,3,324,550,1335,1899,2027,667,3344,55,143,2368,1141
1131,505,250,202,1109,588,638,188,3057,4,1591,138,3535,1,703,105,2426,1,1247,1013
9,775,526,1328,776,2395,6744,612,400,2646,234,2742,1359,342,609,791,3,1439,1334,388
360,1026,2432,2090,501,3111,2918,3701,1366,2082,195,4972,969,4542,1289,681,572,1,247,317
30,475,1827,3566,10,0,1082,847,496,175,597,908,69,2160,3727,2197,2097,1976,189,1748
650,553,225,51,981,350,466,492,39,7967,2138,548,1831,988,342,94,442,149,1295,75
700,1937,318,358,338,1854,85,1081,996,176,651,9,141,189,29,2339,53,533,364,759
0,531,4870,1255,26,485,81,1121,39,1213,7123,753,786,977,1518,4480,372,2644,434,1629
121,631,1,157,2179,634,487,1676,1958,2968,2006,404,0,2049,66,1701,53,222,1047,186
5359,1097,1409,779,691,9,542,1415,4446,1197,1519,1895,567,1,1294,2441,1706,1253,472,586
743,1,309,606,812,0,4171,4710,473,1859,611,1,2593,281,1585,488,6,700,1034,212
5289,648,1619,269,190,1329,988,731,1375,350,1483,1441,93,150,377,453,299,130,176,385
66,121,143,563,992,2896,4,3435,1057,277,95,0,553,572,268,613,3324,574,54,5
267,2266,454,609,263,5,1939,439,67,9,387,2369,1365,1506,989,184,333,691,3074,223
546,2082,1189,227,349,768,277,197,4129,1464,10,190,1260,197,1304,170,32,517,26,1224
