-0.9819947511740639,-0.0035405457724343803,0.9217832783690817,0.9006993574931856
323,825,135,1646,492,1792,238,960,1228,153,1446,2413,1128,5085,2695,141,0,458,643,319
0,925,208,208,241,540,406,464,337,1304,127,1032,786,1139,743,884,1294,0,75,6771
808,59,225,538,240,2242,1292,771,213,1068,1441,712,439,2287,299,165,1214,10,594,217
1017,163,984,789,4439,801,859,315,845,868,117,212,828,1104,156,445,13,960,338,725
638,791,1180,966,701,398,4355,295,497,36,16,253,1328,761,542,707,401,426,1070,465
3018,2055,321,121,295,271,286,498,545,120,309,3196,654,869,344,1361,412,369,1184,255
85,790,1504,574,224,386,857,115,61,10885,564,1167,717,1122,845,754,351,376,249,4526
1090,3188,842,587,168,1845,737,106,876,1241,3422,951,1472,378,997,98,1640,531,95,81
1053,1047,1150,0,1366,121,156,957,433,2223,515,985,2347,344,362,222,1457,3397,1400,394
3233,1493,292,499,800,713,158,307,247,1315,1417,438,92,1230,1845,83,748,657,351,388
837,348,2586,1263,198,46,797,250,71,3819,183,621,293,445,624,519,273,632,1678,209
198,758,7909,1599,952,511,623,126,1417,389,0,76,1350,549,364,1179,1459,794,1520,1688
1239,649,1999,745,718,0,263,541,190,459,211,2300,1491,281,66,1226,851,190,2004,1004
1312,4823,1324,530,61,848,537,2631,1464,763,750,1520,1562,333,1866,1692,2290,1451,1013,376
603,6378,1087,683,119,858,104,798,182,1404,176,497,182,580,5548,327,678,1710,827,217
337,257,305,4872,909,974,2433,867,2438,181,691,286,412,0,2263,437,195,95,276,860
0,247,821,298,458,482,64,1168,437,598,592,227,535,385,21051,47,869,1115,32,1469
2476,347,864,130,918,708,684,2704,389,99,417,907,152,644,0,668,2710,2859,401,0
769,1463,560,619,389,7346,692,151,382,1342,1515,471,321,322,316,451,619,1140,842,363
2015,566,160,387,260,53,590,1638,502,517,891,611,1333,1102,870,2220,313,25,918,383
