-1.4148245171714844,-0.0018883484887461052,0.8850806002703134,0.8501755304624955
182,855,272,81,145,526,2784,307,376,2313,1666,108,118,106,757,2900,65,460,51,2577
229,554,2214,0,64,0,0,242,760,257,177,679,324,398,511,1415,832,1010,54,19
324,805,244,1284,13,220,139,208,1928,481,2375,226,1197,3020,210,681,2576,171,948,281
123,6,245,1912,31,3761,342,629,666,4167,214,2336,50,13,596,3292,3018,191,270,995
189,386,0,182,998,31,105,1865,3071,271,875,20,1272,600,5,1439,38,822,2591,124
50,555,302,1154,2386,113,227,1418,497,2574,201,775,13,159,151,2121,298,1646,188,1098
566,1294,395,731,394,1000,395,778,228,361,14,308,1225,867,289,800,77,1263,5735,11843
227,1290,2,69,404,889,52,280,1046,1795,5,75,243,171,662,218,439,331,5,341
161,199,245,376,200,3089,1020,92,2626,116,3,27391,515,228,4205,448,252,382,2580,219
53,1982,1001,778,600,9,117,962,489,609,23,326,872,245,106,9238,254,580,112,7197
145,244,0,978,219,1136,28,164,939,3434,374,4281,305,114,1445,16,1834,403,3626,131
274,9039,117,1583,1000,71,2305,56,180,1485,631,159,2614,688,317,2779,175,120,11,8507
238,188,1238,70,217,29,135,421,437,230,119,339,826,191,440,5235,0,162,2914,2012
40,552,1545,3116,1610,26,97,1935,424,144,375,899,726,173,82,1233,0,6,341,130
1324,596,236,107,414,598,36,1,40,2906,114,759,511,1925,1609,5584,12,321,3648,919
14,236,776,666,147,1987,216,6,4,15,1573,187,1293,453,1230,2119,517,2696,114,43
350,73,28,516,63,806,50,743,256,896,135,480,439,2415,2113,586,511,881,1037,472
196,371,266,1032,877,1000,134,1764,176,77,0,1287,1548,1412,225,958,168,25,926,276
201,106,979,1930,4191,12,7299,749,33,28,25,419,0,82,181,982,30,213,3296,656
209,627,1016,3974,52,415,227,805,554,55,835,1956,182,37,9704,171,1135,2954,0,565
