-1.761382452695634,-6.288450788075083E-4,1.011188425499466,0.8500745347335373
818,28,3143,2013,922,160,344,112,122,79,584,222,1286,525,12,246,117,36,174,6024
6650,388,450,270,3637,3858,264,4826,297,669,43,6,826,190,2773,326,6771,2031,0,75
8285,155,550,727,1288,24,333,3688,81,764,19,90,12,31,631,2063,1402,443,3,110
47,8,45,3893,336,221,1707,5,356,547,56,12,8109,10,30,312,2375,359,746,274
21,10,550,90,19,935,1727,13,234,10,170,193,104,3893,37,963,3,364,1085,2528
16,1689,242,23,51,262,1430,183,169,56,457,154,1104,1393,31,80,1266,1852,46,21
724,1290,310,0,4,2044,1464,173,711,1872,2133,514,8,1074,37,81,88,54,3054,869
1217,0,11,48,932,1706,5,118,3370,2204,39,8,5,1,58,748,1,400,132,1
1548,1,138,2942,599,79,1521,2532,120,1,194,221,1983,1775,277,225,662,64,184,2016
13,208,75,1021,1969,223,116,5,3,1110,528,1869,825,3937,338,164,9,1,672,2165
27,615,786,1622,40,2741,1098,1156,9,314,29,66,303,626,995,1278,422,34,390,4507
655,5576,78,117,1191,2503,2,1119,207,1204,1,165,60,449,955,392,34,374,870,10911
429,3,175,1,1797,130,2654,79,41,1118,1238,1410,2,1412,1594,237,1042,875,28,3
727,262,48,1403,162,219,1,43,9,814,2122,2,3514,474,729,1188,136,168,1844,160
1,437,3024,1424,169,47,534,67,1,1064,574,59,224,452,171,0,607,3513,1370,601
147,7095,448,68,118,249,10,892,57,1252,1604,439,4,1958,314,260,100,3076,757,51
571,4052,116,15,2817,11,10,105,350,924,103,161,210,1059,62,1119,419,110,4541,733
2335,16,3691,3985,3538,767,278,93,314,476,413,5219,14,10,2650,245,1706,110,2328,903
25,950,1197,142,15,246,598,195,2505,18,273,709,2926,36,545,767,144,3177,730,183
2802,1882,3812,141,1413,19875,138,780,18,1329,8,396,168,7883,95,3970,443,3961,698,2491
