-1.2376452879859938,-0.0030195976971376477,0.9435306627663529,0.8496476016140136
300,815,398,669,257,159,45,23,153,4,1446,0,726,294,110,16541,200,891,327,2631
0,1201,1324,384,1792,422,1491,3933,630,0,151,0,492,395,1398,556,557,261,308,100
482,398,90,559,157,2946,2032,6293,6583,30,328,1169,1267,250,249,164,0,350,443,144
1353,751,1318,960,511,624,437,182,96,167,1064,987,1619,251,91,228,1317,131,288,0
250,9,2219,937,25,44,733,837,192,424,276,249,128,524,574,157,1087,75,1751,74
1460,107,103,9,46,11581,3052,414,545,415,176,931,680,15954,1378,2032,478,750,1377,754
50,226,122,139,130,1316,1329,209,278,437,836,1572,58,284,3508,91,35,456,0,565
1960,254,54,47,1309,2026,370,1048,182,43,184,379,563,277,41,570,564,713,333,420
0,90,80,254,488,393,605,1375,870,1199,0,2055,185,385,713,67,291,107,315,3600
5300,759,1019,979,38,2508,655,5,914,582,1752,32,1413,751,256,85,972,562,691,2392
165,587,282,1333,422,3580,454,504,1070,30,4526,241,1043,1679,182,774,135,694,260,195
1412,1,259,180,84,0,1206,1767,516,187,1061,803,181,211,948,3365,267,644,197,0
178,992,969,60,704,817,1762,533,184,126,519,198,556,290,1292,750,295,728,1484,1433
1321,427,546,830,1291,817,1424,38,55,933,8956,922,288,623,216,2439,128,89,0,2718
10,1118,925,1905,176,944,3792,307,1197,340,2750,1224,0,1166,524,10,552,418,196,545
258,2459,1599,169,542,231,617,0,1380,284,516,489,153,188,42,72,0,1842,128,1987
305,424,208,1048,1726,138,169,215,255,228,1564,7,413,638,813,493,736,250,6786,278
1905,64,110,161,1791,438,798,40,922,320,1472,410,910,2118,2206,972,96,447,275,710
415,140,255,486,735,31,1261,577,839,1132,493,638,52,1833,97,2615,636,2126,60,1003
326,1042,7,610,12589,14914,414,93,450,167,196,272,44,19577,1453,29,416,1722,1697,992
