-1.5998274514048345,0.006631647989945509,0.8492030957656946,0.8864372112507999
0,243,9,137,725,130,271,69,1305,2317,6,124,1273,1555,181,2713,37,1268,1021,875
28,107,46,1266,209,535,233,684,455,15,3602,49,525,909,1683,1575,2323,22,25,0
1345,1314,123,211,403,420,245,1705,1443,1436,141,4577,1589,1735,265,234,329,1230,319,421
35,765,308,7,247,3,213,906,1180,2274,1232,213,419,42,1108,1129,0,8,26,241
5,285,594,115,328,720,433,3117,1887,123,1171,867,2008,3143,148,5428,22,4145,5128,2
117,1,1336,0,2046,529,304,299,339,91,48,34,51,1118,1961,8716,703,1126,1348,1034
7,5,122,42,163,16,2883,1165,4810,3430,1275,5045,2451,1,93,85,817,212,449,1008
2181,0,836,231,2384,6,5277,36,150,1170,237,565,139,178,10,93,1283,1028,728,310
703,136,3204,21,1007,96,2840,742,2287,17,2344,2064,92,1031,3809,837,62,1169,900,518
10,500,5,229,42,16,1217,197,151,2794,2004,484,38,2513,115,886,535,1016,626,5
1581,46,158,6,1147,1022,1347,1699,3,1096,17,2574,4,3138,23,629,45,700,3269,414
39,0,79,220,3932,235,3123,520,180,896,3,2486,2568,1232,406,492,931,361,139,1
1367,88,584,1,1322,1597,1664,356,25,729,4436,1908,54,4048,33,7355,1322,781,217,2450
5,31,334,233,5539,438,2693,1376,1209,2109,4094,875,1919,2215,43,171,1744,1400,154,361
3607,814,285,107,1,705,2075,1164,74,526,1272,394,270,1,102,2111,2726,1,945,58
173,319,531,3418,185,4,12,4020,957,206,3096,297,2481,431,3860,2002,2612,1743,1,13
1467,0,3,23,358,1098,688,617,100,53,603,373,1,56,2475,1366,827,3045,642,4958
4138,537,56,334,614,1186,20,4096,851,149,16,897,247,701,3128,1206,7149,15,230,1330
985,96,151,384,205,2173,1,117,871,1,932,1040,641,2356,1167,14,198,427,2407,294
82,675,90,60,186,918,748,289,1361,125,1098,53,107,140,1331,1544,382,396,998,927
