-1.5568925933788806,0.004353802146178265,1.0016694708154141,0.9001564388365888
1037,1118,484,1279,271,134,5830,2346,377,1214,1441,663,4289,1028,50,2115,440,1244,1224,5780
5950,4238,3930,10,2432,163,1543,29,1,258,805,1454,148,27,5054,510,1068,490,655,1609
663,4285,442,2223,120,774,325,1,25,1,1044,2521,438,247,935,1207,9,3778,990,156
2748,395,60,742,3080,1136,321,137,2243,2680,4,694,1699,67,15,1039,1377,99,637,1908
865,1,1,758,1305,55,915,1451,385,879,269,4,199,3619,105,1290,20,24,1803,315
1,3,25,757,293,27,475,157,317,189,118,3,2985,579,1660,440,304,6099,1235,13
2847,83,180,1,517,619,33,193,1411,1591,526,1129,7,11,1553,1299,494,139,14,1504
2602,2386,815,87,876,2108,443,506,1340,299,1565,8,288,365,212,2651,1247,850,1710,2522
1330,1011,2,2037,4,133,2857,419,56,2014,491,66,652,431,184,58,1527,808,604,1604
732,844,2,806,2004,1,121,35,291,5,457,160,385,552,257,2095,1749,1768,6,77
23,899,141,2714,237,198,30,3,239,832,683,40,137,1247,2124,729,1016,3363,718,295
1675,554,3856,1052,249,317,1575,34,593,237,645,701,918,602,950,659,683,2920,21,238
426,972,2476,1169,1331,15,7,102,641,589,3,394,42,1,58,824,1247,113,190,30
1557,857,3,1130,1448,2201,1203,2221,81,1384,1095,600,901,1444,130,40,1,3696,254,1885
1085,1998,4814,1154,2145,1,3,792,210,20,1431,2108,360,203,3506,299,1469,630,50,691
2260,181,1,3389,839,970,1699,174,1621,727,69,8,2971,7,5,1877,897,30,42,87
697,8172,3552,142,583,431,153,124,575,296,2441,1079,83,425,386,654,229,1914,777,1344
475,193,771,39,29,50,295,34,537,29,1448,891,1056,1222,3572,2,826,1471,1086,277
214,389,228,33,52,3867,1449,818,291,2865,516,821,2618,2,521,473,841,3549,995,2291
1099,5690,1586,803,1647,1056,913,1141,9,2159,8,352,533,5350,2568,1723,748,29,307,308
