-1.362755599420234,-0.0019362687749343698,0.9193085546435861,0.9100633676099599
3217,198,1936,0,1642,362,2531,175,145,1544,749,1948,938,70,473,2221,278,4,59,364
79,2,535,614,618,471,170,685,1183,3132,110,1,586,2239,146,1708,4423,2474,160,57
433,695,1163,197,3102,546,903,814,591,1342,476,137,317,58,715,877,637,78,907,2645
2,2001,696,160,1351,0,1046,187,1621,13,965,5758,141,28,1600,3597,235,2119,391,96
874,4929,1564,132,2,676,1287,372,1548,420,160,39,1401,405,1853,1433,19,55,0,249
678,48,378,298,673,652,329,910,433,1515,2684,446,71,576,1281,511,146,46,3564,2806
71,434,1066,1399,1,422,82,1,956,863,726,1776,66,1507,1453,103,544,920,500,236
2279,5255,647,500,275,55,2297,2032,515,30,1966,687,2238,2098,3,3238,28,60,1,1275
4,212,409,1174,3317,654,4294,430,261,136,308,36,509,537,2054,656,311,188,532,1351
145,201,671,825,23,205,788,757,634,461,69,58,60,3259,811,204,296,9,532,4406
55,838,1350,233,1492,339,2778,536,791,1402,40,7,995,1098,865,8,0,0,274,1515
1698,657,633,2041,0,286,334,1499,726,3516,1436,17,2968,1309,3181,3217,228,2420,126,523
473,328,580,1,1952,4054,817,914,728,1254,4450,880,942,1840,540,115,850,1949,988,228
1296,1081,12,494,349,22,3471,1990,122,2915,1,1,901,530,93,255,49,886,2200,928
1045,0,24,693,913,340,860,2613,37,661,93,628,88,6,2057,3853,5119,16,378,536
575,807,2216,30,746,86,2501,3,313,1012,1,205,64,666,3005,691,1063,879,20,2079
452,962,1638,1222,983,1753,3588,1881,3620,1066,793,2098,206,2,2181,2522,5607,176,500,2674
1142,1073,14,2724,1106,3083,1633,1652,2084,768,20,183,360,239,149,2207,4251,912,827,356
1159,405,64,1389,2957,457,4,328,2311,835,646,600,275,460,1335,322,392,834,0,19
3069,22,557,1165,1500,836,164,1098,3008,239,2202,519,454,131,913,1793,1779,571,2184,0
