-1.4077866510615447,-6.298137140673722E-4,0.8432515893005148,0.8550241935000822
746,809,413,2753,288,0,500,33,318,1282,356,2294,1477,4204,1201,36,1742,844,563,490
2197,657,707,500,350,4634,731,965,426,6,1151,27,1130,95,342,1412,1468,1085,169,11
140,0,1414,1225,11,116,629,972,2293,772,76,0,3274,858,460,195,2840,335,528,67
575,55,112,4019,10,596,229,927,856,62,4119,481,63,786,28,1543,1273,80,403,29
245,2578,2124,197,791,699,252,0,454,111,156,605,658,63,1053,2437,254,435,354,65
402,481,1042,169,2,1058,16,23,4668,5964,1598,94,47,126,761,659,210,1434,78,694
1680,210,200,519,64,2248,0,114,84,206,73,550,232,217,230,56,1086,824,6395,155
116,40,298,153,756,1639,7,366,6707,38,2817,1311,1555,2904,118,9185,127,1270,1733,814
543,214,785,121,2607,404,1874,1215,21,1209,924,25093,733,25,1368,888,38,445,2212,1499
749,1594,691,12,12,1478,168,2156,2472,1536,66,8,620,5834,1533,265,23,54,97,9515
453,1475,635,140,317,2259,1100,9760,499,83,4855,136,31,17,270,943,386,239,245,195
229,2561,1183,3878,443,2162,1274,1528,405,3315,1659,1070,641,61,168,201,4,100,68,1855
315,680,520,84,135,130,2900,759,3,142,440,0,2213,209,324,10299,449,729,0,368
26,365,23,1272,769,933,752,1184,235,4271,443,0,51,1595,29,259,710,63,1245,123
514,24,254,1063,437,917,228,7,113,1910,139,119,569,0,60,840,314,1065,305,919
299,43,365,164,106,879,1561,195,58,4318,686,81,585,702,42,575,1306,639,15,830
36,2269,5,0,103,19,2623,284,394,105,1,1535,84,214,235,226,717,730,238,11
132,131,499,124,5055,253,136,630,171,189,358,177,13,1800,1741,326,475,157,522,278
507,1288,511,1080,125,189,2345,81,2105,539,1128,473,0,108,634,3222,0,644,1899,176
482,1476,111,0,568,990,370,137,163,1125,28,7779,1066,231,1922,300,7,1817,1389,73
