-1.5527932946176066,0.0010451754771715162,0.8897738837834591,0.8497227607408593
998,0,1046,2116,1587,971,713,95,108,76,1373,18,3250,52,2842,949,292,217,28,7383
683,69,855,119,674,4508,464,127,465,7,59,1857,896,22,1734,938,444,55,4,42
755,3556,364,30,311,31,86,253,1355,425,948,11,3579,2814,395,533,1719,233,1774,671
529,59,58,1994,247,639,1,3152,767,2593,1205,580,51,482,11,2230,2586,9,10,3
408,5,302,38,348,1697,392,2582,1018,216,749,571,510,3,53,152,162,315,2316,197
301,0,794,366,18,130,208,502,2876,901,84,8,4,360,79,2336,265,931,111,518
509,351,508,725,142,257,1316,78,184,1871,16,53,140,375,253,999,464,683,3076,6374
1790,2,386,686,279,1188,217,393,235,1293,884,914,26,1239,1036,9265,82,551,743,1330
411,946,0,357,339,1533,3450,8,19,1449,123,20929,193,362,1722,2760,73,797,5943,199
329,435,336,899,510,756,43,90,2263,2285,29,1473,4,6646,3538,13,3,171,645,13373
346,342,1315,1602,32,543,21,150,78,77,1227,1317,98,52,2633,295,88,4037,145,172
178,4300,746,394,45,2133,1876,363,14,1281,0,98,4132,14,856,2453,1034,68,24,6271
792,1932,941,2,211,72,2735,253,2,35,402,522,1654,154,124,9982,357,211,417,595
321,255,343,1336,664,95,185,930,460,2692,0,0,636,1099,126,296,25,137,1558,740
104,6,1014,1325,783,723,217,1060,72,2928,11,212,789,273,429,121,593,471,641,22
77,471,897,729,133,32,989,108,390,5062,1416,617,1360,0,455,1685,272,2111,15,294
14,944,3,89,105,21,2,262,1216,790,3,13,489,215,185,1481,1278,790,2400,1119
117,259,943,8,249,831,307,716,169,83,3030,1,148,657,2936,1460,0,496,680,94
867,302,64,232,338,628,7789,20,2988,749,102,83,2307,8,800,166,100,546,3174,10
539,334,243,351,149,334,251,3078,446,1725,186,10600,165,381,5101,343,427,4507,551,85
