-1.1481519705185703,-0.004782941666111569,0.9292137382905872,0.8510795350962421
1218,1385,590,1268,63,0,793,959,713,0,1378,639,736,276,1854,16924,110,696,397,1800
659,1686,929,819,1454,118,34,2980,445,75,76,338,325,209,394,397,715,272,182,266
712,498,214,315,0,1686,1195,5823,12514,49,121,2208,581,523,73,87,1581,278,414,9
470,404,665,404,686,520,415,285,210,651,540,397,12703,75,370,175,514,96,1090,717
1354,525,190,140,60,398,587,865,2177,1172,717,325,1325,0,462,761,541,70,183,324
1222,109,504,406,61,1021,297,1162,446,415,312,314,107,17028,212,101,101,423,881,344
752,131,957,176,167,847,678,605,347,177,1404,1985,189,477,1410,174,294,1256,584,714
2126,119,832,129,118,745,291,1003,280,24,635,476,43,315,404,3660,1035,1188,499,400
0,81,899,845,1143,670,407,1046,800,803,1680,4221,183,367,150,228,1596,1050,638,3753
614,460,1223,56,73,888,554,2,1734,449,891,182,1127,534,34,358,1419,1673,218,1696
556,114,0,2498,433,314,3360,563,315,485,149,47,569,1708,0,1005,1782,741,43,12
1662,168,1016,204,197,1447,318,380,2726,51,218,399,512,0,2156,1028,0,201,1008,13806
214,1644,629,797,837,112,2608,1480,146,2477,598,258,120,640,626,756,392,1433,847,3869
728,60,1046,348,1890,1295,837,0,761,476,9277,1710,210,884,619,1084,373,99,605,18
21,1251,1250,1967,297,23,5093,108,812,421,713,792,247,377,176,0,4793,1117,189,638
0,1272,439,852,852,999,455,234,1996,839,1057,81,245,792,100,699,300,1395,541,420
358,4339,1133,1088,712,359,1360,520,127,551,1166,48,5,496,44,393,690,322,3828,448
462,0,776,730,501,1212,452,300,1102,885,502,372,1245,68,963,1,0,918,620,80
75,2824,84,73,390,405,664,720,0,271,858,321,85,955,287,463,817,1458,116,1168
322,644,8,0,223,15071,61,323,538,145,174,1546,205,16614,424,65,599,1345,965,73
