-0.7344025247763457,0.008653789182643793,0.9967354741971447,0.9524631271344761
1235,3251,1747,964,1355,1313,748,778,1126,686,1233,3408,1529,456,3309,2194,1118,1069,1273,12889
0,1717,655,491,609,580,556,936,778,1219,596,1180,2197,403,647,599,303,154,2273,1700
1104,1136,391,650,0,594,1209,2160,646,274,639,1607,1712,755,587,1399,744,1825,1181,790
2529,1098,84,1341,0,459,1974,687,1580,531,252,1020,837,225,617,788,307,627,1071,1509
993,718,407,752,120,307,407,725,1697,750,476,1252,2167,554,549,647,266,126,916,1374
1115,1804,168,398,494,728,502,1896,592,1620,373,1407,932,1940,2220,1545,235,1754,765,354
888,2803,992,1297,282,812,623,811,378,935,1282,1190,85,800,1166,605,1136,708,88,397
1840,1182,1676,90,676,1809,654,372,838,955,779,176,2191,1612,265,895,271,523,9,144
1759,288,1316,1507,684,1781,1847,445,608,276,477,1440,1017,292,804,638,1375,1020,473,1325
224,565,233,1684,251,1336,16,532,757,1715,251,57,473,655,164,873,152,135,950,182
773,1781,722,1110,570,932,455,1127,2380,746,220,146,438,838,678,1603,562,2523,836,464
1161,1719,591,674,475,512,710,673,434,271,1101,826,422,1061,835,784,1660,1838,963,1423
290,751,735,1269,664,1441,368,470,541,869,169,251,1076,876,250,116,1129,469,1692,612
1458,340,2776,400,40,307,190,783,861,1010,365,216,1288,50,827,532,181,563,1528,854
2259,1005,1228,1009,353,12,606,590,464,490,337,1781,1056,1711,248,745,619,1564,113,1068
1990,1014,1573,73,917,480,1225,724,363,1157,1176,691,1643,2586,13,1182,534,833,1130,85
954,337,1381,1655,1735,683,2821,250,1228,1597,1035,838,1156,1745,337,1552,571,877,1147,723
1867,1062,2075,417,351,1203,329,957,506,1316,971,641,339,678,884,1289,1518,655,2721,3270
1463,1085,1238,539,545,1207,1073,419,2693,583,81,240,2685,935,571,208,821,953,1351,1415
4104,1083,1142,990,358,401,1059,736,1700,1238,2162,709,547,2609,451,1785,668,2132,2705,1993
