-1.0009001339703527,-0.0017589237407812548,0.9069090604807732,0.895219517948747
136,825,179,325,342,1241,278,69,1444,193,242,1326,3250,5687,2661,66,400,488,615,576
48,1154,312,208,936,473,742,312,495,885,216,1214,808,1130,227,65,1236,358,334,6736
208,662,161,546,325,1741,968,586,45,570,1441,649,432,2470,308,136,981,49,538,216
861,353,146,791,405,928,859,315,1200,561,64,691,928,1061,541,365,436,972,338,1073
102,579,1838,638,1378,391,3473,295,278,36,0,253,1829,64,900,708,401,113,1068,755
3018,2475,321,590,374,240,143,413,913,120,222,2870,660,1067,347,1036,365,188,1184,245
1250,790,1462,717,260,931,824,12,173,12183,503,1170,717,1142,472,486,351,572,109,3964
327,3135,1053,500,264,1397,1115,116,876,1241,4000,988,1472,612,791,513,1638,53,814,181
22,1047,1071,173,699,132,123,1201,439,2223,387,896,1958,853,45,250,1675,2872,1174,247
1986,944,48,76,849,713,164,150,174,1315,1403,438,103,1108,1986,22,844,1285,214,507
816,348,2586,249,571,81,140,1124,465,4077,216,621,335,509,833,508,252,630,1405,340
227,1099,7697,1479,2123,35,779,201,1663,156,0,228,1350,1493,360,1164,1334,733,1462,2005
1239,703,1308,703,1394,681,330,481,372,459,802,2237,1577,826,398,1376,1349,312,2004,810
226,4646,79,448,34,854,1104,264,1196,837,679,1393,1310,1417,1420,1873,2980,1342,1441,498
378,177,1042,451,107,1077,0,846,108,1238,211,0,189,824,5605,1462,746,1710,801,283
216,612,283,10868,837,443,1796,867,2438,230,722,529,386,2369,1887,2490,229,144,276,328
433,455,395,478,474,356,1619,1007,387,178,694,42,428,331,20771,47,1309,395,535,849
2497,1351,864,608,918,1006,684,3588,28,119,374,861,1254,578,0,710,2624,2928,829,1222
633,1415,378,619,351,11285,692,113,141,1356,1408,477,321,322,201,327,436,1080,0,440
1477,343,119,387,241,285,590,762,0,732,966,611,890,545,852,823,313,14,1058,40
