-1.2259010502984757,-9.331946209375421E-4,0.8511977584813356,0.850656151577547
177,36,520,1410,304,379,443,127,228,1268,502,183,59,321,51,1207,6342,110,54,632
1214,71,194,1303,1497,553,427,6,27,404,590,7645,632,54,311,2135,1258,1340,120,717
185,4521,1598,566,640,54,62,859,1558,1345,912,60,878,6227,27,80,124,51,46,380
457,230,1167,760,120,545,605,3035,1035,1106,6161,107,3516,72,246,1022,130,1705,0,152
894,665,120,404,629,598,25,1167,273,688,1516,166,208,324,1888,1333,300,213,602,172
212,875,621,1174,761,1075,672,249,715,185,1173,66,4553,0,111,12453,510,98,106,374
433,928,103,136,81,335,139,143,4836,877,58,959,83,454,2423,960,419,248,280,959
237,5,608,42,124,325,49,600,1609,1511,3214,1348,204,245,52,626,1529,0,450,226
172,515,5748,1025,1005,393,1004,696,265,322,183,23008,352,60,1023,826,742,15,439,2121
313,46,184,1383,1600,72,516,222,1033,220,460,1189,203,2561,1198,483,626,1474,2306,12602
2149,187,264,181,393,86,1509,494,1233,77,4050,2362,340,1874,2248,336,495,694,107,0
60,1559,56,632,105,3026,1102,680,669,97,370,206,714,0,1051,27,834,73,1057,1076
1469,136,1371,137,240,23,884,678,199,755,625,381,2978,447,1622,127,478,326,312,368
568,294,959,2840,199,111,279,905,445,2693,1241,105,1496,942,5436,99,276,1626,4194,1259
450,297,449,128,933,896,665,140,1022,633,67,115,1489,89,383,396,0,133,293,978
20,161,73,295,366,208,38,556,460,22137,1143,31,0,1649,1070,1903,147,406,177,2275
1540,254,1712,241,230,309,294,2617,25,417,1026,9562,1071,537,162,784,496,528,0,707
467,24,270,129,443,659,339,243,1129,234,133,419,21,2021,1852,120,1078,255,739,923
511,36,1005,12,973,80,367,33,75,138,2423,1056,1526,170,843,1279,400,324,339,711
805,511,736,70,192,592,79,312,1151,2213,336,167,164,798,6843,580,484,1893,228,1677
