-1.0045150775242209,-2.507747373290243E-4,0.8746210459177162,0.9031020660237665
65,240,213,1848,428,217,436,566,2121,1216,816,36,153,1337,2202,860,590,704,282,379
812,953,262,156,2680,611,441,642,470,267,0,629,450,276,555,266,395,1240,534,5721
523,155,165,1128,466,722,1233,1115,91,364,1163,630,194,1041,320,1318,294,337,175,70
642,218,0,822,330,280,593,126,1184,585,245,650,140,641,1078,367,791,243,198,954
492,385,846,661,1523,2852,4537,2039,2013,345,201,595,1405,44,505,245,602,461,118,460
1761,125,4,0,331,477,1630,333,871,1766,1433,1718,739,1615,164,155,478,283,509,790
311,475,792,812,224,1973,1394,449,191,160,1508,1014,621,3630,264,202,6,1263,801,4603
94,82,400,302,304,1275,2046,412,1346,457,1571,1186,1857,17,206,212,3856,488,381,287
2551,386,138,834,820,500,515,295,9999,2847,1488,223,1985,1299,763,1596,2953,3311,185,290
2914,607,1519,44,998,706,493,1694,41,1065,2016,1420,122,292,445,355,383,1951,249,459
264,591,392,634,1080,55,2588,583,145,6006,457,169,356,374,718,1204,339,928,239,589
331,860,7504,686,603,593,1218,683,2019,1680,1317,72,2724,1062,1020,894,1281,315,93,501
1377,39,1009,228,913,736,1634,939,466,3251,1621,739,2020,1163,505,2123,0,160,2116,302
319,2175,1669,316,898,3125,352,3572,1588,648,1465,2494,1004,687,411,1896,162,982,850,5666
194,711,518,275,218,365,165,600,790,1084,58,357,204,224,7457,586,351,375,621,430
136,1131,378,345,1152,682,636,257,602,788,9369,631,956,1633,1655,812,551,0,0,48
1564,316,933,200,114,3665,240,825,282,393,1074,102,1411,828,14563,461,1118,1369,300,2061
1547,1149,524,1113,914,1463,322,3699,359,461,393,813,509,156,1141,20,1314,345,2605,547
1007,225,718,370,40,750,1278,66,109,353,933,700,525,889,389,205,518,3217,364,194
8701,472,504,140,616,847,110,2934,39,392,358,378,1182,88,912,435,830,305,217,289
