-1.253251064302283,-7.835437653558986E-4,0.8500313957089215,0.8500081492298205
547,178,543,1235,650,234,134,154,122,11,95,482,75,2032,687,541,1561,2555,1611,347
1241,699,31,1813,1208,5839,174,123,330,163,166,3111,456,123,2463,3235,639,656,473,668
55,2503,1045,1864,671,534,76,679,3761,0,2229,152,97,674,60,15,171,130,449,0
692,236,1430,796,21,753,570,5195,932,712,692,1457,10795,254,694,387,73,163,557,424
363,239,111,232,118,601,136,1008,156,95,1725,537,741,2221,644,1096,301,0,472,458
213,747,1469,22,7,552,1007,515,704,100,869,17,636,161,57,11724,24,13,2879,451
295,769,698,400,512,206,254,83,545,744,3768,770,23,877,636,225,353,580,3520,186
0,358,545,320,265,146,319,99,352,646,2102,5016,157,453,1411,3668,2212,1176,185,198
115,279,4219,605,1004,689,1763,462,344,46,338,22588,289,0,123,454,55,126,704,147
513,25,685,763,1972,831,424,931,89,1315,53,407,72,3829,565,459,131,1342,1454,10315
3046,459,536,42,393,232,2168,333,3455,130,3208,4745,113,1291,13875,647,334,319,649,280
24,3699,619,2020,126,1868,0,266,1067,1756,276,447,0,677,946,1741,741,1041,1379,570
105,753,1195,663,90,457,182,1036,1282,290,51,1830,3639,227,874,1181,398,0,361,435
617,29,712,1353,550,5,28,1414,1286,1007,877,314,1019,191,59,70,0,3720,2302,320
510,208,693,30,114,1581,13,175,1125,471,358,46,937,241,501,586,844,207,218,615
138,4157,1334,299,474,263,470,620,102,15469,189,1063,238,1145,60,1335,70,1175,138,424
2480,377,1222,683,287,245,215,64,10,23,777,12688,303,783,373,107,329,715,191,442
198,427,3010,3,490,495,128,0,544,221,94,977,61,655,834,798,48,36,0,268
329,418,1175,104,1942,496,15,450,259,29,1107,1144,1120,550,153,720,313,298,1276,458
1004,959,743,0,163,2716,96,33,109,2722,0,1487,185,443,661,376,1171,284,463,2662
