-0.7302460939461201,0.011082048071814309,1.001409479940802,0.9524906840155446
1235,3251,1663,964,1897,1629,720,870,1126,1071,1254,3408,1529,683,3309,2144,1433,1033,1273,12889
182,1717,474,491,609,580,556,936,2894,1219,190,1366,2197,403,685,599,861,757,2273,1700
1139,1136,254,710,0,678,1242,2054,622,843,639,1607,1504,727,681,1399,1022,2516,1259,763
2546,1098,237,1341,0,500,1961,687,1081,531,1149,1164,837,225,657,510,307,1802,1071,1509
993,620,946,275,42,390,407,585,369,750,404,953,2382,554,679,248,266,112,562,1374
1168,1804,667,439,500,836,516,1896,934,1620,372,1407,597,1940,2244,1095,246,1754,765,662
888,2459,981,1297,282,1100,623,811,378,935,1233,961,85,807,1166,605,1136,708,62,622
1840,1154,1400,118,676,1691,807,355,838,955,706,176,2191,1623,173,895,274,523,11,0
1451,1403,1316,1507,888,1781,1847,445,732,139,477,1440,1038,292,743,384,1604,1171,480,1325
224,565,396,1684,255,1336,16,508,757,1176,251,30,473,673,164,873,154,135,950,182
773,1824,722,744,570,932,455,1136,2380,746,220,146,438,348,678,735,479,41,728,233
1161,1404,591,674,475,568,710,709,461,271,699,826,305,0,835,710,1660,1838,963,1500
692,1553,600,1269,570,2495,544,478,419,743,197,251,1076,876,250,116,1135,563,2038,797
1458,340,2776,400,28,300,190,783,991,933,640,303,1300,374,853,423,136,634,1528,854
2259,845,1226,361,353,12,606,590,464,1523,337,1854,1056,1663,708,1504,615,1562,422,1068
1990,472,1573,73,955,253,1380,724,382,1157,1176,691,952,2586,13,1666,534,597,1130,85
954,655,1381,1655,1694,679,2821,250,596,1597,1035,723,1156,1853,337,635,571,877,1147,741
1867,1062,1537,757,423,1203,497,1125,541,561,972,641,225,687,352,1289,1542,655,2749,3270
1476,1085,1238,539,549,1234,1073,419,2693,583,196,240,2791,935,571,168,653,953,1351,1403
4104,1083,1142,964,324,401,1059,725,1700,1238,2032,709,544,2339,451,1094,668,2183,2222,1993
