-0.8024317404525674,0.01538089815047024,1.0029809393837896,0.9512438563223894
1701,2292,635,453,2967,2034,1710,59,2024,1186,1040,165,1233,280,1812,1317,2955,733,1785,6879
1924,1035,2242,480,3668,319,430,1429,1344,879,873,231,1413,1025,247,1540,2633,470,1865,1738
2357,1792,2289,1251,498,808,978,646,648,141,792,1766,296,1357,1362,545,215,830,1298,330
587,1421,1644,1520,2786,1749,307,1206,869,408,561,228,1058,2255,785,1642,0,959,947,1582
688,853,1482,1338,800,925,1384,1432,328,217,281,603,1386,777,849,885,320,1019,1360,1592
554,3482,229,1052,857,253,181,593,1593,423,774,777,805,297,742,1358,16,1336,686,492
1045,270,1002,1188,1264,1104,516,926,1949,148,757,626,390,531,782,1782,1017,1047,838,1077
477,690,1053,700,225,164,1221,160,298,1530,914,1459,20,795,867,1305,160,1067,195,576
612,1011,581,1060,171,1339,444,78,1040,187,147,1020,0,722,253,162,521,820,2021,11
93,1063,356,654,1053,1089,17,455,548,651,441,671,407,239,85,224,1901,653,1772,622
324,495,2074,548,912,187,2127,1057,311,485,2313,203,923,1038,831,1200,1830,1430,1523,647
230,134,1089,376,2740,1666,1391,103,7,769,52,811,97,256,302,611,422,485,257,231
342,1102,703,2479,315,298,1181,528,140,1589,950,1329,576,611,1512,1917,862,273,721,1126
1512,128,820,1554,927,413,581,575,575,20,652,1214,420,687,509,758,2674,729,278,516
2351,123,473,3233,923,1293,176,1163,1194,1381,391,896,1379,754,698,524,207,1647,1039,570
1210,297,190,351,1310,1011,509,703,629,3204,182,609,93,933,1788,171,775,749,2746,2873
1976,603,25,794,2072,322,1065,908,527,275,614,121,1633,1568,51,110,341,361,470,1570
752,568,1978,354,651,312,1496,352,651,375,1200,723,783,606,57,1163,200,1466,5340,1595
3560,2159,1466,1154,693,449,1662,1626,463,514,2323,1080,1220,510,1962,1049,810,691,2335,194
1703,2006,1671,576,1722,941,1832,1198,754,389,735,666,3572,1692,1039,1118,1797,127,3180,1995
