-0.5530370142165949,0.0334999246954367,0.8500852652024559,0.9724611218615458
215,412,1488,906,801,869,1070,1011,419,948,550,1301,534,433,1677,664,900,162,313,516
347,469,907,722,734,760,499,1131,2230,622,508,1995,533,1015,450,398,895,481,161,1111
188,846,286,491,996,643,1951,884,1239,895,973,526,994,1978,138,882,834,1172,946,870
786,571,671,696,813,253,927,1096,1250,432,2109,1769,1405,744,1786,456,325,1089,648,1000
158,344,683,585,482,273,1615,720,617,1333,696,398,763,1203,1102,639,995,258,462,786
595,252,1142,1552,1272,586,768,1809,1273,924,1099,2733,515,1600,886,1060,464,1149,367,746
772,678,1040,1153,1668,2163,1058,1540,1152,2001,1890,3901,814,1184,2086,485,3825,677,1967,1090
1206,811,622,855,464,849,850,499,443,1432,977,2347,1438,1815,1393,1403,617,983,740,861
935,856,849,934,1505,655,2784,672,888,639,823,968,1153,1336,1509,1947,163,867,1796,291
757,897,736,1274,1390,742,2826,2191,700,1512,402,1227,769,1427,1284,1409,1454,1166,1732,1075
415,1148,441,2668,1399,1148,683,175,524,2225,1026,837,2247,2797,950,955,2426,666,665,849
644,413,254,1263,864,1092,368,1036,1217,1581,701,1593,2274,1011,2034,309,1141,183,600,979
1016,493,471,1093,1684,1200,1752,1146,1570,966,2636,1060,2337,3675,955,1229,484,587,1839,280
1074,591,1339,485,862,1412,1862,286,1508,874,1035,709,2434,922,1879,1159,1459,1834,816,872
825,453,1469,587,838,1097,2098,3288,1876,483,250,2340,365,1126,670,556,862,1326,858,974
1374,698,211,1088,1919,1208,1314,301,830,1242,484,625,949,1603,759,371,1291,1354,719,71
977,961,303,664,922,1984,1129,1228,1611,2129,786,738,493,554,740,450,467,385,884,286
963,1000,1451,211,667,1132,883,361,879,1162,810,1327,529,381,930,1094,1027,924,709,796
282,1888,738,516,418,715,1051,305,426,1051,376,844,434,450,1298,636,622,757,601,608
605,243,519,860,799,736,1048,757,685,552,1000,1032,731,665,267,601,298,590,629,915
