-1.1535889324662942,0.010118668731588518,0.8567530174399642,0.9013293770567851
698,763,318,2170,965,990,142,911,982,754,4,52,282,474,810,949,1229,54,1602,303
832,106,34,219,66,250,584,2201,923,0,1498,1896,592,189,323,278,2340,5277,1464,978
357,0,302,137,11,1110,110,727,2626,17,222,1167,1389,48,71,793,0,3042,7,769
1043,1331,239,1183,952,2288,3900,2974,0,69,2610,845,878,465,253,1157,630,457,494,816
1196,3250,575,129,1666,2286,954,1443,3775,164,1105,14,2630,480,270,593,213,474,394,1268
2254,2685,1262,1507,794,2524,2331,2187,1009,523,360,2759,773,137,290,54,216,133,1198,1097
581,1358,138,157,326,1708,104,2927,431,5209,619,692,2468,1279,704,1355,1253,171,76,830
470,190,1474,568,1264,983,2452,1010,3454,520,86,1866,4018,499,770,70,694,605,924,36
373,21,512,258,2983,1026,1492,58,11208,1068,68,299,645,1068,437,0,486,2891,429,379
299,1268,2187,403,762,441,2537,3440,1457,1637,531,629,352,48,439,71,414,773,2530,368
705,183,622,918,952,140,1058,567,3338,3458,896,72,682,2776,778,574,1224,548,549,355
471,30,158,718,1112,510,12,2095,70,1112,1570,5361,15,669,278,1238,2185,402,270,360
306,1248,387,696,39,9,227,195,1421,960,5042,33,19,247,1202,21,415,621,0,329
96,205,92,2044,218,1029,1398,2040,248,1108,2662,2939,272,788,594,3475,473,71,388,111
1312,227,521,837,3232,154,377,65,758,110,180,261,53,294,8132,202,1269,26,1404,677
228,123,172,1,1487,315,543,666,62,171,2312,629,2592,0,198,428,450,670,232,90
483,339,791,109,216,1770,816,221,2261,839,317,251,5240,856,16350,37,357,272,892,605
615,260,487,275,1044,301,534,318,60,229,746,2221,1591,665,1078,794,1401,1000,187,1882
35,369,1582,1312,342,242,755,1259,84,30,11,373,1501,1318,45,414,1886,113,1082,1374
112,1706,697,198,1873,1068,393,2551,111,147,697,0,2307,1304,458,1745,194,881,1176,1283
