-0.6969577828787336,0.01047509400541907,1.0037692686999218,0.9483319164957892
2947,913,708,1243,4424,652,571,890,431,487,844,1158,1055,379,1323,876,1175,431,823,15160
1088,323,1100,1374,929,862,660,647,169,568,948,1974,1447,613,1459,544,198,1236,4759,542
552,1180,690,1050,234,1092,751,1385,637,1088,925,806,178,517,783,1178,1614,1088,813,253
92,1469,524,1652,604,141,1097,1020,910,43,692,231,1000,1006,1302,889,909,1925,102,1999
795,799,930,1506,330,503,989,1425,421,804,1356,878,1201,529,303,1033,1339,705,918,1127
576,705,613,695,329,1605,435,982,653,374,1348,481,231,370,1120,923,2061,1506,396,423
492,1138,87,831,915,1740,133,838,1090,1565,991,805,693,528,288,1843,464,73,534,1367
1083,931,941,367,887,908,76,344,2096,701,453,302,490,1217,437,1503,737,2529,3592,543
561,620,943,797,1158,1056,419,0,477,1094,462,367,1141,423,598,856,1803,914,578,1992
483,1606,295,653,1749,2044,1318,1176,1289,545,318,694,426,103,485,819,1080,1252,646,956
762,393,753,593,1133,325,145,1325,102,767,1042,438,1070,365,710,1244,182,846,1590,905
605,2614,3152,328,1577,340,1145,757,266,788,1128,741,881,483,117,644,419,886,580,853
1593,1598,681,390,401,954,1758,260,390,231,495,29,322,888,622,999,225,240,2889,1640
426,755,547,556,526,604,82,744,1052,285,494,815,419,731,512,457,720,679,744,482
2397,957,189,1016,837,1217,843,192,302,798,975,996,399,744,2545,658,177,1396,333,862
2584,1478,466,637,215,2793,457,265,139,1073,732,777,632,711,1799,1211,534,279,557,1132
1334,1126,2075,1045,1802,828,164,670,878,971,227,810,491,1128,619,899,1274,2263,1514,602
2577,517,6062,871,810,1031,1427,1196,1472,415,532,410,1248,1103,1127,1813,1834,728,409,2329
770,2005,5222,1754,1349,1376,695,1562,730,303,1829,335,787,2742,669,2253,688,886,4679,588
42,946,842,227,649,661,286,418,522,1223,1641,0,988,2364,1386,2743,581,357,1027,1843
