-1.2804791325726284,0.005744641091411388,0.9857493574717391,0.9113200553803992
1418,569,932,3844,755,0,5696,1900,720,1073,2265,635,4284,861,1044,1634,286,1169,0,6244
4968,3915,1538,558,3402,216,1578,20,600,456,789,521,53,276,3986,2863,2066,129,821,1636
908,541,131,1797,177,0,785,1,49,80,1226,2097,325,832,26,18,187,3098,72,80
1808,1305,23,1758,6524,2878,620,895,1450,1375,677,694,1703,76,550,97,904,41,224,1784
536,390,5,1525,1485,29,1360,468,402,790,48,1671,11,3930,71,325,11,136,1873,496
290,750,488,840,60,3,636,88,2080,474,742,1,2756,820,1306,2234,707,2930,4053,76
729,65,24,970,252,619,134,321,1246,1401,264,1358,5,34,181,499,339,45,14,2112
140,51,839,1287,685,1937,340,888,1142,1258,1262,6,730,346,89,1698,1218,4141,4095,2780
604,1111,248,1029,87,1771,2152,315,6,2085,481,59,1130,359,357,247,1148,800,49,1614
1521,2091,125,1286,966,1082,98,17,283,202,571,120,0,1045,678,1866,1913,424,416,185
548,643,489,1232,439,466,35,356,948,442,412,80,127,987,761,266,1471,2663,1358,268
1545,879,601,474,32,312,1766,52,90,1029,1484,801,1102,614,176,654,360,3845,277,331
509,806,1398,2083,283,4,9,304,301,582,977,976,134,35,0,499,1789,1852,294,219
4121,893,10,1276,1276,482,722,2222,1543,1120,1333,236,264,1493,550,735,308,3683,592,2464
666,1592,3132,1231,1102,534,3,1383,45,1108,900,2282,568,1654,685,234,2540,55,13,1095
3568,59,1,3770,1428,646,1798,233,972,581,1,13,3323,8,106,1021,1250,1163,5044,60
44,9136,4007,0,295,433,84,54,468,222,2667,409,1742,3576,775,18,155,214,731,734
596,507,1184,0,1060,37,102,253,508,161,1193,845,1017,1401,1491,87,981,234,1720,936
387,1530,757,900,290,2144,1010,850,969,160,874,310,1671,908,3,244,2229,516,46,1017
1512,2625,1758,620,1291,738,528,1083,8,771,25,1057,200,45,1699,1811,916,1345,293,218
