-0.521478376750857,0.007310642641680873,0.897220105900149,0.9760311010784286
2231,1068,843,28,761,881,894,1708,1118,1424,872,1504,660,1195,886,634,608,1420,509,772
1389,829,1046,813,607,852,527,1855,781,840,1467,819,1545,572,978,1384,824,1302,849,1007
297,295,1285,1057,316,1052,1688,848,1036,531,924,152,740,228,728,1898,1057,949,927,808
1358,1178,279,815,1815,883,321,618,453,737,642,539,1186,1106,615,1342,59,3140,1855,409
837,936,672,940,1781,1517,1527,1115,858,1528,735,1073,1755,1467,920,1707,504,1305,646,685
1277,477,1042,1334,1161,1271,458,1333,430,910,842,618,1280,923,934,318,1051,1303,789,613
1688,114,820,789,1326,792,1724,1732,955,794,1622,613,1076,252,1596,0,1733,987,282,557
1646,987,318,379,1687,970,2500,1307,859,772,1092,1849,170,1788,817,1764,522,743,407,383
1478,692,885,986,694,1266,2746,1088,248,794,586,1204,489,1373,1656,1895,1043,234,1216,744
590,125,650,494,788,687,1311,792,609,1300,255,894,1648,2286,460,2054,814,969,581,147
979,677,727,973,1298,986,1299,319,2081,2078,1844,1859,1052,992,781,296,207,1180,1062,666
0,1514,1394,785,1230,440,646,2036,575,732,828,2311,1346,6,2239,2216,1515,163,1007,1045
1117,973,1109,497,1456,2281,962,853,1191,889,1069,1406,1045,1502,1492,727,1284,396,0,724
270,1491,480,1471,538,980,444,539,1309,751,1641,2055,1032,1824,1432,1746,896,547,824,1553
798,370,739,651,1115,624,2168,704,1311,1376,2942,1172,1065,1658,1222,1437,785,1005,482,806
1507,567,726,1318,973,939,1181,1056,2390,1268,296,950,141,1646,770,768,273,1199,1615,2911
365,269,704,727,886,846,628,352,946,652,1420,2077,609,583,756,1424,1132,378,1587,1463
1239,1064,634,752,499,1072,808,662,747,1131,729,2266,1378,304,625,1054,1089,1276,1298,378
470,1339,1460,959,1185,1109,319,1341,560,164,870,385,1684,1309,427,739,417,921,526,638
1188,1424,687,985,96,789,495,905,427,856,1651,834,686,850,968,1171,866,554,1166,1030
