-1.3969220637815234,-0.0026637044682995205,0.908407062433298,0.9112743626597265
733,5266,2685,766,2304,289,3848,2847,785,3078,1482,2054,914,9,1766,1666,211,22,420,695
295,347,70,940,30,146,1035,21,999,1291,627,2,705,0,368,222,978,2,2921,1788
0,1655,78,1,607,125,189,27,185,1835,3115,1,81,747,2144,227,174,626,2481,420
1426,204,1230,1670,335,297,105,681,1577,248,2202,1484,1823,584,1324,2378,315,436,1077,30
1,57,1380,7,47,294,95,173,334,2612,1,184,168,2,1098,1545,3351,1224,182,255
0,968,665,55,1251,155,52,1146,19,100,242,2905,1856,1067,3429,780,486,354,1807,24
1473,1755,1363,1255,2252,121,1240,930,956,446,1716,419,3013,242,1690,208,148,3045,2394,110
474,325,3288,658,1618,1125,1707,118,296,1220,16,2919,4502,1745,0,905,725,873,16,1484
1676,1458,45,607,5299,4444,114,887,161,2232,2549,87,28,2454,986,4181,2,2,1403,638
0,113,836,79,2035,389,372,783,938,58,1113,394,53,155,11,88,2227,1,1717,3724
611,1193,73,1316,393,383,588,4528,3486,2392,405,1479,17,50,2089,112,27,560,761,258
875,1999,188,64,1508,1071,10,298,238,1110,2370,12,667,1342,1648,0,704,543,456,72
1388,1514,3126,1120,3,3645,286,1589,0,853,1602,101,308,492,1112,0,467,3214,2544,398
189,15,2929,1970,321,1255,1154,1208,1509,802,0,3,577,1225,244,631,258,495,269,646
3314,202,1043,994,110,2786,502,2422,300,390,2207,2,623,763,577,37,2391,766,552,231
183,43,2004,238,2244,1264,3351,3447,45,1549,3056,2022,92,2338,427,131,2231,2689,1100,347
10,17,1752,3630,38,340,1133,627,20,3056,186,21,310,844,1535,143,863,6,1651,985
165,3410,1756,1699,730,1002,258,1410,2608,92,1044,1340,1790,442,613,826,3491,473,493,1
589,1509,1,1259,111,801,36,424,897,336,3186,110,1289,2,557,7,827,134,22,3
1798,134,127,68,1010,1499,183,509,86,1576,286,1398,384,83,2130,2775,3935,925,0,1249
