-1.3307220325148044,0.010692273102548338,1.0077070423033827,0.9060236304312916
1613,0,573,866,254,386,3480,3123,66,2933,0,200,2708,1647,1160,1402,432,1197,2737,5172
6975,1836,2873,96,5287,45,1646,104,1763,307,626,58,429,480,4852,853,1068,656,7218,362
671,3388,696,2024,93,197,231,589,297,101,163,889,1275,15,444,5429,1340,3778,2207,649
1779,470,383,1231,1447,152,154,332,398,477,223,338,1706,244,968,642,2151,806,134,271
342,1,31,1222,1536,37,1358,1470,168,255,44,4,85,3117,81,4457,7,16,522,993
1,136,98,688,64,149,321,193,159,139,295,248,767,2219,960,499,1038,212,1316,4
2052,891,18,2,987,657,63,76,1415,1420,913,1040,101,555,1026,283,349,558,345,1872
112,1336,323,11,405,1205,316,2244,884,178,1208,344,141,281,812,1853,0,1642,1173,4090
691,1532,18,782,1523,484,503,514,5,2025,1153,74,562,455,172,3,1226,1033,560,1276
811,794,77,2617,2009,10,262,37,240,326,1241,1147,83,618,1240,1521,1914,1734,19,95
24,887,701,2276,610,383,225,3,253,0,302,58,1078,1312,2485,2542,453,1428,308,711
565,554,1869,0,142,110,531,539,176,236,1331,774,575,16,901,780,646,3044,937,0
930,1581,1738,1125,463,4,535,163,768,440,174,1741,29,293,0,430,685,139,905,85
2820,781,174,1321,2566,2266,1190,1791,329,1623,1194,57,1032,1541,100,52,1,3087,803,2026
309,2731,4019,1138,3974,1017,2,849,140,5,1217,2279,578,140,1775,665,1436,760,18,446
1339,62,605,508,1112,363,1312,4,988,907,1871,407,386,469,10,1865,2216,221,71,395
817,2001,4971,59,209,39,12,1990,74,54,4167,1222,170,472,3071,585,935,2594,1231,1678
233,85,480,235,1,1093,235,55,131,65,955,518,930,1086,3491,226,329,1767,1349,185
284,243,266,38,136,3853,10,368,518,1610,222,660,2467,70,1148,280,683,4446,1552,1715
2204,6625,481,470,2196,1653,1170,1861,10,1538,1130,15,1033,5385,2513,3211,904,30,149,2209
