-1.4628327840498248,0.002605106678095234,0.9876059651799273,0.8529006591837466
2229,21,2148,576,1018,396,2657,470,135,285,161,545,2492,483,129,388,87,26,325,0
179,534,75,1766,2763,38,61,2545,185,2,132,2266,320,1530,878,1768,7916,292,183,181
343,88,403,2082,631,347,36,2,74,85,1135,238,1518,495,430,350,7722,548,4,662
10385,342,1287,3835,322,93,3459,664,1027,372,752,509,1218,151,970,1607,1376,167,200,173
528,231,760,0,52,236,175,529,2292,24,2,456,47,3948,0,1018,69,744,4167,1098
123,401,449,762,608,538,518,83,45,484,51,513,1300,600,100,13,1415,272,19,19
1371,309,901,6,0,1319,819,184,446,1050,220,119,6,1914,380,214,715,682,2985,119
1816,1146,175,26,0,2279,459,2726,292,1853,78,164,292,34,3,2792,14,36,361,1444
2210,0,161,262,713,46,664,2281,2921,219,12,1023,56,2100,455,368,735,250,760,1781
20,108,23,271,1359,393,277,64,49,637,52,1506,46,0,13,0,216,2,26,1197
63,0,12,248,50,466,2096,103,45,1666,57,1313,35,661,5365,810,494,480,452,2710
419,6248,17,634,437,357,1743,1448,67,32,719,304,90,566,300,875,68,256,208,11455
2436,1310,353,1465,749,421,1022,72,258,1510,0,70,444,87,950,408,1393,410,2160,54
1082,518,107,71,102,116,400,145,7,577,1258,794,31,55,137,0,1242,118,1236,280
1344,650,8835,4251,510,866,314,625,20,241,264,297,103,1167,1085,2,241,1803,5718,1775
375,6192,5465,77,62,595,47,149,1357,88,385,551,61,433,169,735,123,0,638,79
83,6188,676,17,2946,787,959,331,53,15131,571,604,2189,183,719,8353,1128,1526,5249,0
1358,137,636,4065,1116,88,304,30,885,1305,18,31,565,420,1873,382,412,759,3711,252
19,292,988,621,900,1254,193,122,1514,212,1853,117,2270,1132,655,136,71,249,10,764
263,1554,4993,220,468,13694,4422,1240,98,184,0,73,2132,1826,748,1995,137,1649,3,1278
