-1.413387308941358,-0.001835644226516933,0.8493620511973682,0.8499746408986021
746,809,413,2772,288,0,500,33,328,1282,356,13,1468,4204,1201,36,1742,844,563,25
2197,657,645,500,350,4634,731,949,426,6,1151,27,1163,95,362,1280,1468,1085,169,11
140,0,1414,1225,11,116,559,966,2293,772,76,0,3274,858,460,195,2840,335,1291,40
715,55,112,4019,10,596,193,995,856,62,528,481,63,786,28,1543,1279,106,39,52
245,2578,2192,197,774,699,252,0,98,101,156,605,658,63,1053,2437,254,435,329,65
402,481,1042,178,2,1058,16,141,4668,5964,1649,94,53,126,742,659,210,1434,78,361
1680,210,200,519,64,2248,0,114,84,206,121,542,204,217,230,56,1086,824,6395,210
116,40,298,153,756,1499,7,366,6707,38,2789,1311,1555,2763,118,9185,127,1270,1733,824
543,214,786,121,2607,404,1890,1215,21,1735,924,25093,733,25,1368,888,38,445,2212,1499
749,1594,691,12,12,1493,194,1499,2472,1668,84,31,620,5834,1533,265,23,54,120,9552
23,1475,635,427,236,2615,1100,9727,499,83,4855,136,31,17,264,429,386,239,245,195
229,2561,1183,4535,374,2162,1274,129,405,3333,1659,1576,641,61,227,201,4,100,68,1855
315,594,410,84,135,126,2563,759,8,142,440,0,2145,204,324,10299,449,729,0,404
26,355,23,1272,769,933,752,1274,235,4271,0,0,51,1595,29,259,710,40,1245,127
584,24,254,1063,587,917,228,0,58,1910,119,119,569,0,60,840,1713,1065,289,919
369,0,365,164,106,886,1561,195,58,4318,686,81,585,696,42,577,1297,639,15,830
52,2084,5,0,103,19,2336,284,204,150,1,1535,84,214,201,563,1081,730,238,11
132,131,499,124,5055,253,155,604,171,190,343,177,13,1800,2173,492,430,190,522,284
507,1288,511,1080,125,189,4626,107,2105,529,1128,473,0,108,634,3139,0,644,1899,176
486,1476,111,0,568,990,370,320,163,1032,29,11370,1066,283,1922,300,7,1817,1389,73
