-1.5255655809163562,-0.005664074872715873,0.9870231681786328,0.8484069258007272
9,610,0,91,497,292,342,46,680,578,330,181,1547,370,85,184,59,430,881,9202
162,235,578,1785,58,2606,67,4896,58,796,10311,102,579,350,184,80,6417,2197,255,631
7601,10,346,915,3976,146,316,2142,2625,61,492,46,340,16,613,882,1770,528,3,419
422,14,197,3157,170,94,967,6,1119,0,77,198,7553,66,238,676,2372,247,29,320
24,550,193,380,46,966,1394,34,316,37,169,44,197,2694,65,2257,15,371,6461,7691
54,45,109,33,345,1649,3817,316,128,124,185,89,888,1135,500,2,1056,2278,219,59
561,487,156,398,310,2096,302,2319,542,351,2401,480,33,1383,8,7,0,1504,3841,528
873,306,8334,437,16,1718,317,156,1534,2782,31,639,112,1,1,606,359,84,88,263
3099,1172,39,80,1252,105,1437,2235,1233,0,29,83,963,2451,305,9,63,251,3356,1885
7,676,7,1549,550,1043,174,139,3,760,694,2074,246,1246,78,192,63,0,101,1800
278,281,365,1801,509,1187,2010,0,0,735,211,9,46,291,441,1313,479,113,77,2335
1488,6321,49,419,275,4937,4570,893,144,4823,67,211,1551,217,581,106,215,2951,167,1105
211,125,239,3,304,520,1566,319,791,1801,621,363,17,781,1107,130,2311,260,370,182
1096,46,93,439,18,103,69,1121,11,1353,3337,98,2928,650,968,690,1,770,1591,0
105,446,788,800,63,0,434,480,1768,23,796,119,234,22,512,67,224,3159,264,259
258,10214,235,317,2370,319,8,211,45,401,1661,1529,282,720,504,52,69,1045,1263,154
4631,0,96,14,2541,1211,48,27,0,496,52,1045,61,482,635,2780,411,3,510,855
2051,175,1364,3128,743,591,292,478,257,550,166,778,934,17,942,154,710,8,2180,1724
0,919,1671,172,78,444,99,111,2077,35,150,280,2922,468,573,701,235,670,64,602
381,3573,3442,15,416,12751,231,97,624,2693,786,914,413,14409,18,6609,309,2456,111,330
