-0.33727818891497335,-0.0019528515737332762,0.922600921634529,0.9877587306895799
718,1196,920,1095,946,1271,846,1307,1132,951,600,1012,911,1119,1105,1485,1146,1211,1300,933
860,902,1957,613,627,420,1857,1254,468,863,602,956,1531,0,929,907,1027,1133,1157,920
538,572,1073,1159,1312,680,1741,1568,1186,498,2069,1624,748,2299,1087,1078,825,455,624,780
602,962,1066,906,1076,510,731,520,1197,442,1533,946,1692,1177,600,1296,684,1036,1586,803
844,1104,1246,1275,774,918,719,956,473,1003,1686,1008,859,1135,1224,1166,1087,1185,1665,1019
1577,1191,1490,1336,806,681,961,618,1060,1069,960,908,267,929,1283,801,922,742,691,696
1121,864,1219,1328,950,666,1388,1268,1045,588,593,603,753,892,1249,676,724,1212,1046,848
915,1674,0,657,1139,1138,1352,835,1296,748,1307,1290,1314,698,1925,1421,733,1139,921,725
968,801,826,889,988,1060,1456,1445,1094,903,834,1103,1276,1052,624,921,692,650,1035,1467
988,1104,1279,1162,1016,982,324,1735,1125,1407,764,845,1147,569,771,907,967,856,702,1261
1222,776,968,1308,1612,1217,1090,1141,1114,926,588,287,1285,786,895,927,1765,1295,758,818
1479,982,774,947,572,1334,1116,0,1190,1165,690,616,1034,1120,1496,1437,1678,701,1050,683
1060,1071,1016,611,820,217,1197,974,967,761,601,806,934,1355,1463,1328,1454,1553,915,1026
783,1125,992,1155,976,1138,729,874,588,849,1338,745,985,1327,746,797,690,693,1276,621
807,539,1162,834,714,609,889,1448,1384,1033,1284,446,1416,1045,773,928,853,1287,652,896
1313,925,960,875,1135,852,679,1667,617,686,643,997,1694,897,545,852,233,1601,531,609
308,1720,1140,1549,294,1113,764,641,1377,1517,978,571,1241,429,1093,1013,771,1351,933,674
1452,1050,1198,1282,1965,737,782,1050,1003,1459,890,1457,1180,935,480,1163,1141,1736,1687,1111
711,1312,1193,1087,1577,1380,1106,693,665,546,743,1097,1486,584,492,859,1881,16,730,1418
552,416,1010,521,0,1103,742,487,527,930,575,570,1329,1559,776,1643,1516,152,1460,1012
