-1.0877329361961428,0.005732518787484139,0.8413552379664208,0.8913073670213404
49,246,116,6805,797,364,444,209,2142,2305,387,312,95,68,855,1005,228,542,614,0
179,1534,711,67,0,699,485,1446,197,0,0,737,607,712,1034,275,388,1726,134,2840
89,461,154,1011,561,59,0,403,101,684,1003,469,378,2129,110,682,780,60,1074,277
528,399,145,787,380,87,878,197,722,2100,590,183,3069,545,413,304,79,642,239,1189
658,426,425,36,730,9,3692,376,1062,117,1059,917,318,28,216,592,1241,1123,489,96
2257,71,278,1262,265,150,302,221,292,3055,1506,2539,0,1230,300,1825,662,0,266,2837
479,996,754,589,44,2023,1703,969,89,70,2751,303,1067,2471,499,290,363,356,1058,4350
89,328,1227,168,569,2476,1324,729,802,952,868,1030,1300,920,316,262,3113,148,4,1429
696,1628,74,722,646,58,401,244,9914,3030,907,392,538,1011,355,59,525,1457,489,776
2558,29,1345,291,906,1089,1560,3914,83,1581,3642,764,220,894,1327,133,621,856,235,357
132,892,156,681,722,284,1941,2574,648,1917,0,61,585,334,1922,1085,1689,267,1051,457
359,640,1310,228,1113,1271,644,6538,1289,2261,985,325,3743,20,80,141,2874,523,301,1026
1467,126,383,85,474,834,8704,2233,0,554,637,502,1512,797,675,1889,1291,188,2194,72
158,226,605,156,1376,233,690,1997,3678,749,265,5016,740,1363,1091,996,2106,1745,403,100
1689,1514,56,169,245,691,1064,283,644,2302,9,986,517,1528,2353,3998,302,707,677,304
364,1659,1134,80,368,357,4837,132,1838,161,9832,1946,1295,70,148,607,860,138,0,2705
166,1544,2375,615,168,1219,189,676,2012,2545,373,6,1389,899,22279,2380,1009,1523,47,122
386,319,180,756,312,563,535,534,501,377,0,1594,1168,318,84,178,3118,243,248,163
1232,1223,929,48,1055,158,654,784,427,322,758,193,422,1057,168,326,129,1494,127,394
428,244,671,1940,2200,630,194,1681,78,188,1094,300,151,483,1520,699,1964,124,1034,0
