-1.185435934582427,9.357435273264117E-4,0.8490286798287042,0.8498859767244618
207,45,1191,1380,301,67,184,90,212,1064,347,225,181,521,1095,908,6342,135,54,1382
1214,71,194,1303,1174,248,373,6,27,404,569,7645,0,47,2368,2182,725,2320,205,602
67,4521,1598,704,741,96,62,325,1131,1345,803,60,493,12462,27,23,220,133,127,377
457,227,1006,760,121,545,306,3035,862,1106,6161,79,11274,72,544,1069,130,380,0,187
469,736,264,404,271,598,210,1093,273,695,1105,1970,208,324,195,1333,991,181,602,172
252,885,920,1174,0,736,793,178,1245,179,1434,0,138,0,74,12463,815,94,200,539
281,928,150,136,45,334,147,131,4803,1139,0,959,251,373,1297,960,417,248,175,888
237,208,608,137,216,387,49,600,1609,1511,3271,1102,204,1300,44,626,1529,267,482,283
172,536,5748,1112,1005,2147,1401,671,265,222,572,23008,189,62,1023,914,812,234,462,2121
568,48,304,1383,1644,75,514,187,1021,709,446,1189,203,1725,1264,278,626,1498,1999,12602
2149,187,645,181,393,86,1326,615,1233,460,3749,2362,1721,1884,2435,396,184,216,141,299
63,5943,56,0,278,3026,575,351,664,100,319,339,512,0,1040,1352,580,109,1000,1076
19,192,1114,54,224,61,486,658,257,1195,91,1107,2816,437,1705,127,566,326,312,726
649,222,959,926,319,33,279,1067,496,2499,1208,105,800,942,5429,131,2,2179,4194,237
593,207,642,128,933,896,665,282,1418,633,258,115,163,873,383,653,0,142,317,1083
51,111,1563,295,366,395,68,611,325,14379,124,0,0,2894,1110,1332,147,420,177,2275
1502,254,1712,211,230,313,238,2617,85,417,152,10436,919,350,162,0,463,528,0,809
173,102,701,127,443,659,340,239,1785,563,564,419,28,518,2185,120,1914,364,929,658
642,36,799,14,973,199,83,33,75,343,2546,995,208,171,843,1279,712,324,339,139
805,799,686,692,312,727,79,310,103,1930,73,221,164,1294,596,580,484,1427,245,1234
