-1.0384019230603625,3.671077289337333E-5,0.9753833487339264,0.9032934497052357
1522,453,443,224,1186,194,1145,275,182,1558,224,6,314,1350,73,2648,2314,1004,2117,12207
395,1161,35,112,586,31,296,251,306,720,140,1727,1137,269,1728,359,657,50,682,789
1128,461,0,392,133,134,1209,286,160,169,1569,512,1154,0,464,4493,937,5350,4212,508
0,2680,975,180,942,116,740,2497,926,199,3768,272,9713,149,82,356,689,466,3,1042
331,729,137,985,639,2625,1394,2330,3,1476,996,1559,222,376,632,1269,179,1315,295,573
181,2587,488,1338,720,2253,133,904,278,782,473,468,0,413,480,0,2296,1035,755,4358
1176,456,3332,629,722,1948,477,164,583,1478,306,326,5104,423,123,156,56,153,270,790
1279,222,181,3064,299,130,1391,492,613,455,441,265,645,166,218,411,1540,308,896,1039
157,722,183,293,3227,324,48,1460,428,773,501,459,2529,207,664,769,246,233,1211,732
525,260,355,610,1382,35,182,1702,1374,0,1610,128,928,1805,562,232,149,400,440,340
0,0,717,597,785,929,902,736,2850,242,1066,308,708,450,216,1259,701,366,77,295
8765,264,278,363,506,495,770,982,374,65,515,653,1146,1081,223,578,308,602,1669,1496
1406,743,387,2886,551,242,1674,123,1070,1242,169,291,1641,2326,703,2355,0,1731,783,369
1826,907,1800,283,265,551,1297,532,306,1059,51,111,90,1826,240,144,2440,2333,799,296
1188,1864,102,357,1393,304,2625,2266,1151,336,176,409,524,416,3025,634,0,1157,201,24
4971,652,1964,266,3881,899,311,0,1298,3025,401,2380,907,578,925,0,414,2151,687,850
66,820,1074,1569,67,252,78,1589,317,543,2057,1029,93,886,479,286,2617,2165,217,739
9187,1408,909,7037,0,719,473,83,2466,1722,393,179,670,1734,161,421,6429,1736,541,883
77,641,209,96,1141,709,1790,0,0,418,1627,773,731,1037,519,340,699,936,293,353
1043,2256,871,3043,445,145,2695,886,449,1897,96,1573,921,0,1277,1471,12,3869,482,111
