-1.5055213032675765,0.007324340044179934,0.8637530639133953,0.9031523742832701
1077,371,1376,227,1465,380,121,60,292,634,630,710,216,123,8,1821,39,288,181,0
974,1,7,1028,561,1299,21,1475,609,429,3559,350,48,105,1551,2,556,65,432,1330
1428,495,627,38,429,379,386,267,3176,19,944,232,2771,1125,79,998,1,363,103,1022
39,1085,36,113,1,141,103,340,74,1248,846,10,1572,169,1469,1523,2643,1195,27,2135
9,670,1,366,671,781,286,2444,0,2,108,141,203,1908,1884,3676,301,3797,2161,444
1097,266,74,1646,45,1242,586,0,16,747,363,825,2745,567,1211,3127,712,4088,1515,1492
664,906,230,272,1440,775,1006,564,3171,110,317,158,2637,1,415,135,1228,1,1300,180
367,1162,526,1,690,3581,3150,1371,619,2477,8,182,65,70,1657,975,3,1901,580,275
995,60,2155,2264,2192,523,780,2145,258,2414,2500,2961,611,2461,2037,1583,1020,1,227,422
1741,1045,8,3571,193,1252,146,1115,1,1483,686,1489,100,3061,2163,2207,3836,1339,512,2655
1376,32,371,1777,1966,301,295,548,39,7707,2110,2060,1836,16,2,409,0,496,2158,588
518,72,95,30,987,2020,2130,904,1800,574,651,9,6478,356,68,22,3225,724,364,223
809,600,1106,1,34,565,65,4006,45,713,8089,287,100,1412,878,4115,614,2204,30,1022
370,244,1,164,3672,263,300,470,312,3189,4517,90,2398,1863,66,900,560,238,1099,189
5372,157,215,1092,2309,9,1209,1482,0,1246,3108,671,1373,1,762,945,235,325,1955,1060
1196,441,19,2233,2104,718,2598,290,115,1129,727,16,1514,1029,660,822,11,2394,346,119
2505,906,1885,85,341,1937,489,197,1624,16,1103,2557,317,142,384,290,203,8,1467,629
341,722,1,1900,27,2879,21,15,2273,211,17,150,28,2405,3394,548,2017,485,4,4
224,1896,222,365,1492,2,1,184,2177,9,1859,686,787,403,1008,193,2777,113,2533,4766
434,1881,253,147,225,2051,8,217,1874,889,1335,1751,1392,100,2410,1202,32,517,23,2268
