-0.5734981966913991,0.03262025379299506,0.8499064634242046,0.9700224120604278
283,337,1156,689,487,655,2184,873,850,1127,457,521,710,473,1410,599,960,205,437,301
279,400,806,165,412,1742,499,942,2118,526,368,2666,483,509,576,427,691,79,214,1199
291,836,477,804,711,749,1380,846,849,1079,794,535,1070,905,54,1334,743,1177,678,620
483,295,1916,963,785,621,916,858,1600,377,2002,1938,1579,929,1958,167,463,920,1086,1048
148,410,671,952,424,659,1105,979,832,1439,892,1191,814,1045,472,585,990,183,786,1317
725,360,443,1561,1718,623,879,1600,1554,1199,733,1555,772,944,951,516,217,1427,785,848
793,789,750,0,1449,2193,1516,1343,1574,2079,1562,3764,910,1171,874,0,3056,496,2035,221
1671,657,1039,699,474,899,784,1044,489,1346,997,2372,133,1601,1919,1361,543,1348,759,1055
765,1048,821,1135,1070,895,3157,1656,651,197,870,1063,1090,2907,1646,1491,773,337,1430,613
653,697,800,1225,952,730,2897,2900,509,2505,644,1157,1078,2166,1690,663,1828,1161,1561,447
684,492,1191,2204,3156,1055,558,410,638,2572,1313,797,1886,2734,1180,824,1431,698,769,808
306,449,190,1629,1012,721,616,1170,840,1461,591,1456,1885,232,2148,705,1151,907,333,819
1445,190,568,1037,922,991,1589,1035,1576,778,3394,821,2283,3451,972,1623,1209,478,1907,517
908,724,870,599,694,1112,1766,731,1762,840,793,423,2368,896,1830,1549,1396,1761,811,1021
754,319,0,525,818,644,2080,1366,1186,1598,655,2191,557,1709,716,680,1065,1273,858,1251
2048,646,314,524,1809,1387,648,425,550,809,624,975,1646,1449,909,621,1096,594,815,26
917,1179,357,241,1452,1990,799,893,1819,1768,739,1085,365,470,1371,765,883,180,354,466
909,1056,1249,638,604,1300,605,255,1335,1042,842,1073,268,531,573,1148,1213,1201,508,1724
359,1888,209,818,214,1666,727,656,1456,1029,721,871,257,726,985,345,851,282,872,811
606,391,777,975,799,733,310,1042,712,687,1007,1147,971,602,351,773,542,864,658,526
