-1.4206032937851687,-0.0027804313117810882,0.8888442833751071,0.8512449010295464
182,855,272,81,145,526,2784,307,376,2313,1666,108,70,106,775,2900,65,460,51,2577
229,554,2214,0,64,0,0,242,735,257,416,679,324,398,511,1415,832,1010,54,19
324,805,75,1284,13,220,139,208,2033,481,2375,226,1197,3020,210,681,2576,171,948,281
76,6,245,1912,17,3761,342,632,666,4167,214,2582,2044,193,596,2944,3018,191,270,1009
189,386,0,369,998,31,105,1865,3071,271,875,14,1620,600,5,1439,38,1101,2591,124
50,555,302,1154,1944,113,227,1466,497,2574,75,775,13,159,151,2121,298,1646,188,1009
566,1294,409,731,394,1000,395,778,228,361,14,308,1225,510,289,800,77,1263,5735,11843
227,1290,2,348,792,889,52,280,1046,1795,3,75,243,171,662,218,439,331,5,341
2339,199,245,376,200,3250,1585,449,2045,116,415,27391,515,228,4205,448,234,93,586,219
53,1982,1001,778,600,6,447,962,210,609,23,326,620,184,106,9238,254,580,112,7197
145,244,0,978,219,1136,19,164,939,3434,1206,4723,219,114,1206,16,1834,288,3631,131
274,9039,117,1583,1000,71,2305,56,218,1480,631,2,2614,697,317,2779,175,120,11,8507
238,188,1238,70,217,29,118,421,437,184,119,339,482,191,279,5235,0,162,2914,2012
7,232,1545,870,1610,26,122,2224,319,144,375,899,726,173,82,1402,0,6,341,130
1324,596,236,124,414,598,36,1,40,3160,263,759,511,1925,1192,5584,12,321,1475,919
14,236,776,666,147,1987,216,6,4,15,1917,187,1293,453,633,2119,517,2184,114,43
350,73,28,516,63,806,27,743,76,896,135,480,439,2415,2113,586,511,881,1089,472
196,156,266,1032,877,1000,134,1764,176,77,0,1287,1548,1412,225,958,168,25,926,276
201,106,979,1930,4191,7,7299,749,33,28,25,673,0,82,167,982,30,213,3296,656
209,627,3262,3825,13,454,227,838,554,101,835,1956,182,37,9704,171,904,2954,0,565
