-1.0411791272483042,-0.0024431645894149303,0.8559381399634958,0.8999582018251818
79,322,135,1326,453,217,55,258,2121,2365,785,37,139,1300,2202,1098,0,453,495,379
660,1557,32,158,2680,491,83,602,412,212,181,633,450,388,608,266,395,469,429,5721
256,155,843,1349,591,601,1233,962,51,403,1103,1956,121,2341,332,884,3,307,171,180
259,351,0,822,468,868,593,126,690,634,245,781,140,617,2136,367,335,479,126,954
341,378,696,699,1316,3490,4210,1952,2044,345,201,1668,1253,118,131,39,437,712,102,460
1761,269,247,0,204,477,41,338,464,1805,1441,2477,900,1615,164,1026,478,283,509,607
438,381,752,686,224,980,1865,489,191,8409,1762,352,621,3587,291,302,70,1428,378,4684
82,2226,672,438,283,1198,1517,549,1346,457,1907,1120,1812,19,120,73,3826,488,0,155
1913,386,138,335,550,663,406,295,10269,3456,960,428,2228,1220,879,1617,2804,3900,421,316
2914,454,1519,42,973,706,493,1623,22,1065,1255,1489,327,295,1594,355,686,1951,249,911
158,644,407,263,1072,39,2588,373,149,5863,457,169,303,374,718,1067,339,1519,13,826
456,860,7460,600,1279,742,1126,683,2019,849,1317,72,2171,1421,709,1121,1333,479,115,2426
1539,24,1078,225,1063,696,2052,939,283,549,2126,777,1680,1018,836,2074,4,282,2116,302
87,2531,1625,500,965,3845,352,3641,1442,595,1773,1396,1004,804,102,1783,190,982,888,311
255,570,647,151,189,528,1149,607,839,1088,235,357,185,272,6875,358,351,514,887,430
126,1248,212,345,868,732,668,334,431,1001,2692,640,887,1633,755,448,551,2,0,1643
821,316,933,6752,127,3709,64,589,1347,427,1074,418,1411,911,19684,461,1038,2042,87,160
1965,1247,524,1137,914,1416,229,3699,328,483,511,594,509,155,505,413,1693,345,3526,475
911,205,982,906,184,791,416,50,199,492,1290,703,165,889,292,534,354,957,367,194
298,472,173,776,1156,375,170,2297,39,337,873,286,253,88,257,798,948,305,232,352
