-0.8712396243268817,0.013124133725011304,0.8570941648462214,0.9453808758539886
744,242,273,881,1706,167,167,72,1,571,970,127,167,3075,1592,1607,960,301,310,590
1096,577,234,0,1440,248,1082,1165,203,153,101,2036,512,1100,56,1780,994,506,307,427
341,889,90,1278,880,173,446,1382,1272,1628,2102,372,318,202,1835,1369,2218,920,1078,275
648,1615,1251,159,2499,817,536,501,252,1871,454,2239,828,38,157,578,1292,1332,713,520
558,501,2623,1202,164,645,2225,621,1768,986,1680,423,1070,6,189,1722,1133,600,619,620
991,451,1650,556,395,1102,2107,620,2884,640,44,932,720,561,593,185,213,115,1924,2475
690,763,6,694,1268,1576,175,1630,2640,1848,400,1147,2050,141,1957,2087,2324,284,283,713
382,0,1682,2829,1334,636,1179,1426,2606,2026,9,1377,794,1183,3964,469,580,426,1101,487
1062,186,1948,1083,659,1974,2447,482,1776,1202,4607,1296,1030,600,336,768,449,64,1496,895
441,502,2148,738,714,2145,264,508,1137,1021,0,2358,856,2188,475,524,2282,509,1176,220
749,436,425,1173,462,1590,759,1043,4724,1196,1105,2917,143,21,3449,677,1157,3473,528,367
1044,1042,892,547,535,2254,2409,996,971,2115,1107,881,120,1182,625,1804,428,3394,3064,222
1493,2552,615,609,2295,2789,1515,1099,762,202,2875,867,498,1689,1654,283,794,1063,107,3059
620,780,1126,865,775,435,3814,1518,726,1492,635,1060,585,1225,215,1614,303,0,613,54
457,446,1214,0,163,1582,415,1987,2876,3274,980,779,4204,600,82,834,259,1775,68,1105
203,1420,1039,2021,651,1593,123,898,1874,2577,197,865,1003,709,356,737,768,1270,14,1112
1935,1998,220,176,1278,438,20,90,828,596,533,918,1887,468,528,1029,610,2028,926,1895
1050,774,58,422,202,1234,208,265,421,750,209,2613,1447,509,98,536,1094,1154,620,2224
161,187,743,501,27,1457,901,1343,205,790,997,469,286,1213,1032,903,138,453,525,1158
281,506,1586,772,377,543,1519,2370,1027,588,367,385,1109,355,192,652,167,705,0,255
