-0.7830858287067104,0.013738118678522825,0.8578482923523336,0.9481091994106537
24,38,1073,372,575,1006,441,997,36,1288,303,557,319,496,765,2542,1390,30,186,658
1057,66,796,602,0,219,204,405,392,126,383,568,2037,293,1495,728,1206,1438,555,384
300,365,472,358,821,174,199,351,920,1553,1040,968,1063,1329,1982,635,1167,169,493,1267
1378,683,175,0,451,607,450,331,729,426,911,703,493,536,520,753,143,2830,264,473
258,553,787,866,716,1778,2607,650,509,775,1965,1442,402,369,561,620,1173,1986,350,844
344,1024,360,1304,1238,1746,416,559,638,693,1269,646,1115,357,648,85,181,3502,494,352
1295,608,803,1058,1516,1074,1183,960,1526,1245,808,831,2111,1061,1799,669,3433,859,217,54
2158,1361,556,753,1310,652,1070,988,1508,633,549,3772,2722,1321,2549,747,375,1449,1294,833
959,6351,754,506,3254,861,2136,899,1025,3024,779,1871,1182,796,669,2575,211,757,328,1580
644,621,550,4256,1482,107,938,592,175,1543,139,1119,1965,3028,917,597,873,992,1235,1416
511,0,504,3239,1211,1272,4720,113,158,1898,840,2711,134,725,0,710,3193,568,658,187
1494,902,1495,1224,3247,665,669,1228,676,0,328,1846,1595,624,906,1987,1230,695,859,0
2056,1147,995,1052,1017,2725,3556,1204,1198,1290,1143,359,710,4106,859,886,3258,1070,152,1095
286,318,1996,1050,669,661,616,1819,178,1578,201,958,1698,1889,704,1285,224,1353,453,277
515,228,1575,106,967,937,42,3461,2140,1249,617,2184,295,791,754,1429,362,1433,680,784
888,1142,2868,492,826,1333,1603,335,1579,747,909,230,732,526,3006,1159,960,3148,808,355
151,124,2081,467,958,345,150,424,2093,295,1560,489,287,3160,865,398,1392,1937,567,899
844,278,311,811,944,602,1947,641,356,1258,1746,987,1427,499,2041,406,546,0,310,307
342,746,264,631,193,1070,1467,1240,991,932,713,624,2105,1671,1390,289,131,1334,737,336
578,31,804,18,324,430,1108,1966,1404,471,134,216,275,995,179,262,2088,1326,347,2065
