-1.2322876130101246,-0.0035614629150883485,0.951802412339531,0.8511986788967597
710,1023,200,669,498,159,100,40,141,8,1482,527,566,281,117,16541,331,471,172,2788
695,1193,1564,379,1501,398,1544,4288,391,0,145,113,72,323,78,587,822,779,308,275
4465,96,1017,1781,248,2532,2230,7283,6583,201,332,1276,277,271,324,151,3,27,443,144
1089,237,1068,965,50,811,363,159,1066,167,1087,987,12333,203,1512,104,1406,132,343,0
416,0,2155,1176,27,15,817,933,206,982,260,249,130,758,572,955,476,101,1583,154
1460,98,1696,1757,421,867,2312,447,338,1310,176,279,109,16039,1195,2032,360,342,1495,699
21,223,135,3557,213,352,1462,205,523,437,836,1601,46,845,981,161,12,514,283,1801
1809,178,804,47,1360,2207,664,1070,345,43,335,90,593,457,223,2615,564,369,322,446
0,519,708,521,103,303,650,755,870,1207,0,1918,89,186,713,404,1057,322,271,3600
2000,3026,1018,546,32,1075,655,3,2153,417,1752,28,0,408,256,116,623,77,544,2392
165,256,202,105,257,7466,1887,554,823,29,3862,40,1588,1486,189,475,131,804,2080,31
1058,844,218,220,363,3,1229,1464,14,242,1427,778,155,234,1058,4371,91,635,26,0
180,938,749,101,2199,767,1652,565,83,421,598,162,489,450,1283,719,925,906,667,2124
1321,189,525,833,392,139,1389,730,183,1159,5046,922,214,325,210,2961,0,89,0,2706
53,966,775,1905,148,769,4018,274,834,404,66,1177,60,1090,478,10,369,49,266,746
249,2028,1460,340,542,130,492,186,2114,273,427,314,81,157,55,0,632,1699,868,1695
401,482,159,72,1540,168,1157,49,40,196,1643,45,0,518,813,607,738,118,3788,99
292,86,61,300,361,1335,670,50,892,367,1455,448,856,1247,0,0,283,541,593,431
405,818,158,483,177,381,272,577,0,208,483,197,174,2012,158,1104,1148,2126,125,333
113,1607,0,778,11908,14535,412,269,450,246,0,278,48,19188,1651,15,333,2975,2081,992
