-1.327917757838516,-0.003943461106144074,0.8879912979751983,0.847654311442855
194,17,281,375,311,1513,145,419,268,311,532,300,63,1624,228,146,4807,183,506,1189
1312,6045,194,1086,2342,3437,142,274,1346,200,112,4779,257,636,6242,5628,0,104,373,282
45,665,1710,657,1038,2175,197,340,1,429,4202,1809,2568,194,25,0,59,543,498,642
854,133,9919,781,626,581,83,2060,1393,0,665,52,3199,119,1911,70,3,251,2037,837
200,668,0,301,127,1863,221,173,501,2407,755,308,191,678,115,0,816,746,329,1961
1,125,815,610,0,1781,414,132,3516,497,647,1776,132,928,434,148,1452,38,0,197
137,131,354,176,102,349,330,179,29,1076,2722,1792,1361,772,206,410,647,143,739,337
178,33,3365,228,68,337,69,630,1176,511,363,397,79,73,411,74,544,42,1793,304
419,1976,3380,144,852,551,1243,125,238,1011,459,22730,435,0,1385,0,144,3553,700,265
213,2754,2075,7,2033,351,1152,1015,37,676,743,461,1192,4778,67,727,209,366,343,15704
3498,0,829,916,0,113,387,263,1078,98,3714,2048,153,7087,1304,179,1575,1049,310,1
0,727,232,1907,144,1149,913,578,848,1343,643,604,1014,2242,352,59,363,649,2566,394
766,679,1467,608,36,205,374,1050,177,161,56,1112,666,264,199,111,92,3201,48,5086
59,110,2335,676,63,261,166,620,469,2340,49,961,726,9825,4177,1211,284,717,5149,95
148,185,83,815,278,657,368,62,627,229,539,4,21,8,0,834,578,890,81,431
993,101,885,629,1525,1616,12008,468,164,627,659,174,874,1068,139,769,129,1163,313,1060
4794,0,1795,2371,6,0,683,578,347,16,918,11563,28,134,398,613,586,236,1159,640
229,151,259,93,368,274,242,154,828,460,6,120,82,2297,261,1097,470,0,0,83
621,2932,4,373,157,323,107,0,150,27,644,776,0,619,199,1614,740,530,1968,217
0,154,643,568,0,445,825,1320,4,1332,691,1808,138,200,377,1144,251,102,7,1730
