-1.786588245590572,0.0069834268406006855,0.9508861945086328,0.8499820962470992
633,422,1542,336,30,1532,5,276,1032,1,1044,386,1142,222,4,37,92,917,253,9941
343,258,945,2268,235,3423,61,74,243,1580,209,11,1772,3003,3325,80,3048,0,25,995
0,86,787,345,297,641,457,164,0,1232,313,156,2087,86,1009,50,871,171,488,146
6,328,0,1214,204,1,3732,3,259,526,1,2664,6923,1796,103,533,3587,1791,82,4454
835,359,1378,1522,18,3,1219,76,536,22,61,211,156,1897,6975,1371,1,701,6331,2540
3,967,1244,1,521,80,3,514,156,437,889,0,786,981,332,173,2413,1233,5,0
1347,65,1305,3166,283,604,2,881,1724,2160,791,0,170,203,2248,127,535,574,2114,128
1131,1452,4,2,150,903,2124,337,1953,2252,0,77,3,0,580,0,341,9,68,2
3064,763,1077,2742,4,200,1357,1977,577,226,15,695,724,5559,411,121,593,0,1367,1352
16,0,10,734,975,605,159,208,576,0,3583,994,1280,3183,1802,129,1,7,0,13030
1029,641,79,0,2,788,13,0,664,4872,7,28,30,1061,1199,2375,399,671,132,1113
886,700,112,680,448,1020,67,1072,90,1453,30,1133,79,824,537,4951,1547,183,579,17914
2540,317,444,2,676,3,74,5,29,491,396,937,1,84,195,10147,7005,282,407,2
5297,12,191,4187,198,5,1,996,246,1248,2336,4,3223,1937,314,984,9,1299,1736,150
2,4,3151,176,1,43,519,4686,281,0,290,373,44,124,549,19,2007,1518,138,901
1646,0,503,25,366,785,1465,1,4,752,817,317,20,2206,363,567,40,1272,946,1
1904,6316,235,11,0,455,67,86,104,177,72,94,95,271,474,1388,36,62,1001,273
4271,2951,2095,3465,393,551,235,210,28,6,679,405,5,951,3886,90,26,7,4703,1331
858,0,1665,2,203,15,83,415,2391,249,118,850,150,554,79,274,69,1905,3717,120
2,716,2102,191,1038,1546,205,401,1,3483,1269,1086,352,1401,3,3431,1145,304,1843,95
