-1.4433736407532567,-0.0030905555754119217,0.8448185388814256,0.8530386600771515
1359,61,428,2773,730,1912,439,33,23,71,951,1,1468,52,1201,63,2252,0,712,0
1423,1039,61,539,1746,4710,295,136,677,286,27,3150,1128,95,395,1789,993,619,169,85
77,39,946,249,43,41,12,966,3997,0,155,1218,1195,1466,411,310,3508,236,491,758
357,54,111,3771,12,596,435,1130,1794,0,439,1643,183,191,9,4263,1045,421,40,52
249,2578,2013,130,737,259,771,164,402,139,217,510,572,112,207,635,48,455,345,127
402,836,1487,295,4,858,353,306,4668,4858,1713,145,549,675,542,421,204,1176,3,378
94,255,490,2542,39,1234,9,380,62,898,57,135,320,89,73,52,134,736,1964,395
491,142,5,110,1059,613,16,230,5400,208,1614,1786,753,3038,678,9395,21,1489,153,814
559,3376,549,151,621,399,1874,82,1,1043,274,17975,274,3,560,2481,38,860,2218,332
1000,0,567,23,12,1502,182,1499,4639,2314,16,187,35,12284,215,195,3,115,31,9178
128,1660,1394,1816,278,2087,203,9662,317,113,5135,238,283,68,910,446,863,166,227,1058
335,4338,631,2834,1329,2162,1323,556,855,2918,1166,422,260,107,705,208,0,190,95,2142
1156,1736,469,3,113,103,2531,1009,798,28,128,2182,2348,363,388,10300,17,643,8,441
140,365,123,1575,500,841,752,2651,568,3044,0,0,80,1157,30,312,488,20,1483,131
184,0,317,743,709,1244,385,233,549,1614,420,101,329,1724,107,91,810,89,270,338
7,435,237,0,228,58,1213,121,40,4271,528,30,2101,677,279,962,876,1392,15,1649
15,24,6,0,103,500,3079,611,212,67,56,1535,184,606,319,126,905,873,242,310
168,60,432,97,4958,347,538,634,104,717,238,234,165,2981,2694,469,1033,277,509,636
180,815,511,343,687,21,7159,770,2037,239,963,261,0,13,538,3701,458,564,1796,1036
24,94,111,0,974,723,159,367,218,984,1818,11185,614,386,1922,117,7,1852,25,176
