-1.0667263986370021,-0.003343622290959992,0.9032747361726462,0.899841799161423
739,3119,118,229,296,1276,5211,159,22,421,625,1490,812,490,1196,853,1856,450,1134,1487
395,630,620,837,1630,110,449,1123,1554,686,219,681,1206,205,528,396,25,1727,300,589
140,110,592,706,139,352,1,162,980,779,1161,477,131,2949,226,193,213,177,0,548
867,861,1419,1596,1281,0,4851,483,761,531,35,205,1664,204,57,579,976,2536,222,229
977,986,786,580,308,3305,152,1823,339,86,1440,106,438,186,159,6,432,1898,3531,1091
1,773,334,528,699,228,643,694,1044,817,104,2560,1219,741,441,673,487,802,372,445
861,1113,222,1155,800,390,876,294,129,11057,1712,2056,309,1233,88,1466,261,345,9046,4676
394,281,909,276,275,1767,1602,288,423,631,1232,239,1147,456,1820,170,1640,371,2,128
383,905,61,244,34,70,793,35,3860,687,326,684,449,610,1242,737,773,649,656,1231
591,4588,129,180,1923,1112,1757,258,1046,204,1153,219,317,1505,1663,38,481,2562,1148,42
598,388,193,1275,80,100,372,110,52,5763,207,85,1055,652,317,265,1171,0,1955,2307
1186,1369,899,1792,1076,1424,1278,2376,691,428,1054,1344,922,1071,726,478,1016,243,443,978
707,393,466,340,723,320,863,361,119,1103,686,169,810,752,262,178,602,959,940,337
1418,2092,459,486,618,28,738,94,730,375,644,5276,639,0,853,1287,250,233,801,326
448,1122,183,210,331,1150,60,448,2138,387,73,1834,136,1691,8060,282,152,881,953,287
1683,413,1391,6094,1258,133,1604,928,1485,323,260,1599,1883,1956,620,725,1023,473,95,894
695,4579,349,49,543,2622,33,1176,990,421,1008,7222,1129,1099,18089,484,15,3889,167,381
860,211,1618,479,789,1261,923,2474,669,4192,372,605,336,271,1229,426,2890,332,1357,586
378,263,1572,347,308,1311,457,764,505,77,157,1941,10,184,372,417,851,393,262,847
1099,39,459,388,637,2255,2918,667,3090,118,1574,306,1495,727,1116,539,128,185,1550,74
