-1.2374133730098582,0.009829874507479614,1.0030347204431824,0.9141774645711525
1418,569,932,3844,458,0,5939,1900,665,1013,2265,678,4284,998,1434,1835,277,1184,1831,6035
5568,3360,1203,512,3402,147,1578,20,792,497,846,515,19,276,3857,1891,2066,129,1174,1564
908,519,208,1889,177,468,785,1,49,25,1226,2807,325,833,0,18,580,3269,1089,40
779,1305,572,1758,1018,2113,547,77,1450,1374,647,694,1703,33,370,506,744,41,224,1784
648,508,179,1522,1486,36,1282,871,402,819,95,20,12,3720,71,325,12,136,1870,913
289,750,161,840,60,3,636,371,543,474,110,1,2671,550,1306,440,526,3278,3812,140
2205,65,7,1039,252,619,34,321,1041,1490,264,1358,262,34,383,2644,348,45,14,2328
20,0,839,738,895,68,466,888,1142,1258,1452,6,684,273,118,1749,1131,4141,2028,3503
1417,1055,154,1029,136,295,2065,315,6,2616,525,0,1320,363,403,350,2110,800,0,1917
1521,1808,52,1286,1144,1074,83,491,283,4,719,120,0,863,558,1991,1913,586,655,173
548,570,489,1230,474,466,35,8,262,1086,500,80,127,1033,761,1083,1474,2663,1115,437
1545,1026,174,527,39,311,1766,52,108,332,467,627,872,1041,176,657,534,3493,1030,139
195,1175,1683,1252,283,4,7,360,301,202,977,976,44,110,49,619,1805,1470,294,79
4121,893,46,910,1200,1615,801,2222,1543,951,1333,177,264,1493,565,735,308,3683,588,1933
666,1590,3132,974,709,670,4,1815,53,805,443,2304,568,1713,2023,234,2225,125,555,1095
2324,59,1,3402,903,2608,1798,300,928,530,34,8,3323,8,106,1021,2213,1038,777,60
139,8235,5181,0,298,304,102,134,137,222,2645,0,1971,3553,775,44,201,2008,698,1559
596,454,1326,241,817,37,225,139,508,38,1126,845,1017,1401,2962,97,1193,196,1720,226
469,1716,633,900,372,2134,1010,660,905,420,834,880,1709,908,17,428,1470,516,216,1588
2330,7482,1678,620,1445,738,670,1083,8,771,25,1057,200,1125,1702,1811,943,1345,205,281
