-1.8221112244023852,0.007077633406467219,0.941952487883693,0.848523124653835
1057,593,1059,575,165,121,266,97,258,50,1142,399,1195,222,3,20,25,272,236,10341
343,84,753,1986,225,2409,138,46,226,1580,209,13,1772,3172,3293,80,3048,47,6,3930
0,86,787,267,297,961,458,164,461,1100,310,130,2087,73,676,58,1362,171,3,1
6,328,1203,6,359,1,837,3,259,510,1,1371,6923,80,58,419,3096,3528,82,4954
605,359,844,1481,18,3,1368,89,476,21,67,1,15,1888,5,1512,0,61,1920,2540
164,1450,1244,2,195,3,3,172,139,427,889,0,786,832,722,189,3658,1737,3,61
508,1028,27,717,211,1355,2,881,849,1483,551,2,7341,241,2248,126,1,574,3807,78
1131,2056,4,2,394,273,3192,232,3219,2515,0,77,3,0,580,6978,333,9,59,2
3200,373,33,2441,5,332,1591,2028,517,199,14,1135,718,5301,846,121,593,0,2283,436
53,12,33,813,975,1629,190,208,358,0,1638,1879,0,3811,1630,104,61,7,156,5610
2503,468,96,0,2,788,42,0,157,4872,8,286,27,1061,1199,2375,374,84,172,0
932,3934,45,656,457,1018,67,1072,107,1683,1,1133,72,732,537,3532,1521,90,1838,18439
2540,2,529,7,862,5,74,388,29,491,0,724,1,17,4653,11048,6533,292,407,3
5252,7,175,4160,402,15,1,996,138,1338,4281,1738,3849,1153,314,670,9,216,1324,150
2,137,3151,174,1,0,519,77,412,629,290,373,44,100,590,19,1662,1518,138,679
1646,0,594,25,210,785,1380,4,44,770,793,317,57,2294,403,556,74,1272,946,1
1904,5990,65,19,0,2886,77,153,104,201,110,96,98,442,474,1357,552,67,936,285
4608,2322,3385,3465,1686,31,235,256,31,8,656,405,18,912,3764,80,26,7,4703,63
802,0,1665,2,203,21,228,415,2378,136,82,681,2788,531,88,483,60,2201,3703,120
2,716,2049,587,1038,1546,351,1720,2,3516,1269,1029,353,1912,3,1457,1135,322,1408,58
