-0.5227323634726807,0.003563530799286911,0.9534973739588111,0.975411024814153
363,252,1019,820,1363,586,989,289,546,2418,881,986,574,1468,2136,1522,1708,1196,2000,1018
2988,2821,1179,1667,1599,855,1274,638,1513,1116,479,605,1382,511,988,1229,266,2130,1651,678
765,834,768,2641,357,1003,471,899,315,339,739,378,162,445,532,259,434,1311,1150,531
1004,654,945,881,910,1247,609,683,1399,1981,1471,1089,1819,1158,1424,457,163,1175,2394,743
1183,1690,469,886,1091,581,198,1707,988,671,437,1143,1512,757,1580,385,1160,2694,1902,618
896,841,1573,543,366,290,432,513,683,922,908,1460,176,981,897,2055,1701,357,586,1654
991,2124,752,1274,1065,1044,1474,823,203,591,2026,905,1089,701,1331,931,1828,730,1027,1255
729,1046,627,945,1062,745,1254,872,560,770,909,897,469,306,1080,1640,732,1045,1151,1125
1916,771,681,1083,1645,262,130,773,560,1005,997,328,817,319,818,485,730,680,747,809
750,688,542,324,554,1071,2248,1771,329,504,554,1488,141,2140,443,2046,343,478,458,1397
3120,977,591,1024,1244,294,546,760,817,827,1252,788,1037,1307,274,859,1442,673,686,850
1003,1806,1401,1570,445,517,1923,295,1077,725,760,1034,919,1073,599,295,2187,2194,1263,420
982,514,1274,732,434,581,379,1138,551,380,1097,866,1100,930,1092,1118,1680,1343,555,1077
1870,1757,616,506,565,436,1263,691,1570,1569,1263,376,506,910,859,323,838,1046,1260,1196
1941,1597,1509,545,949,826,541,1153,412,422,1016,770,851,1482,900,923,608,1535,885,518
1223,1621,1272,314,1125,957,1226,1208,1018,1102,490,1046,524,1553,958,1047,673,829,1701,1979
1186,78,1174,681,478,1029,1342,547,1141,1446,911,1589,386,277,659,730,1109,674,279,2209
449,1050,657,598,3102,205,420,704,923,808,2249,543,897,638,1311,1500,955,892,1021,2221
2143,975,1078,849,1205,397,857,278,423,1023,938,1450,361,1604,1783,1042,1454,1885,648,1081
192,686,994,798,839,410,490,1509,829,1242,1423,724,588,772,876,1642,1060,2731,1663,0
