-1.2982975216659565,-0.003387547484921095,0.968081828991074,0.8499125572235988
1887,1180,486,4982,409,512,49,315,27,668,277,786,734,460,10,16335,14,1203,750,2250
2546,349,680,293,948,1417,599,4370,383,302,680,540,0,73,1354,233,426,348,837,72
2,623,106,1027,251,1482,1249,12002,5454,63,1050,791,386,217,351,5,8,611,549,237
526,29,166,1298,844,839,262,35,144,274,456,173,13154,46,1013,64,297,2020,349,94
582,50,598,1803,611,0,466,0,424,1147,163,1329,479,1059,204,349,438,384,1197,593
83,87,174,251,431,311,2074,603,852,820,411,114,335,3322,610,523,539,392,263,2832
16,69,88,0,1471,371,1799,395,80,590,689,1148,25,320,920,1252,146,1280,166,565
1354,825,1129,314,1123,1201,75,277,193,10,320,1265,599,31,1500,1873,1555,743,34,1024
72,634,5,327,232,112,87,0,1089,6203,47,3796,178,110,1729,352,343,341,1067,2746
5720,813,508,118,691,2982,311,219,95,639,1038,375,281,99,56,374,372,383,1065,1585
77,591,751,14,679,1161,2902,348,1503,2357,4116,412,1865,1115,559,355,35,768,710,5
370,23,166,378,311,39,606,1498,3909,723,979,1665,2329,0,316,10818,29,723,89,27
278,168,563,68,106,486,217,14,125,66,473,77,551,708,2136,0,6,1021,13,1610
1091,469,245,758,235,119,603,0,8,462,784,1797,501,0,304,1133,96,1330,0,1325
219,801,84,344,199,484,4877,262,1472,1184,391,1177,277,65,347,1097,2765,210,144,817
254,3612,428,139,1309,1053,691,32,989,287,479,367,340,125,1033,14,465,2162,911,1070
199,473,534,32,430,273,1677,141,266,106,3053,186,195,2053,1254,979,730,407,2951,1245
10,601,347,1010,293,1012,503,21,0,304,403,1129,1798,321,586,90,52,1008,0,1663
484,3089,1244,364,175,541,1235,350,24,1474,791,818,433,6095,798,126,661,1642,733,1589
11894,2651,135,576,242,15043,308,104,1235,52,273,701,34,18646,1300,10,0,573,28,1682
