-0.5669743487927662,0.00435299239002334,0.9446425655795789,0.9715180864803281
296,508,1019,805,1264,586,989,289,546,1796,444,1617,574,1468,2372,1522,1959,998,1120,911
714,1746,1179,1667,1707,786,1828,694,1513,1116,479,625,1382,511,1118,1244,284,1874,1309,1251
529,617,768,2571,357,903,407,1326,687,423,949,2262,162,445,532,259,434,1311,967,737
1004,654,1078,1148,910,1247,609,750,1399,784,1124,995,1819,1158,1424,457,517,1175,2394,743
1183,1690,875,1204,310,566,198,154,988,294,3063,1080,1481,757,1580,416,1160,2732,1706,431
799,1191,1936,543,655,290,779,386,413,922,908,1062,130,981,324,2055,1701,325,586,1654
1030,2214,752,1274,2392,1044,1972,1659,957,591,2026,905,1089,0,1346,931,1682,824,1027,1255
729,1664,832,983,597,745,1254,868,62,668,909,897,469,445,1447,1640,462,1060,1151,1105
1226,771,681,1052,1877,262,123,777,560,1005,997,960,1215,244,784,468,730,680,764,809
750,961,542,324,0,897,426,1771,457,601,506,1552,553,2047,969,1549,785,27,290,1057
2754,1775,693,1291,356,156,155,760,817,917,1252,788,909,1353,264,1132,1442,656,0,850
1035,1806,1401,1570,445,734,2233,1138,1087,761,784,1034,593,1180,719,165,1223,3284,1263,1300
534,514,1274,1439,422,497,588,1138,551,592,1097,1,1047,930,660,1118,1164,1922,555,1077
1313,1757,376,1073,942,436,1263,652,973,1569,574,1746,183,819,859,675,1178,1168,1731,1196
57,1858,0,545,600,859,463,1775,412,422,1016,770,851,1562,693,923,518,1535,435,2527
1587,1621,1193,314,1125,957,918,946,1018,1102,490,374,638,1553,948,1047,0,709,3254,1979
1186,268,1174,681,835,1053,1130,547,1141,1341,985,1588,0,277,1503,762,1023,674,496,2179
608,1050,971,575,1796,205,470,704,974,772,2846,543,1152,3196,1311,1500,376,892,1370,582
1886,975,1093,879,1205,382,500,383,1181,1191,110,1450,361,1604,1793,1067,1454,1885,648,1035
192,39,699,798,839,410,490,1509,829,1196,1423,1075,928,1141,876,1642,1060,1490,1663,1050
