-1.2313729394582071,0.0031980414586923675,0.8279356636927728,0.8541360797690167
177,12,930,454,261,66,443,127,261,1268,350,227,81,289,51,1207,6342,110,54,665
1214,71,194,1303,1219,224,373,6,68,404,590,7645,632,54,476,2135,1058,477,120,717
185,4594,1638,566,610,96,26,325,1516,1345,912,60,878,4243,27,23,248,105,27,396
457,230,910,760,120,545,222,3154,1035,1566,6161,107,10541,72,567,1022,130,1723,78,187
336,760,402,404,271,598,210,1093,267,688,960,1897,130,324,1888,1333,1445,223,632,172
220,1153,70,1174,0,824,1185,279,715,185,1173,66,978,792,111,12453,510,172,106,596
213,928,67,136,45,1050,139,2418,4836,1605,8133,2137,83,437,1579,1018,419,237,175,959
237,290,363,64,208,287,47,308,1096,1691,3214,1350,292,1246,44,626,1529,251,450,283
172,396,5819,1049,1005,2147,1450,696,160,292,856,23008,352,62,1023,826,742,10,439,2121
313,46,743,1400,1600,72,514,257,1033,720,460,1189,81,2561,954,483,626,1036,1985,12333
2180,187,314,181,343,86,1143,515,773,460,3880,2362,797,1942,2248,1266,454,694,141,0
60,5985,56,632,141,3026,2259,288,669,53,370,206,714,0,871,160,501,109,1057,1076
19,136,1247,101,240,23,453,678,249,755,126,952,2978,447,1705,127,478,326,289,726
568,37,959,1062,199,111,279,905,445,2693,30,244,823,942,5436,99,2,1626,3408,258
443,166,642,107,921,896,458,43,1488,633,258,178,1258,873,383,653,71,133,293,1228
51,66,76,201,366,395,68,556,460,14379,1109,0,207,1649,1070,1332,147,261,177,0
1540,457,1724,219,300,309,180,2501,25,417,152,10436,919,537,333,0,496,528,0,707
85,101,391,437,419,659,455,239,1683,563,509,438,29,161,1852,120,1914,229,993,758
642,36,799,14,762,76,196,33,75,138,2423,1056,1526,170,1197,1279,712,324,339,711
805,799,686,70,192,592,79,312,2456,2067,93,200,164,1086,579,580,484,1427,228,1231
