-1.1798100278595869,-0.0028784481926829018,0.9988131572814423,0.899051468249709
740,272,0,269,602,356,4095,0,436,882,10,123,1419,277,611,323,67,630,513,15769
5527,2211,541,552,1523,110,845,209,1352,1296,627,855,1601,628,694,142,562,150,767,574
2112,2879,1788,0,1404,409,748,462,425,166,220,629,1498,572,142,2804,734,4619,722,703
329,2105,717,517,1503,814,689,0,68,856,761,128,1686,0,428,3373,245,785,655,124
141,452,7,846,223,207,646,57,119,17,194,277,2185,2178,31,2887,227,194,1051,602
2392,135,337,0,840,256,170,2066,24,0,157,420,289,298,347,113,0,1076,65,597
77,1300,1703,934,171,1300,275,227,1293,998,3,844,1912,560,3154,505,1919,263,823,1222
71,2008,1082,1645,1277,0,494,36,11,2,4073,740,1251,888,67,701,609,85,956,217
443,3271,297,2006,708,573,48,311,2900,356,576,731,258,332,4542,474,163,676,298,2806
817,101,465,754,0,1633,84,613,337,691,143,3377,236,287,1324,2684,419,2226,1313,206
578,62,3042,2365,1147,29,288,235,1594,87,1540,289,2208,487,221,30,668,637,796,457
0,785,63,1617,1623,0,1270,530,235,289,3657,476,159,1247,1224,45,608,660,3252,1319
1655,691,638,353,73,0,1040,2680,2577,0,283,49,1106,916,230,2657,929,687,29,2274
327,2378,802,418,2700,14,498,383,0,511,21,139,1225,236,966,431,583,2972,89,1870
1136,2123,623,2129,37,80,35,9,352,251,567,1817,787,369,1845,2725,98,477,67,5813
880,1351,700,402,1913,2239,353,0,1625,1024,579,381,389,1035,733,663,233,1580,552,1241
2498,1,4851,785,22,321,81,1501,305,923,8,1003,470,572,500,82,94,2495,4212,2100
2215,2771,138,521,1216,380,179,1284,579,1089,252,174,632,329,403,928,320,4,68,2345
210,1525,7,574,316,1184,1175,8955,19,557,333,1151,484,2980,844,742,9,2372,451,787
2208,3138,540,7969,145,211,3375,781,271,939,680,3267,667,893,2604,725,541,154,261,2834
