-1.3413411097123167,0.010835747075355173,1.0102936552196964,0.9057177896402241
1772,1085,573,866,254,386,3429,3123,168,2933,0,200,2708,1581,1160,1402,432,1197,3077,5172
6975,1836,2873,128,5018,45,1646,104,1842,274,688,60,716,560,5170,853,1068,607,7218,408
671,3388,710,2024,68,197,254,589,265,1,126,933,1275,15,444,5429,1000,3778,2207,649
1816,551,364,1231,1485,152,150,332,398,477,237,321,1595,111,968,676,1148,687,206,271
342,1,18,1222,1536,42,1347,1368,168,253,44,4,127,3296,81,4457,7,17,522,1263
1,173,98,688,53,149,321,193,159,139,295,248,767,2230,890,499,1038,212,1316,6
1963,789,18,12,1010,657,63,79,1415,1420,962,1040,101,376,1026,283,349,558,345,1872
1,1345,326,11,405,1324,316,2244,884,187,1208,312,155,276,845,1853,0,1642,1173,4090
691,1532,18,782,1520,484,502,514,5,2015,1153,74,457,463,172,3,1226,1033,560,1276
811,786,93,2617,2173,10,262,140,240,297,1241,1157,83,618,1240,1521,1914,1734,30,95
23,887,513,2418,428,301,225,3,253,0,302,71,1078,1315,2265,2542,453,1428,305,711
565,554,3536,0,142,110,531,539,190,464,1426,774,575,16,901,780,646,3044,937,0
930,2093,1557,1157,529,4,535,163,768,558,207,1741,40,293,0,430,685,139,1037,84
2820,781,174,1321,2566,2266,1190,1791,329,1623,1194,57,901,1537,100,410,1,3087,744,2023
309,2731,4019,1175,3974,1017,2,849,242,5,1207,2245,578,125,1775,665,1436,760,18,446
1348,63,525,436,1112,354,1312,3,413,835,1846,407,348,520,10,1865,2137,188,71,654
801,2001,4972,59,217,39,12,115,74,54,4149,1222,6,472,3223,585,761,2594,1231,1678
233,227,480,260,1,994,235,55,131,36,694,526,930,1086,3478,227,329,1767,837,185
284,239,266,38,185,3853,99,368,518,1560,215,771,2467,70,1148,287,682,4446,1552,1715
2204,6625,481,470,2215,1653,1170,2408,10,1538,1015,17,996,5385,2513,3211,933,29,149,1821
