-1.6350376401017706,-0.0023724184721224902,0.9993099460258449,0.8494254513167933
880,7,3857,2149,622,211,142,298,103,1,110,436,870,439,47,47,7,113,313,5969
218,285,88,0,2976,2806,86,4438,611,606,173,74,661,943,1984,197,6707,2460,18,210
7351,8,151,533,2624,0,202,2511,100,716,230,117,333,5,2587,201,0,533,1128,153
61,24,293,3866,559,226,180,13,240,30,31,117,9421,1,41,743,610,126,6,240
15,106,535,52,572,884,1569,53,316,11,228,15,104,2806,32,621,275,29,7866,2325
37,1539,170,149,0,64,833,150,306,159,377,164,730,1036,115,22,1429,1867,4,75
870,820,94,247,298,2058,359,210,264,1972,2376,582,14,2259,54,229,979,381,3334,116
859,1168,7087,1555,1014,1068,683,210,1311,2249,25,1,5,26,2,169,80,28,125,1
6294,396,116,2875,660,14,1578,1788,68,14,16,92,1158,3232,1010,228,693,435,2172,2223
30,441,179,798,167,416,105,68,311,1278,1034,2432,603,5460,316,154,25,453,552,1926
165,511,471,1900,187,1327,2143,167,139,9,300,17,65,170,675,1897,395,42,11,3740
599,5516,139,128,47,1687,3,494,783,1080,270,137,77,309,636,1189,266,331,233,9784
206,302,341,1,47,92,1526,7,18,1014,156,489,44,793,3690,2491,1685,278,0,3
863,2277,88,238,534,165,1,37,0,1186,2170,2,3582,504,1214,1715,888,199,1789,42
1,243,2965,2030,3410,1969,37,84,27,217,776,61,173,110,837,372,844,2132,1,545
295,6930,576,1992,157,301,0,818,731,1861,1787,412,4,1556,853,84,38,1027,986,50
615,4952,117,11,2834,2,27,86,355,509,95,142,1242,124,254,1036,299,126,5326,938
417,583,4067,3803,2186,782,319,198,402,459,23,314,9,93,2497,270,777,181,1769,1363
128,949,2212,34,72,386,219,149,2887,229,113,76,3013,213,185,450,1026,2182,774,1736
164,4700,4165,252,1390,13355,352,369,123,2360,33,322,132,14148,91,3970,133,906,168,1157
