-0.7186484883620993,0.01859240304142439,0.8472320860034473,0.9583265099727415
177,621,1554,1253,466,484,1000,1034,268,701,465,1369,443,564,2157,1710,1097,365,370,248
13,315,0,399,734,244,714,911,1813,883,152,2117,618,429,551,245,523,288,649,1129
358,1055,311,0,627,414,945,1740,1396,980,662,701,756,734,242,1156,402,440,677,705
755,631,54,1711,839,667,348,1300,1398,400,805,2266,1841,1548,154,355,803,1785,356,504
302,410,683,758,748,404,1329,924,594,1664,1000,41,2258,1108,1354,1843,1212,856,296,585
537,200,1067,1730,1614,533,88,1531,3476,1134,973,1212,1334,509,616,859,559,1618,282,893
47,843,897,1244,3593,1123,1380,1654,935,2560,1464,3508,480,2577,3273,1408,3652,509,908,192
1146,1690,1209,0,558,768,72,1495,573,1460,471,2493,781,501,1285,915,127,1194,633,755
999,726,764,645,405,701,3371,875,969,1166,772,1550,1021,1889,499,2464,167,839,408,384
959,946,1469,1317,1197,1381,1883,1357,709,1645,356,1230,789,1365,1037,1010,32,1949,1295,1157
280,768,596,2509,655,1151,698,111,1259,974,159,837,5396,2797,798,339,1350,370,573,877
816,237,500,1400,993,379,356,426,881,2408,532,2837,1629,1320,2039,503,658,2452,594,712
754,151,494,1059,1879,1014,1588,1019,1970,556,1321,1146,2489,1858,1186,1329,260,50,2084,203
1447,594,492,640,358,1247,1929,619,1461,1225,658,1064,2377,927,3274,1126,1284,1561,921,695
48,611,2287,615,1010,616,2659,2308,1598,835,442,3167,236,1297,670,1370,849,1440,1565,714
244,771,171,74,700,735,997,433,556,1474,681,786,743,2129,1739,516,1137,1473,926,122
1031,968,175,1541,1209,2128,800,2430,1647,2080,498,424,674,755,1519,408,836,2474,494,271
1046,857,3611,311,593,993,822,372,1233,2549,518,1243,802,414,1400,719,1590,113,991,54
33,2216,456,387,600,562,873,270,35,455,1077,848,1018,223,1864,707,995,847,841,316
573,660,641,347,839,1132,913,614,654,563,497,1094,1650,812,408,49,407,109,1276,654
