-0.29994395551681396,-9.138848043512059E-4,0.9213936796151116,0.9901230299388234
692,1196,978,1095,946,1315,846,616,1132,951,600,440,911,804,1318,1251,1275,1211,1032,933
860,1009,1177,613,627,575,1857,1170,468,865,602,956,1531,0,929,907,1021,1270,1157,834
420,821,1073,1159,1312,680,1741,1568,1186,581,2321,1624,821,975,1608,1057,922,1501,465,780
712,819,1066,906,1076,530,731,520,1150,442,1533,946,1692,820,600,858,658,1074,1429,690
944,1120,1246,1275,740,985,719,956,793,977,1686,1008,1439,1006,1241,1080,1143,1185,1737,972
1579,1476,1490,1336,830,685,961,618,1053,1069,916,908,1036,964,1283,578,818,744,725,696
1088,864,1228,1328,950,652,1337,1268,796,628,593,611,1240,892,1293,676,724,1212,1046,733
915,1520,0,671,1216,1094,1326,851,1321,748,1307,1290,1323,687,1958,1314,776,1139,921,835
904,801,875,1005,988,1060,1456,1445,1106,903,864,1103,1276,953,615,921,692,582,1312,1105
1065,1120,1279,1162,1016,541,324,1669,1125,1114,850,845,1147,569,878,917,1042,856,702,1261
1396,776,968,1475,1645,1313,1090,1164,1114,926,608,1065,1458,786,909,917,809,1295,481,770
1508,982,774,838,586,1115,1122,1171,1205,1165,785,616,996,1120,1487,1417,1617,528,1050,683
1098,1022,1016,617,820,224,1201,974,967,761,601,806,934,1355,1408,1328,1424,1501,915,1081
783,1220,992,1317,946,1193,729,881,668,849,1072,745,1055,1327,746,889,690,693,1285,621
834,539,1162,818,679,615,889,1448,1384,987,1289,370,1369,1045,811,928,853,1287,723,969
1026,945,1110,929,1135,929,822,1452,601,700,663,997,1299,897,812,787,870,1601,1253,677
308,1720,1194,1252,294,892,764,641,970,937,1024,550,1259,429,871,1081,771,1305,933,646
1439,1050,1198,1312,1187,756,782,961,1342,1304,890,1562,1278,1127,478,1163,1119,1736,1739,1111
711,1313,1256,1301,1577,1845,1091,692,718,939,743,1162,610,512,512,859,1881,748,730,1035
560,958,1010,571,0,1103,628,487,661,917,557,573,1161,1559,772,940,1516,688,1460,1064
