-1.576467403677108,0.0021781038460678354,0.8881424141959112,0.9056266349705812
1922,5266,1902,1045,1458,282,3996,2,785,2876,977,3135,1400,9,1682,3684,1022,2,241,602
329,279,0,4,38,26,4,325,471,1066,419,3,533,0,757,229,92,2,2807,1173
317,359,62,1,297,1,102,27,434,3387,3343,89,281,175,1326,338,13,973,385,372
500,282,1311,52,1,596,3,235,2435,0,3268,3163,2151,2835,2470,180,1142,572,595,56
1,1496,1298,7,1,289,2556,386,535,0,2,1180,321,2,486,1380,1,6,28,7
463,572,0,402,1283,1634,59,1875,10,100,400,1782,123,358,677,824,462,1357,1179,27
1511,1401,1342,632,1,165,262,917,1064,701,2707,356,2881,382,1230,273,226,1891,1301,81
527,1594,3288,2,1607,1068,2041,1587,679,3545,17,2046,1601,2417,2906,905,725,1448,14,651
1,1458,95,682,3149,2293,420,904,106,2189,444,466,17,2811,1621,2718,625,2,1379,685
2011,1269,1145,399,2009,10,252,833,911,542,1,394,52,165,32,94,2284,1,1419,4737
467,167,2098,1251,268,1842,26,3553,3486,4864,135,1479,276,38,1835,6,241,419,63,404
732,1668,22,0,1508,2463,3884,1465,194,1927,967,213,594,352,2619,2063,15,257,494,230
234,1491,4074,9,3,3029,395,3841,1606,3942,1516,170,193,697,3421,573,82,2581,2207,159
46,9,1582,26,344,810,3053,1441,0,577,922,382,1543,1488,1,792,521,1930,332,520
2762,229,1373,1033,872,4125,491,2414,7,3650,1700,3,569,652,543,361,1836,6,730,1525
239,43,508,67,523,1264,3626,4,132,1224,2304,3572,111,1671,2805,215,2231,73,1100,449
693,7,2397,2794,95,675,1139,798,14,9,6,165,74,1587,1904,143,227,0,1651,820
11,1866,685,2,713,448,189,1560,645,44,1107,1334,648,1124,156,735,4243,473,490,1
748,639,1,2271,128,801,1,1133,1871,889,3186,154,2861,22,557,144,215,2322,41,74
4216,315,429,66,865,1568,944,153,56,2923,523,1754,1090,30,2130,2591,1038,925,2382,650
