-1.381314488084305,0.005588593664097769,1.008917268119467,0.8499450820912902
1268,495,2451,2123,92,484,339,138,267,69,268,389,1869,204,1602,52,8180,919,103,7195
1374,468,14,0,5638,1570,1358,842,399,100,81,334,1776,3460,870,1086,10822,13294,168,93
103,505,2702,793,914,1211,25,6183,67,501,193,0,31,0,497,694,57,65,186,926
244,360,520,147,2770,55,3374,384,19,96,246,896,11806,210,404,143,198,357,4819,261
368,855,66,150,220,34,1771,100,1146,129,0,32,880,0,27,769,438,2488,0,2521
170,84,0,4,29,1122,2804,482,0,14,697,59,343,170,175,734,1082,345,89,288
322,2763,154,409,385,477,289,0,73,3175,0,1120,777,54,356,771,229,1863,611,1346
2938,252,260,133,3,34,2102,174,221,1342,59,72,1190,219,123,942,1274,229,427,3647
328,10,184,2090,0,588,1910,1492,461,1514,581,112,625,337,277,40,297,4,3824,2328
1186,43,164,501,52,304,832,147,680,657,325,695,161,71,156,2000,172,59,0,1631
353,23,219,1105,85,906,270,531,0,1718,707,92,2119,102,8,241,527,578,334,6874
1859,1893,11668,1189,173,1504,1306,959,124,626,890,1816,1461,68,239,233,76,408,5,12090
255,198,126,396,886,485,219,2836,68,143,595,140,74,457,143,808,707,1082,2412,947
721,162,1366,426,375,459,1847,205,0,553,22,161,110,147,105,227,644,1246,679,795
10,284,2529,889,1058,139,831,457,338,261,534,901,156,28,230,49,242,179,1289,1809
3572,365,3422,680,65,5,2058,1797,31,580,51,1028,68,1488,182,2136,76,1086,75,294
357,4306,1549,35,4200,64,1320,23,279,4238,509,20,2077,724,825,2027,72,639,4113,153
531,222,0,1618,1322,72,480,2307,524,107,340,983,65,51,0,1413,345,49,1829,5939
3864,327,222,124,225,640,1513,160,322,437,480,1327,809,169,2616,813,418,105,29,338
99,71,646,674,236,2704,29,552,181,3223,213,378,24,14149,0,2493,64,2853,183,1093
