-0.794533588895872,-0.007500886035598984,0.9287472896623621,0.9538397666972747
521,383,26,655,244,252,1134,1111,875,2114,79,1581,788,1289,1553,585,2083,1155,1945,1611
720,580,2478,498,1923,833,1069,1235,1026,822,2321,166,634,315,807,3440,362,223,1346,468
206,416,132,2225,2334,676,471,1047,323,476,864,413,0,1113,1990,1680,515,1439,2763,180
1157,1100,294,793,1638,1557,1531,417,3307,328,713,731,1882,1212,1059,112,1802,1179,843,1116
1720,2365,162,226,1363,1302,17,2297,976,1205,1250,985,293,521,3103,124,1589,1285,556,430
2229,943,1261,346,178,0,1250,405,861,0,429,815,340,1078,733,1185,897,826,1156,1155
415,1157,501,923,2325,1235,989,1748,1067,706,1391,406,310,1210,821,1711,1783,448,233,508
336,0,284,34,1010,454,960,389,1762,612,15,241,1381,1840,875,1317,397,633,245,649
424,515,2959,1506,1826,358,102,464,671,1251,1043,1327,1721,67,1359,923,780,925,108,2
182,730,1860,262,734,836,925,1771,765,1098,610,1495,352,2481,2029,2066,363,2641,592,1880
1113,1818,975,818,1305,535,864,1735,551,817,357,686,988,711,822,1781,200,925,202,624
938,1317,944,2128,798,311,1708,175,906,1335,1147,1162,333,1511,139,1097,3634,1876,591,1936
340,297,1419,3246,328,315,188,922,825,515,5115,668,1488,223,71,284,694,119,148,1280
150,740,766,859,645,1225,1680,1913,1168,3565,1114,250,239,106,2463,414,743,175,1392,981
411,2107,2084,14,698,285,461,737,516,1776,1665,369,782,1284,313,1856,1637,929,1074,2054
310,1549,818,741,951,1439,199,320,1652,740,54,494,965,1756,1577,55,549,1265,6,199
921,65,1245,571,279,811,615,772,1379,425,933,657,375,510,222,1129,109,773,1143,3105
803,0,2769,937,1246,479,1513,1328,1265,122,1423,447,2378,37,1137,1483,894,948,1216,1135
2564,706,67,1257,2183,0,250,341,1075,1968,739,260,1515,494,845,726,1439,2240,668,718
662,555,793,417,2754,2250,1962,2071,783,1403,733,1479,1167,38,1330,2570,779,27,2106,1718
