-1.045931697138473,-0.002939739221265775,0.9037999834697722,0.8998585125629575
748,400,323,692,292,1186,4392,159,19,421,529,161,1002,568,1196,853,2266,713,1390,1487
0,222,620,468,1665,843,437,1221,842,703,518,373,1206,120,530,396,25,211,301,589
140,103,2214,977,139,352,1,202,1016,779,1129,477,131,3414,272,284,226,177,2831,548
867,596,1592,2694,1399,0,4827,252,630,601,35,202,1664,204,881,579,1054,740,353,229
259,1052,654,410,592,3305,161,863,321,412,511,91,438,313,855,6,410,2072,2489,494
145,1107,340,527,975,246,769,598,785,320,105,2393,1423,894,517,673,256,802,482,445
269,1119,172,1089,993,390,800,294,98,11057,1243,2056,293,783,378,625,279,420,9422,4676
379,285,1350,250,266,1767,1579,342,545,487,772,239,1075,462,804,206,1640,372,0,105
107,640,57,393,52,70,1154,35,4131,637,944,777,614,643,1318,658,744,666,656,1064
583,4640,121,78,1923,1031,1838,252,291,259,1153,137,261,495,1600,24,453,2584,1148,72
663,507,167,1274,186,100,380,110,52,5770,207,41,1055,659,46,248,1099,79,1955,1776
1108,2349,956,1802,1076,436,1236,2297,691,413,1086,1032,2119,989,726,0,202,238,443,2764
707,400,437,340,519,327,863,346,102,1321,604,169,810,831,494,213,425,1568,834,204
1418,141,452,996,824,21,733,131,381,2369,644,2889,475,37,777,1442,373,49,801,131
2382,951,183,1499,270,1132,60,423,2139,10,625,1282,2149,654,8060,282,147,881,968,883
1616,644,3142,6094,1166,133,1604,928,874,258,223,1240,2780,503,346,1160,634,1331,95,915
577,4579,717,79,543,2749,33,1176,990,676,688,7388,1123,815,18214,228,15,3897,167,381
702,109,1263,479,757,1261,1631,2151,591,4194,504,597,359,515,1050,501,2827,327,1384,586
373,261,1459,456,308,575,809,1078,784,964,194,2723,1816,132,372,426,1329,375,188,1170
1040,37,269,485,666,2254,2918,677,3236,308,1574,306,1579,189,1116,488,302,118,513,96
