-0.7799671557348252,0.007959554048192919,1.0053729324541465,0.9470837672254733
1127,3251,1747,917,1897,1313,748,882,1126,686,1214,3408,1477,463,3309,2122,1433,1069,318,12889
265,1717,1520,1769,805,580,556,936,797,1219,661,1180,1503,291,647,599,939,175,2221,2101
954,1715,800,650,0,1233,316,160,495,607,469,1607,2132,727,681,1399,580,2038,1253,847
2795,1098,326,638,0,500,1961,687,615,1242,1625,565,837,806,617,318,307,1090,2267,1439
993,520,202,748,120,396,433,670,264,611,364,594,450,282,859,647,1167,126,335,0
1168,1668,667,177,349,244,0,3,239,1224,709,1790,891,2230,3275,1471,1048,2763,561,354
1149,2369,1799,2088,283,1343,1100,1557,1225,794,171,137,85,807,1119,324,1110,809,88,489
581,1774,1676,286,896,400,737,372,1205,716,1040,176,892,1623,173,895,289,523,392,2
1044,230,1588,1386,510,1781,1847,445,1030,0,441,1244,1890,292,342,133,1375,1171,919,1325
223,565,1300,1684,1673,0,0,508,757,46,289,162,1109,777,122,910,46,292,907,182
1225,1781,1221,1076,591,932,216,1127,2381,276,297,1099,474,348,678,1356,497,1775,580,464
1161,1783,253,674,237,576,710,673,400,274,853,826,422,601,1245,710,575,1459,963,404
1780,1046,0,1053,321,1790,365,640,541,1381,314,249,1489,988,250,1950,1129,255,1692,503
1164,425,2776,400,533,808,563,785,861,925,12,237,1288,1055,0,532,181,563,1528,854
1785,629,1161,203,2,12,606,590,677,490,435,3328,766,481,317,1189,1724,1604,680,1068
237,472,2521,259,2206,179,1225,150,400,1191,646,2623,579,1519,359,955,534,833,1168,79
954,511,1856,1665,2284,633,2800,250,596,1291,1035,609,1156,1508,551,1058,1760,998,878,1489
1153,1539,773,245,351,1203,407,782,506,0,1525,726,339,1742,908,1301,1518,555,3187,3270
1463,1684,1054,1146,2120,1530,1835,419,1167,28,20,239,2778,935,251,208,371,953,1351,1415
4214,1110,1230,1956,998,567,1059,475,1053,1539,2236,709,486,1874,1450,1785,796,1853,2652,1563
