-0.7519194798613633,0.015854783930412883,0.8497518203973478,0.9494891577859609
24,263,1134,289,575,1006,420,764,51,1288,303,557,319,688,529,2399,1202,30,253,801
1057,66,796,602,0,261,204,405,1012,516,383,568,716,542,1047,728,1206,1438,1233,267
300,620,472,358,821,321,0,412,763,1553,898,968,1063,1336,1972,635,1167,492,493,1399
1378,683,284,606,451,918,489,331,729,426,866,664,575,536,241,753,99,3269,737,473
258,553,928,866,716,762,3488,650,509,775,1965,1442,255,369,561,405,1173,1986,350,844
344,1024,360,1304,1686,1746,812,0,683,1490,1269,646,1115,357,648,85,527,3502,494,352
1295,608,803,854,1516,559,1183,960,1526,1245,155,831,2553,1061,1245,669,4890,859,592,471
2855,1115,604,1437,1310,841,3080,988,1508,633,549,3772,2722,948,3384,747,375,976,175,710
959,6351,754,879,1412,861,2136,1010,1298,3024,779,1871,1646,796,528,2350,211,757,328,1249
292,621,829,4221,1482,107,337,128,175,1543,987,1119,1965,3028,917,597,873,992,1235,1416
511,1775,504,3130,330,1476,4720,265,4200,1898,840,2436,134,725,0,710,2676,479,583,187
816,902,1495,1182,3247,509,669,1580,1692,987,328,1846,1595,300,824,234,1230,695,859,993
1945,565,995,1052,1017,2725,3556,1237,1198,1290,1853,359,1041,4106,859,1392,1483,1070,152,1095
286,318,1996,1088,669,828,586,1819,178,1578,491,958,1738,1889,704,1285,487,1353,453,277
515,228,695,106,967,937,42,3461,2140,1249,617,1870,295,791,754,1429,362,1433,864,784
888,614,534,492,826,1333,1603,365,1178,747,909,285,732,337,2951,1159,960,3148,620,355
1069,438,2081,224,958,345,150,424,1245,350,1322,489,287,3160,865,398,1392,480,835,899
844,278,311,811,281,1079,2109,641,356,1197,1746,987,1427,499,2041,406,266,0,310,307
342,746,264,631,193,1003,1467,1240,958,1998,713,624,1062,1671,593,289,227,1334,737,616
979,96,356,18,324,430,343,1966,1404,471,134,404,275,995,255,262,536,1326,347,2065
