-1.4483527813686734,-0.0017458657941521918,1.0013544313459033,0.8501705762291434
2229,114,3150,470,981,396,2729,470,142,284,161,1046,1,93,337,388,87,26,325,5485
179,534,72,2552,2512,215,56,2545,185,0,143,2218,320,1525,565,1657,7648,292,32,191
1580,75,403,2082,737,347,43,19,152,98,873,181,889,512,842,317,5185,553,4,483
10385,227,1287,3835,322,92,3398,424,1027,359,934,454,14,151,2175,1607,1465,35,211,159
423,231,760,0,52,221,175,529,491,31,2,456,47,3673,0,679,69,744,4167,1098
123,401,449,892,629,789,1009,83,94,283,304,513,1240,600,100,16,1489,312,19,320
1333,309,1542,14,0,1319,632,151,446,1706,0,119,11,1914,604,206,707,682,3169,119
1465,2389,378,65,0,4083,482,3096,287,1853,93,202,392,36,3,8163,14,455,361,1745
2211,238,161,288,507,79,664,1209,2925,218,12,961,56,2522,0,441,735,208,785,1531
20,308,0,171,989,393,267,15,60,553,6,1545,45,0,118,264,256,289,26,1197
60,0,0,237,44,466,2238,103,70,296,246,1129,22,369,5760,353,499,531,420,2710
396,6248,68,634,442,502,1129,1448,67,27,297,1506,6,566,337,818,68,256,208,11455
2254,4,424,459,721,421,667,278,211,1510,220,60,436,203,950,400,1393,349,2160,54
700,609,107,71,102,118,38,145,18,577,1258,39,57,54,33,0,2186,118,1236,360
1344,650,3345,4251,510,866,285,507,32,267,193,387,149,1181,1085,5,566,1754,5718,1730
409,7846,83,77,62,621,29,149,2756,126,373,551,61,433,55,735,123,29,461,79
83,6188,770,17,2946,1126,959,281,91,15131,571,604,2187,183,685,8123,283,1390,5240,0
1358,353,772,3769,1322,88,317,51,885,1305,18,31,474,420,2093,170,412,10,4212,252
433,292,970,621,326,1154,152,282,1514,212,1853,165,2270,1175,600,152,68,195,10,764
529,2860,4574,205,384,13694,4422,1240,162,172,0,78,2116,182,748,4484,168,2220,3,1144
