-1.3911665243757103,0.010919306191515309,1.0056327813462906,0.9037101672663018
1772,58,573,866,279,1455,4262,3490,53,834,0,200,2708,1782,1056,1402,432,1302,1431,5172
6975,3214,3588,51,5003,3,1636,21,1313,307,391,28,716,196,4742,855,1068,493,6628,1047
674,2355,981,916,67,233,12,204,163,1,103,2454,1840,91,365,5429,1435,3778,1492,144
1868,403,81,1585,1180,122,30,267,524,477,4,194,1778,111,944,401,1338,729,0,41
954,1,169,1244,1515,18,1347,1497,168,253,44,4,587,3383,94,1372,29,26,104,448
1,3,200,1054,30,129,194,193,159,170,131,330,1989,1993,1306,651,235,116,628,18
2770,891,18,6,0,629,68,129,1816,1670,962,1145,3,347,942,682,711,506,373,1872
0,1345,301,7,834,1458,87,1499,953,281,1452,301,143,276,494,1918,899,1592,1173,4090
454,1153,106,788,11,414,1165,290,24,1949,1120,272,375,519,172,3,1226,671,369,1825
537,781,26,2544,2173,16,241,1,317,294,1293,834,1165,815,1283,1521,2265,1470,0,105
26,887,135,2414,937,211,240,4,250,0,281,74,472,1283,2359,1937,341,206,308,1391
0,554,2331,36,147,110,844,1048,144,154,1123,774,1033,918,1007,780,2269,1225,1046,0
476,2093,3178,861,1331,430,535,106,768,558,185,710,54,925,58,338,57,70,499,21
1772,1129,2035,1321,2557,2333,1280,1808,286,2077,1194,16,765,687,29,52,1,4893,946,2157
1211,2308,3880,966,1906,1908,1,753,204,2,1139,3043,621,280,1462,535,927,182,17,482
1273,278,683,3395,893,85,1383,10,423,1620,57,1,3135,715,2527,1865,1901,188,77,1199
723,3520,4971,59,535,573,757,39,329,47,3547,1222,0,527,357,1185,804,2293,513,1433
219,75,597,243,3,1250,235,34,131,31,694,951,1041,913,4887,158,316,2537,1048,106
248,1017,266,38,14,3853,0,368,534,273,215,884,2548,70,1158,423,682,4044,1862,1960
2204,6301,1644,470,1644,1323,690,2427,9,1628,629,299,958,5277,2613,1612,778,408,285,2140
