-0.8328012951309661,-0.006511365740368858,0.9180044138323753,0.9509281941799216
521,269,26,564,313,223,1473,1081,606,1958,59,1690,1207,1371,496,585,2076,1360,2496,1580
685,537,2237,1652,695,833,1413,1212,123,1061,1470,166,440,505,746,3440,362,310,1346,555
219,422,132,2056,2334,241,421,670,323,1160,782,413,29,1110,1990,1680,989,1414,2660,196
92,1100,294,793,1638,1929,1531,369,3307,390,729,727,1721,1212,620,112,1089,990,845,1001
1783,1293,432,240,1378,1113,17,2883,976,1281,1455,1220,293,527,3103,165,1541,1285,556,267
2229,899,1261,102,196,0,1250,125,906,404,429,898,951,158,639,1185,778,886,1212,718
546,1206,334,524,2061,1235,1228,1720,1034,677,1539,406,159,868,882,1812,1740,389,478,474
349,0,144,17,1010,446,960,389,1762,675,38,241,1381,2921,988,2345,1584,630,252,649
335,515,1549,1275,1826,358,2479,464,671,1188,1308,1181,1721,707,122,923,1520,539,1820,2
181,739,1942,623,734,836,897,2157,764,1058,614,1522,355,1786,1349,2247,412,2692,638,1907
779,2243,1192,890,1223,1966,844,258,800,1463,13,621,988,697,822,1821,200,572,229,869
938,1680,1099,2128,502,694,35,87,993,1335,1108,1696,827,1548,96,1097,3634,2094,528,1936
340,259,1419,3246,291,0,190,430,825,513,6287,740,1464,223,85,377,694,509,709,1163
178,740,766,1404,645,672,1007,1919,1168,3565,1062,245,260,730,2463,426,743,272,472,1025
411,2107,1934,15,578,363,450,341,419,1776,1533,2582,132,1401,1058,1829,0,929,918,2142
547,1601,818,741,1092,1309,206,384,1652,740,73,495,932,1821,1214,55,549,2743,6,193
1225,452,1245,656,243,1082,335,895,1379,425,794,695,404,510,33,1060,109,773,621,3084
749,0,551,1060,1183,198,1564,1147,1241,111,1594,452,2378,30,1137,599,1386,948,1199,1199
2624,706,67,1305,2250,72,120,1597,1235,2663,2357,398,1035,457,1051,719,382,2240,90,873
662,555,691,450,2704,2127,2015,276,783,1184,733,1544,870,35,1369,2570,779,161,1786,1845
