-1.149918574358756,0.0109872303169736,0.845485684384327,0.900222374760496
819,763,413,2148,965,858,818,911,1315,755,4,52,217,618,796,960,1229,18,2334,303
760,96,33,219,66,250,651,2201,930,0,1498,1928,790,189,323,594,721,5256,1689,978
632,666,886,137,11,1146,9,670,3281,28,222,1048,1496,230,71,793,1738,1376,7,769
904,1331,239,231,969,1955,3900,2969,0,74,2486,845,878,263,233,1095,630,411,494,816
1196,2704,575,129,1739,2266,954,1443,3679,176,1297,14,2703,486,270,860,3,474,277,1268
2254,2406,1262,1397,865,2524,2330,2187,1122,523,360,2759,650,176,601,54,228,133,1539,1030
687,1358,138,150,326,1518,241,2843,430,7210,444,691,2543,600,911,1355,721,10,76,905
440,124,1687,502,439,828,2516,925,2305,418,69,2019,4089,523,825,70,560,601,902,47
373,21,457,263,2983,1019,1770,61,12374,1068,73,299,510,1684,437,0,486,2791,495,379
299,1188,2236,391,762,603,2537,3557,1155,1637,531,629,352,175,459,80,452,762,2466,345
676,183,622,675,739,140,1036,567,3338,4233,1163,95,682,3845,778,708,1073,548,549,193
459,113,158,615,1112,560,12,2095,192,1212,1567,5420,17,669,263,1235,2210,400,241,360
261,757,262,696,30,9,400,112,189,960,4975,104,120,247,1202,21,409,1067,690,329
95,194,254,1389,218,1028,1398,2040,248,2424,2662,2939,1014,818,594,3475,406,75,388,100
2461,159,521,837,3221,157,299,65,1488,196,194,255,53,294,8132,143,1168,105,1583,677
3,145,183,6,1487,276,543,2009,62,162,2312,629,2485,0,198,609,450,653,231,99
346,522,530,83,318,457,816,232,1585,839,317,251,5270,856,16366,37,357,199,876,605
615,93,487,131,951,301,444,318,60,250,335,2221,1591,653,1078,904,1328,927,204,1882
35,369,1353,1312,713,242,755,1259,73,44,63,373,1426,1318,187,414,1278,113,662,436
192,305,694,337,1339,1068,393,1808,140,147,697,0,2076,1304,393,1863,194,1014,1176,1283
