-1.5138112589648727,-0.0020893471317712134,1.0003363670191834,0.8492850288912889
1615,110,4014,1965,959,427,2145,378,181,39,214,1046,724,144,477,170,9,26,364,4997
179,3420,1030,2536,3018,215,138,3356,81,392,383,988,320,454,569,1174,7648,1091,11,242
7932,1548,744,1175,739,1277,37,4,69,54,108,2375,937,558,477,380,5160,646,6,693
397,218,1358,3357,469,108,3276,606,55,410,286,217,9558,38,373,1757,1472,4,217,230
521,5,355,178,28,342,175,529,491,130,10,441,62,4577,0,357,181,212,4081,6178
285,476,1893,1280,266,0,1591,83,107,288,304,43,1462,751,538,17,1489,365,19,19
1307,845,439,120,141,2262,632,250,618,354,349,2790,245,4404,380,744,887,153,3300,119
1450,2389,480,19,307,3779,113,3096,289,1472,3,119,77,19,14,8458,14,42,614,1
2221,199,161,221,879,46,705,767,1466,191,6,869,45,2186,994,9,733,254,3885,2283
22,593,103,337,989,183,262,65,6,766,1320,1700,544,4641,362,215,261,2,21,1197
68,0,239,85,191,251,2019,103,142,694,265,356,22,352,1167,1076,448,83,385,2693
182,6871,78,787,393,0,1550,1448,82,11,300,1957,0,20,627,765,1,102,1058,11455
2993,4,420,133,773,257,546,278,258,198,245,50,441,533,294,456,720,259,2160,54
690,874,106,118,87,116,31,179,61,931,1258,41,39,54,106,10,2299,166,1236,280
1128,688,3342,5424,979,1543,314,75,55,1446,296,86,156,305,609,5,765,1901,5701,1615
412,4819,102,81,201,289,15,63,175,196,567,367,66,325,22,842,79,24,462,105
505,6442,2085,28,402,266,198,258,144,14781,904,485,2202,56,670,219,261,130,4232,0
1255,7,95,4249,1654,93,133,53,885,523,18,119,237,422,3229,59,479,10,4168,778
412,1193,949,473,383,380,117,862,1711,8,1760,462,4053,1225,756,148,116,620,1186,176
372,1834,3758,211,1300,12739,477,996,59,172,0,72,62,182,691,3964,97,1252,0,248
