-1.4097773145729058,-0.003653488343150896,0.9815154300244782,0.8556744353036122
342,685,5885,110,574,1233,577,161,10,18,550,51,9733,271,1948,77,929,50,1143,3753
1284,149,727,116,471,558,171,51,194,20,152,18,1021,1135,208,258,329,1512,67,12
0,2701,609,2389,481,1379,520,4671,4993,1042,765,1570,2135,15,232,2446,2293,0,96,83
906,746,440,1171,825,292,13310,78,37,18,677,653,4043,1,54,732,406,1365,14,117
1012,69,183,1502,1040,808,621,123,135,49,380,599,427,1048,2835,5,130,1886,6059,633
157,123,445,10,134,1385,814,272,1067,1181,1016,738,520,164,1065,216,600,94,712,1096
580,3220,573,2478,57,0,2,660,79,1756,465,1271,194,28,1321,242,106,751,565,1173
139,5324,1142,22,1651,2122,25,13,1204,746,62,34,53,17,1,429,131,2,584,609
4792,293,56,968,141,620,2129,12,439,550,269,113,775,243,35,652,12019,396,2523,59
896,245,68,100,321,0,1755,702,341,574,73,1941,71,466,270,55,182,298,185,72
956,206,146,592,198,582,3561,1435,166,293,436,1267,72,116,51,246,601,384,157,10711
158,1397,933,2906,350,546,158,59,3691,265,362,393,962,1178,4746,525,378,25,107,13261
597,842,718,2248,51,2810,170,933,332,369,25,1979,274,331,942,984,2019,908,298,281
57,107,311,3176,201,615,1,1056,64,1270,2410,772,2123,10,116,54,199,510,628,112
679,310,1008,26,57,458,53,429,213,125,594,361,606,88,102,53,173,1248,682,0
736,772,223,886,1421,2009,102,313,476,224,417,559,828,304,2578,220,218,250,1017,321
316,4130,161,229,1801,167,78,115,223,272,262,131,3,437,1100,496,932,742,3942,714
942,97,14,2841,941,63,355,1392,773,133,69,17,1887,156,487,236,10134,1805,1080,304
2486,1126,635,1622,0,559,2390,600,2,9423,779,550,2197,1412,210,589,120,2337,4829,369
3545,88,265,720,1335,11670,977,473,149,189,58,2108,27,1465,612,1027,0,2356,145,554
