-0.5549283710512959,0.013651609085930105,0.9998146632511197,0.9662251588389972
1577,2355,1995,964,2146,1574,644,1936,1534,661,1166,2640,1279,593,1093,1123,1527,1842,1073,12889
1237,1877,581,233,1084,1114,625,865,740,463,635,1232,2103,264,635,482,867,778,2273,2340
1057,1008,1496,736,613,326,914,747,941,844,474,724,1594,716,1112,208,1341,2192,1192,1159
1174,2176,831,610,885,684,839,582,1806,309,1244,711,461,455,0,769,803,737,843,1004
803,719,377,776,1001,801,1299,707,350,1300,541,886,288,643,603,739,498,661,449,1406
1168,1357,837,398,736,590,839,603,833,1620,739,1011,522,2150,2605,1005,1005,1451,1757,342
681,2242,1100,896,314,1022,716,742,738,785,1165,1109,60,822,833,943,980,625,602,471
1352,857,2028,871,1367,501,614,574,786,1036,544,228,548,897,412,1436,445,534,583,923
1683,42,538,1518,871,1777,2164,614,835,292,491,507,1184,546,908,293,1156,1157,596,1044
269,692,1548,1828,266,996,210,362,110,1084,486,101,927,655,174,687,200,1598,396,177
1176,1858,747,959,794,1113,412,1123,746,456,282,575,1290,564,725,481,534,1105,1169,878
924,978,916,908,428,771,710,792,1090,657,663,780,1432,494,860,763,1164,2025,782,775
1269,1226,872,1029,706,1277,431,757,279,1025,154,389,1054,882,267,731,1029,409,1382,552
652,513,2833,736,657,339,255,801,861,1116,578,216,833,411,983,739,295,505,855,939
2099,1113,807,466,985,1738,328,514,819,183,519,1626,1002,1513,543,967,420,1563,1274,877
903,612,1440,171,651,818,974,986,441,1093,1215,842,788,1358,2030,796,901,555,1544,1019
2011,1804,1414,1051,996,352,2343,456,973,1357,640,444,591,990,357,1184,485,1244,690,804
863,938,1078,757,836,1293,680,1327,418,648,1052,465,504,956,1050,2755,1388,1224,2215,3152
993,1238,653,846,481,805,1099,822,936,857,533,721,1934,2467,1331,389,821,878,1310,1259
2830,1278,836,1649,250,398,1297,805,1746,1113,912,1772,463,2985,904,1446,545,2178,649,2062
