-1.6786835596360399,-0.0022269987948944675,1.0008492306218189,0.8505961008922611
934,27,3143,2089,935,119,646,112,701,81,634,233,1285,745,12,246,96,63,194,5321
363,388,461,182,3405,2022,176,4832,123,879,63,7,826,190,3102,350,6771,2153,0,166
7885,184,340,783,1704,484,316,3862,0,734,19,88,14,31,631,4926,1402,94,301,110
10,8,35,4922,365,212,1125,6,356,427,170,343,8126,10,47,913,2305,358,10,282
20,107,297,1079,19,985,1741,13,228,12,168,44,104,3893,39,1033,5,192,7296,2277
16,1757,242,23,111,1,1350,183,169,63,446,148,1104,1398,183,77,1276,1852,42,21
724,1262,129,0,337,2034,1525,184,712,63,2133,608,29,1243,36,121,88,43,3052,716
1211,0,0,48,839,1695,8,46,2322,2120,36,180,2,66,45,707,77,400,142,75
1794,1,269,2942,968,79,1411,1572,120,1,194,513,1144,1912,794,225,651,50,33,576
13,322,86,1048,2255,273,40,26,7,1141,495,1352,962,3937,338,104,1,85,681,2236
191,476,872,1637,89,2741,1217,1106,150,314,21,1,303,337,1232,911,634,42,850,4645
916,5578,66,197,1109,2514,17,1138,29,1265,1,2,83,449,969,1352,35,464,264,10916
1068,706,175,1,1663,81,2728,62,4,1118,1248,1410,6,1112,1547,65,1780,818,43,3
727,262,58,1412,162,210,1,43,9,697,2095,238,3546,466,888,1481,119,228,1127,0
32,346,2965,1675,531,0,544,62,1,2353,692,63,197,451,338,0,607,2501,462,0
108,6857,615,68,120,299,10,829,156,1252,1565,457,2,1958,939,265,47,2886,684,51
570,3957,116,15,2379,4,10,41,349,885,97,161,98,1059,268,1356,537,108,4258,722
715,13,3691,3985,3767,652,276,77,257,483,313,5525,76,137,2650,245,1706,115,2404,903
1,957,1208,31,13,472,500,222,2505,18,273,631,2662,36,638,1014,144,3177,827,183
2802,1782,4048,136,1413,21385,138,797,0,2332,12,464,105,8000,84,4000,482,3412,365,1186
