-1.443666595458299,0.0014030234809573393,0.9873246348251297,0.9053636204558106
988,1118,484,1279,309,145,5816,2165,377,1028,1335,685,4327,1028,50,2416,256,1244,1341,5474
5950,4258,2695,2,3880,163,1595,29,1,2,456,1076,147,0,4612,285,1068,498,1719,1642
664,3388,442,252,85,750,241,1,23,644,887,2487,1201,939,938,1213,67,3988,990,156
1797,135,60,746,2292,1136,250,0,2232,894,4,2423,1699,67,15,276,1930,75,637,1898
865,1,1,2680,1138,38,430,1771,735,908,368,4,199,1853,820,1237,20,24,1803,0
37,45,206,977,199,54,475,157,317,251,31,733,2985,25,1259,440,228,6099,1235,13
620,94,180,1,612,203,218,222,1497,1591,545,1211,839,11,1553,1299,506,139,442,1519
1717,1160,825,2,848,2026,630,957,1340,321,1693,8,288,349,212,966,1876,1305,1710,4024
1738,1012,46,2037,1399,297,2782,1004,10,2014,491,67,464,478,184,57,1527,673,803,1604
766,844,2,634,2185,1,83,35,366,5,457,160,352,618,239,1176,1563,1768,352,442
23,900,141,2714,104,403,30,19,239,836,754,0,207,1247,2233,2603,1014,3363,1171,188
1675,492,3871,409,249,616,1575,34,730,17,1057,681,2253,626,1134,705,683,2139,12,137
426,904,2476,1429,676,13,7,54,641,589,3,1855,1223,1,133,838,1266,113,183,546
2751,230,2,729,1448,2201,1319,2221,73,1384,1096,655,859,2060,130,40,68,3793,254,1257
0,1997,4814,1154,2511,1,3,757,210,109,1409,1276,317,240,3506,299,1469,98,658,691
1010,181,1,2804,940,970,1783,51,1590,727,102,8,1832,142,208,1801,937,3,42,87
333,8172,3552,0,596,431,152,124,573,357,2429,1746,0,2673,379,564,229,1914,777,1799
496,173,771,57,30,51,257,34,537,20,1262,728,1132,1217,3572,140,2137,1210,1086,277
242,450,264,48,52,3837,1469,818,291,2106,516,856,2587,2,479,473,763,3509,1189,1947
562,4052,1637,803,1647,1272,913,905,9,2159,8,339,644,5350,2705,1511,778,29,307,308
