-1.086201504524707,-0.002241636226143108,0.9132014862232812,0.8987286712774885
739,286,118,674,296,666,6216,159,64,421,325,65,1002,950,1196,735,2246,713,2965,1487
395,198,769,559,1543,1275,449,1235,1161,626,189,388,1207,273,497,559,25,1799,643,426
140,110,1200,977,139,368,12,203,940,453,1128,477,79,3414,272,180,213,44,2831,548
867,353,1717,870,1281,22,2716,252,761,496,51,359,1664,114,788,616,755,740,364,229
259,888,654,1307,589,2946,266,1767,339,170,1246,106,237,273,855,6,406,2518,3842,611
1986,799,330,750,975,246,643,694,1044,1,111,2645,1486,741,441,998,444,1020,106,445
269,343,259,1089,800,433,1052,294,129,11057,885,2056,293,611,425,625,419,453,9046,4676
422,285,909,276,383,202,1602,288,492,487,957,239,902,188,801,29,1640,634,18,105
0,640,57,393,52,70,1154,35,3860,637,326,777,467,610,1318,658,773,661,656,300
518,4461,121,78,2118,1170,1757,115,1937,430,1276,383,261,723,1655,24,494,818,1148,72
803,532,323,851,189,100,382,110,52,5763,207,85,1023,424,269,248,759,8,1955,2286
1186,2349,674,2038,1101,665,1236,1394,691,413,1096,1663,2135,0,726,0,1016,206,443,2431
707,393,882,583,344,322,863,565,35,1897,999,1100,1642,831,1770,119,733,959,834,426
1418,141,443,528,824,28,610,145,151,420,429,4995,639,47,850,1442,701,219,801,217
2382,935,183,210,90,1157,442,448,2761,33,70,0,39,2390,4649,282,152,907,960,894
1614,628,1290,6094,1126,133,1573,803,351,137,222,926,1883,503,185,1160,634,375,95,1052
750,4344,699,163,654,2729,26,1224,1525,145,646,8257,1291,1387,18089,228,15,4026,167,228
591,163,1454,479,0,1261,1945,2069,669,4192,831,2395,540,571,1474,511,2820,242,1357,479
1077,637,1459,835,308,2300,595,1376,945,82,349,2006,912,36,372,417,1329,375,303,1170
1167,39,282,485,839,2016,2918,361,1887,231,1625,317,1579,176,3988,642,300,212,632,64
