-1.1873465022621574,-0.0013341106104822124,1.0046612884572883,0.8988455471857523
740,272,0,269,602,356,4095,0,436,827,10,163,1419,277,611,439,67,620,513,15769
5476,1336,516,552,1523,110,943,209,1352,1296,627,855,1601,615,694,187,562,150,767,574
2112,2879,1788,0,1404,981,748,462,425,166,220,629,1498,1545,34,2804,705,4619,743,703
329,925,717,517,1503,814,689,0,68,736,761,182,1686,0,428,3373,2,785,768,154
141,452,7,846,223,468,646,57,119,17,194,277,2185,1927,31,3826,227,194,1051,602
3210,19,337,0,840,256,170,2259,34,0,157,307,505,298,455,321,0,137,65,54
77,1038,1703,934,171,1300,275,227,1293,998,4,844,1814,560,3154,1360,1919,263,755,1222
71,2150,1082,1645,1277,0,494,36,11,2,4073,740,1251,799,310,701,609,85,956,353
443,4006,297,2006,708,573,48,311,2900,356,576,731,258,332,3834,474,163,676,298,2806
817,152,465,754,0,1600,53,613,630,691,122,714,236,287,1324,2684,419,899,1263,206
578,62,2708,2365,292,53,288,269,996,87,1097,289,2208,576,221,0,605,637,796,457
0,785,314,1922,1622,0,1270,530,235,221,3657,476,159,1247,1932,45,608,660,2809,1319
1655,1234,1081,353,73,0,1040,2680,2577,0,283,49,676,916,190,2656,2208,687,29,2274
327,2378,1840,418,1928,57,498,383,0,511,21,139,1225,291,696,431,583,2972,127,1870
896,2123,419,2129,50,126,11,17,352,251,567,1817,787,369,807,2725,98,443,67,5813
1310,1397,700,736,1913,2239,353,867,807,654,579,381,389,1035,733,663,234,607,359,1241
2498,1,4851,785,22,321,38,1501,338,923,8,1003,470,572,500,5,94,2495,4212,1002
2215,2771,138,521,1216,380,1802,1284,579,1461,252,174,632,7,403,928,320,4,97,2345
210,1525,32,574,1088,1141,1175,8283,19,293,333,1151,484,2980,844,742,9,2372,451,787
2208,3792,540,10317,145,211,3167,781,271,939,680,3267,667,893,2604,1604,1639,154,311,2075
