-0.4880590628288803,0.007858872715215914,0.89854186919038,0.9772663109166568
2091,1007,602,94,1056,1034,1067,1808,1233,306,707,1531,898,1245,551,492,990,966,881,772
635,396,772,965,673,785,396,1187,1014,724,564,565,1046,764,61,893,689,378,743,963
711,891,1205,1172,809,1673,417,736,1652,738,924,829,594,959,263,1577,694,949,389,916
1228,1217,724,1293,724,1217,1326,2494,453,653,1073,776,1316,302,0,1280,325,2781,1161,611
1830,1505,0,1148,478,1495,1337,933,970,1900,980,1069,1755,1467,480,902,897,1203,314,986
689,1140,826,1193,55,818,951,1124,1136,910,946,1260,1462,518,839,235,1777,1456,751,1293
1688,436,1857,1043,1007,505,1041,1949,1053,627,1610,685,165,665,1693,1165,1297,1339,174,26
1626,1065,355,640,899,823,1750,1050,785,685,972,1199,1579,1467,774,2026,792,1000,993,368
1611,819,1184,899,1595,1052,3214,992,905,920,728,2187,818,958,1658,1526,305,616,1216,767
930,207,525,363,621,789,845,272,475,1720,914,1466,1648,1971,1361,2072,1605,1123,566,1207
965,1725,365,264,931,1516,1855,608,1095,2914,1935,1252,1054,867,1549,635,555,1249,658,802
2334,1020,1908,1286,1865,1124,711,1093,415,122,1810,1340,1874,1106,1944,2089,1072,322,742,935
881,1035,1053,293,0,571,1195,895,1240,988,943,631,1038,1057,2013,776,553,1846,632,220
363,1188,652,1820,736,896,761,1140,1772,469,1416,1267,1020,2575,1169,180,1134,360,726,2298
449,423,712,494,175,684,1477,439,1446,1197,1556,1172,672,1688,1064,1437,1185,1954,650,1367
1335,801,552,915,1540,939,1631,614,2358,959,1512,438,854,446,861,829,457,1010,1471,1893
508,691,758,1079,851,695,484,504,497,374,0,1420,1038,655,598,1127,868,814,407,1443
1398,821,770,725,643,670,702,742,282,1131,0,1300,1240,499,982,1372,1393,723,1276,331
931,1895,1137,915,688,635,924,740,554,1175,1028,1916,1684,1536,307,748,442,789,907,1150
1015,1029,1683,850,579,1163,907,905,1400,616,914,822,683,850,839,1044,1451,309,838,566
