-1.5751717033135766,-0.004514365115398137,0.9726921834787143,0.8493249887772075
11,610,1331,124,1872,59,444,125,642,7,61,295,1456,3216,16,37,26,36,0,9389
162,224,821,2295,105,3871,111,4915,53,730,265,7,444,340,205,200,1353,2373,135,97
7616,10,550,883,4310,25,312,3171,67,487,78,148,92,1275,544,1082,1341,535,139,414
250,35,351,1693,93,39,1170,4,865,156,336,163,7791,1,39,824,1272,354,15,257
356,620,16,378,281,1307,813,56,69,7,2743,195,105,3935,441,4397,151,15,6305,8185
238,1533,98,758,35,1635,3333,233,922,1289,116,5,1733,1946,303,3158,1153,2048,97,119
627,80,556,242,286,2008,77,92,674,2079,1457,101,11,794,15,13,9684,194,3524,346
1092,294,1699,417,1597,1880,91,176,2043,2649,852,832,453,177,196,1095,370,68,784,2
3285,84,542,972,640,314,1112,2342,1579,14,89,33,1352,737,106,16,64,281,1596,1822
61,448,7,4048,1209,394,175,95,293,871,763,0,128,1925,470,104,140,34,0,9
253,215,612,0,814,770,1828,2157,5,12,41,419,40,398,905,1800,351,106,355,2043
1032,5563,9,263,63,3172,26,329,60,732,12,609,118,153,261,106,19,1454,272,393
146,1428,278,160,304,92,2400,86,1012,508,596,1769,17,953,1062,105,1633,417,17,144
625,64,24,465,127,170,21,1072,8,2257,3335,1,2456,317,1140,371,0,274,797,0
230,420,636,656,395,0,123,515,1509,67,1783,0,935,22,76,86,975,4032,70,709
324,8478,87,49,1534,46,8,1139,338,825,2188,7323,4,2087,671,18,61,1063,671,256
3800,0,115,18,2783,1078,714,517,20,913,4175,469,61,952,1096,1546,565,0,2642,668
1999,1,4063,3875,1370,541,267,182,2142,877,159,104,610,15,93,151,754,307,3145,506
171,87,534,35,82,939,122,175,3213,35,225,396,5500,108,394,607,339,393,136,9
92,3416,112,2,0,9176,163,145,536,3119,738,175,57,18160,171,3970,458,3923,543,1124
