-1.2679176988707923,-9.393099782212732E-4,0.8501372561102263,0.8503762170165301
547,178,543,1235,650,234,134,154,122,11,95,482,75,1887,687,541,1552,2555,1611,347
1241,699,31,1813,1208,5839,173,123,330,163,166,3111,456,123,2463,3235,639,656,514,668
55,2503,1045,1864,671,534,76,679,3761,12,2229,152,97,674,60,15,171,130,449,0
645,236,1430,796,21,753,570,5195,932,712,692,1457,10795,250,694,387,73,163,557,424
363,239,70,232,118,601,137,1008,156,95,1725,537,741,2221,644,1096,301,3,480,458
213,754,1507,22,7,518,1007,515,704,100,869,17,636,158,50,11724,25,13,2879,451
295,768,696,400,512,206,254,83,545,744,3768,770,23,877,636,225,353,580,3520,186
0,358,545,320,266,146,319,99,344,646,2099,5016,157,453,1411,3668,2212,1176,185,198
115,279,4219,605,960,699,1739,462,344,46,338,22569,299,0,123,454,55,126,751,147
513,48,685,763,1972,831,424,931,89,1305,53,407,74,3829,565,453,138,1342,1454,10315
3046,459,539,42,393,232,2168,333,3178,130,3208,4745,113,1291,13875,647,334,319,649,280
24,3699,619,2020,126,1902,0,290,1040,1756,276,447,0,677,946,1741,747,1041,1379,570
105,753,1196,663,90,457,182,1036,1282,290,51,1792,3639,227,852,1181,675,0,361,435
614,35,751,1353,550,5,28,1414,1286,968,877,314,1019,191,98,70,0,3720,2302,320
519,208,693,30,114,1581,7,175,1125,471,401,46,973,241,501,586,844,207,218,615
138,4157,1295,299,387,290,470,620,102,15469,189,1063,238,1145,60,1335,70,1175,138,417
2480,377,1222,683,287,245,215,64,10,23,776,12688,303,783,373,107,329,715,191,446
198,446,3010,3,490,495,128,0,544,221,94,1043,61,655,834,885,48,39,0,232
329,418,1175,104,1942,496,15,450,259,29,1107,1144,1120,695,153,720,313,298,1276,458
1004,959,743,0,163,2716,96,33,109,2722,0,1487,185,443,661,376,1171,261,397,2662
