-1.4841502636864996,-0.003029785829268193,0.8967941725327389,0.9104446247975094
1922,5266,1902,1288,1275,553,4149,443,785,3559,1323,3255,1400,9,1823,1666,1101,331,382,520
329,0,0,11,38,26,4,27,492,1044,1714,3,1557,305,757,1710,836,1,1808,287
38,204,62,583,434,45,2520,1362,345,4721,1893,389,871,188,1368,107,13,767,385,443
407,364,1811,58,13,1063,3,247,1577,198,250,2209,1971,3061,2291,215,1142,572,750,56
1,1153,1380,6,1,294,1970,268,360,949,2,1899,321,30,590,3605,1,6,27,21
463,960,1156,402,997,1909,78,801,30,109,876,948,367,15,677,1162,893,2,1423,25
1511,640,1920,978,1,188,839,504,100,282,2707,320,12,1139,1244,199,209,1784,1455,2016
856,1594,2950,2,1690,451,2137,2035,1726,3573,324,1728,1880,2089,3370,905,413,518,171,510
142,1458,95,1279,2967,2293,146,899,106,1946,396,125,19,2325,1926,0,611,2,684,548
77,1269,1102,842,2035,10,529,995,2016,1082,1,394,53,82,782,94,3362,1,1717,3907
679,1051,2098,1251,131,1213,60,3553,3697,4317,1575,1479,89,95,2136,14,0,460,6,381
1153,1713,21,189,1508,661,41,1068,177,1867,596,190,498,352,2926,2340,15,417,1225,79
234,1425,4074,107,3,2987,99,356,1519,4016,1554,195,124,517,3361,1357,69,2581,2207,625
46,984,1853,26,643,761,3040,790,1246,236,1379,2,1213,6472,1,211,811,1026,267,520
2762,1156,1373,1033,872,5298,497,3262,7,3058,860,3,953,652,509,214,1926,6,4,782
64,31,508,52,592,1400,2590,5,1,1223,2853,1772,53,3380,482,259,2312,656,1100,450
186,27,952,2526,25,2211,1139,799,36,65,53,209,467,1564,1096,236,1304,0,1651,765
108,1953,717,18,661,1019,445,457,645,44,199,1340,532,1314,23,679,4044,473,686,1347
1108,1188,2075,358,77,893,1,522,1871,3730,2407,358,2861,133,257,3,215,2245,13,56
3773,436,309,366,861,1997,72,525,4,2223,523,1019,641,180,2468,2257,1038,1063,1406,531
