-1.356857971456941,0.0012202392573364554,0.8794880355940903,0.8512520182039085
0,2,126,375,311,1607,252,585,0,311,779,166,76,1624,228,146,2555,179,506,1189
1305,7521,16,1086,2342,3437,142,274,790,14,136,3115,734,636,6242,6740,0,128,477,279
46,650,1710,616,1038,1974,57,186,22,429,4211,1735,2568,194,25,0,59,543,329,476
656,133,9919,553,1158,483,108,2060,1393,11575,665,37,2505,119,2039,163,3,251,1163,1234
200,675,0,242,107,1800,270,173,259,2425,322,308,191,2139,370,0,816,753,329,2061
1,80,815,610,2,201,354,50,1052,497,590,1776,132,1000,434,148,1328,38,0,197
137,131,272,176,7,523,330,179,40,1080,3535,1792,1514,772,288,391,170,121,1054,504
178,681,3365,248,68,337,185,651,1233,509,522,438,79,1915,356,74,684,166,1793,470
419,1976,3380,144,852,916,1077,125,552,745,142,22885,199,0,1385,0,3,3585,1765,2179
281,2811,2185,7,2740,351,921,1015,31,644,743,454,1149,4778,67,637,209,366,343,15704
2913,142,829,644,0,113,387,158,1305,162,3238,2048,2635,7087,2489,179,510,1049,310,2
63,727,365,1896,144,1149,960,578,526,1249,643,604,1014,1076,328,286,0,649,84,275
871,679,1467,608,36,205,310,1050,120,161,56,1111,666,2358,130,125,201,3201,378,5086
107,110,845,516,63,105,166,620,469,2340,49,961,588,9845,4177,278,284,717,5149,95
1675,507,558,590,974,657,373,62,627,229,539,4,21,8,2,834,595,785,77,431
1137,41,945,692,1525,1616,433,359,164,627,595,174,1117,1074,131,820,254,1312,294,1408
2536,6,1815,340,6,98,683,578,237,16,887,11154,49,134,298,613,518,236,1159,519
325,142,703,93,368,166,242,154,1205,460,6,120,82,2297,210,1097,514,0,0,221
621,2694,4,364,12,104,663,53,344,27,644,776,0,646,199,1182,1142,287,1968,217
0,547,643,568,0,518,209,1320,363,1105,691,1808,158,2664,377,1144,251,100,2,1671
