-1.0489836039239864,0.005360392366264909,0.8501896576364879,0.9054965351823658
236,256,99,1553,1009,57,972,394,436,126,185,737,206,870,801,118,294,267,201,1059
9,94,1266,1377,778,113,26,454,1027,0,491,176,41,677,248,377,455,1290,326,237
921,781,111,2294,688,556,547,0,1377,515,558,147,85,579,1306,2119,810,373,1427,337
116,294,189,1814,292,221,2135,183,1566,77,884,2103,449,99,316,614,155,197,3210,463
8,1142,839,1493,1529,1538,5981,1373,245,194,8,148,1068,115,623,148,276,83,772,331
5360,617,115,84,308,547,495,513,131,1868,839,1731,756,4136,493,1508,266,386,210,687
151,587,419,819,731,1038,1785,482,82,9202,655,254,1222,1370,293,686,192,695,497,1299
864,55,162,219,870,277,930,528,5448,3441,2328,1769,1826,735,2470,628,1347,1434,305,6
176,1054,90,691,181,548,1215,1717,4358,1702,1433,8,1480,221,4616,278,639,668,1008,139
2134,2384,1809,54,799,733,1486,558,64,2547,721,0,697,483,1695,455,1063,467,369,339
2428,96,17,393,1123,52,2465,988,949,7517,199,401,881,1403,1074,105,450,414,792,2393
92,730,6474,1134,1533,459,1084,60,1073,823,1559,243,384,844,486,1513,1930,914,1657,1889
1152,232,2041,391,1207,76,397,362,476,1374,869,1684,1263,502,395,889,521,422,2570,601
60,533,1082,930,445,90,630,3515,1643,2370,237,4620,784,324,1070,1420,1047,1238,748,211
613,902,1279,173,117,383,744,132,267,130,918,197,285,298,5171,1893,346,1195,1742,299
1663,12,402,0,77,1389,2800,435,784,152,10027,2309,975,2191,165,1517,260,103,1629,300
145,600,655,45,808,2438,431,795,1624,1157,476,1324,1675,0,15724,747,347,1523,247,844
2696,318,399,1174,837,2345,630,3318,139,1157,394,761,2169,370,96,1211,2398,602,223,1295
668,31,844,444,428,79,479,471,648,131,618,915,203,174,758,418,1685,531,891,702
0,2136,1493,315,1439,2157,350,1703,208,354,500,490,799,130,293,464,1156,336,2573,428
