-1.3288409801186842,0.003748737044632049,1.0071441721146086,0.8509121945951627
992,511,2660,2270,518,1307,572,116,671,283,281,676,621,1921,949,86,8636,2110,172,1108
1136,2936,127,184,4631,744,312,1323,1466,103,128,785,2048,2783,467,201,10793,14218,129,129
485,252,3385,18,313,92,69,6589,78,1293,454,6,172,376,485,241,128,339,1002,912
3251,1879,0,738,739,988,4258,475,182,203,1115,842,8933,631,134,180,479,218,3642,1679
20,370,636,175,931,157,1693,66,14,131,0,456,996,36,282,2076,0,424,70,70
413,995,6348,2,92,628,656,215,27,242,194,40,139,241,471,510,2110,224,100,161
340,3563,183,0,249,424,24,893,448,4560,652,787,296,45,356,254,2322,1862,1049,1212
3047,267,264,232,19,191,2248,509,204,295,60,217,1243,645,123,717,463,202,644,4362
531,604,131,2046,255,114,650,909,694,101,723,251,1267,133,581,19,332,400,2514,1833
1199,724,130,136,399,748,219,542,567,961,615,488,161,336,218,329,25,233,1568,1916
436,36,129,1258,57,668,0,80,236,193,1198,124,2121,242,5,288,438,326,36,6860
248,1458,9570,645,12,913,445,166,133,712,126,1908,140,115,570,680,83,278,214,11998
1388,331,124,49,423,472,1131,10050,45,89,1021,147,357,384,321,1036,107,5175,989,70
142,260,4,533,530,428,84,1434,170,795,28,115,0,37,0,67,213,1460,58,215
342,214,1025,1846,313,11,514,297,303,44,822,3218,13,1867,109,211,546,347,152,827
3202,347,2669,519,227,974,1564,2997,0,603,662,609,98,1518,667,1094,1233,0,310,4547
964,5656,1740,1397,0,566,395,12,167,3687,512,23,1343,662,736,1023,495,743,5713,1014
550,249,10,328,1609,1192,354,0,248,490,90,960,126,74,528,0,209,65,83,5203
1961,497,444,85,85,447,1064,71,328,652,718,708,276,43,103,569,73,1749,4,0
322,84,336,705,210,2169,104,287,1693,0,691,491,2370,14140,48,727,76,4246,1842,476
