-1.9028996720736315,-0.003884310043435292,0.8997306282827632,0.867760677591887
594,160,8,3584,447,2965,62,1,63,92,144,1790,637,1234,685,11,609,18,1179,554
260,1441,2859,61,1253,412,1,23,732,702,2855,95,1,732,847,402,977,4,526,552
2,759,80,482,825,1341,47,207,4,27,5,649,1,1,182,2602,458,174,85,2262
196,1558,1457,3946,3,146,66,1,4655,463,1,337,2702,937,2072,7876,834,73,4,135
33,256,188,1657,1,267,1967,55,1268,126,2558,5,1,3684,2629,5,1,177,197,20
3206,1986,210,54,27,145,36,1344,410,1753,2,5951,630,208,3280,2008,9,6752,3231,322
723,5,114,438,1391,2315,3136,17,317,440,668,3775,175,210,306,738,3230,2713,607,896
5746,954,1,68,1248,2255,1107,5346,1,102,218,73,2,114,1076,354,2,805,1953,503
3,19,331,40,565,6,2670,950,1796,824,1643,1535,7952,126,265,10,2993,2083,794,3
207,575,31,1187,7,1,1539,814,219,201,745,173,1,238,2608,51,1,1,1334,745
18,3140,128,305,949,59,323,381,163,1113,768,826,1,6,241,124,863,186,2681,737
2835,2,1,179,2817,3399,3950,2,584,155,13,812,1348,1325,537,1628,9,55,1304,5
1,189,1799,678,912,4,2530,218,229,305,1646,4124,2937,654,3567,803,3551,0,151,411
821,163,2,960,540,482,4315,1952,636,220,32,430,10317,1320,181,319,151,1301,2452,607
586,272,1386,7,4045,197,38,8,4609,602,4,3182,59,1,445,5,26,1,368,1610
73,479,2,521,1583,0,2,408,36,427,870,1648,10,2114,257,442,9,563,607,67
1149,60,739,7,24,10,732,46,2901,261,1654,96,863,1,5,260,2529,269,1257,46
4785,267,319,6412,316,5,2,770,1640,3113,299,4728,26,12,280,9,1210,8,504,522
805,3588,4627,47,141,2568,2642,1099,194,136,4987,117,1305,63,4740,931,1,1343,190,366
101,627,174,1438,366,953,39,68,168,2117,1377,3913,253,386,3971,2879,89,648,323,2852
