-0.7793330394573712,0.010814614497697982,0.9977424062603438,0.9479790522401409
1235,3251,1713,964,1897,0,907,1005,1472,1071,1254,3408,1529,683,3323,1006,1433,986,1273,12889
182,1717,474,304,609,580,556,1213,2894,1219,221,1366,2197,403,685,599,2050,757,2273,1700
1139,1136,254,127,0,678,1239,2054,827,843,639,2122,1504,727,1227,1399,1994,2516,1426,621
2693,1202,237,1341,0,500,1961,687,1081,531,1149,1501,837,225,766,510,623,1802,1103,1509
993,585,946,204,42,399,407,585,369,750,404,977,2382,238,682,248,266,112,562,1374
1168,1931,667,102,528,836,567,1896,956,1620,168,1407,529,1940,2220,1095,246,1627,765,662
888,2459,981,1862,186,1100,650,821,378,370,1329,961,85,807,1166,605,1047,708,60,590
1918,1182,1400,90,676,1691,818,372,798,988,774,176,2191,1479,173,895,220,523,11,40
1451,1403,1979,1507,461,1781,1365,445,732,126,349,1440,1038,292,814,448,1876,1171,480,1325
224,288,356,1684,190,1352,16,508,757,1098,251,30,473,858,122,670,154,117,950,182
773,1829,722,744,570,1518,455,1136,2632,0,204,146,438,348,678,735,348,41,728,233
1161,1404,591,674,475,576,710,568,461,271,699,826,305,0,835,710,1660,1175,897,990
551,964,600,1105,605,2495,544,292,167,759,197,216,2022,490,250,116,1135,1309,2038,797
1458,468,2776,281,538,300,190,914,991,587,640,303,1288,181,853,423,125,563,3023,488
1313,916,1226,392,353,12,843,590,464,1523,306,1854,1056,1818,122,1320,615,2033,422,1068
998,472,1462,40,955,149,1225,715,382,2491,2805,659,930,2637,13,1632,534,597,1141,114
981,655,1381,321,1694,642,2821,250,596,1597,1035,299,1156,1853,337,677,571,988,1574,710
1867,1062,1537,757,423,1203,497,1751,506,561,1478,641,225,1670,471,1289,1542,655,2749,3270
1476,1085,1238,539,549,914,1073,627,2693,583,196,240,1536,935,571,170,653,953,1174,1801
4193,111,1141,990,324,401,1059,725,1700,1238,2063,709,544,2311,451,1131,668,2218,2222,1993
