-1.5526410669738802,-0.005209639761560754,1.001493890869545,0.8499787006034522
21,610,4506,91,614,292,255,22,680,1025,74,192,4241,432,14,140,35,108,2007,9202
162,227,578,1785,2940,1827,66,4896,59,796,229,102,579,386,184,202,6782,2197,255,655
7544,10,550,915,3976,72,316,2142,270,419,402,46,331,16,631,983,1375,528,3,419
341,23,212,3022,170,965,967,6,1119,159,122,163,7581,66,238,808,2391,259,29,320
16,573,190,382,147,954,1061,0,282,23,169,44,197,1907,75,2257,22,345,6461,8042
2,246,115,49,1011,1658,3817,607,128,106,254,89,914,919,320,2,1056,2259,193,184
561,472,156,406,300,2036,883,329,401,901,2401,543,33,1403,8,63,10078,489,3841,509
1042,485,8334,437,1031,1579,135,156,1534,2460,6,639,103,6,1,913,316,63,269,207
3342,100,137,2050,1802,313,1374,2235,1233,0,29,40,1341,1056,305,45,63,316,3356,1820
6,616,6,1549,817,935,140,139,3,681,727,2074,246,1925,78,101,66,0,436,1820
317,281,365,1679,735,1187,1828,0,0,915,201,1,13,291,505,1324,440,113,61,2321
1657,5801,49,314,0,1950,2,893,160,4806,12,206,40,181,581,106,9,2951,562,1043
203,41,253,3,304,169,1555,335,130,1824,621,327,17,811,925,130,1664,284,351,182
838,55,93,220,18,172,21,1121,11,1518,3335,0,3131,650,1142,336,4,732,1591,0
105,456,825,782,63,0,434,480,1928,67,772,10,61,326,264,14,274,3513,276,259
258,10214,245,486,2370,447,81,843,320,569,1721,1524,4,771,540,49,69,1045,1263,90
4050,15,137,15,2541,1435,292,27,0,621,51,247,61,244,635,2490,540,3,2049,893
1848,6,1314,2957,743,579,295,318,2648,550,172,104,886,13,959,160,710,76,2362,1402
0,927,1691,6,78,504,105,111,2790,40,150,196,2914,466,445,701,235,670,64,375
407,3573,964,411,476,12753,231,94,624,2693,787,451,59,14241,18,6422,309,3844,111,338
