-0.4592604860476079,0.007709373744122818,0.9508730382569286,0.980950390539235
400,508,1019,820,1363,586,989,289,546,1470,881,1352,574,1468,2136,1522,1757,1112,1120,1018
979,1746,1179,1667,1579,566,1274,638,1513,1116,479,625,1382,511,988,1244,863,1874,1286,1251
765,825,768,2571,357,903,471,866,687,467,949,378,162,452,532,259,434,1311,967,531
1004,654,979,1223,910,1247,609,750,1399,784,1124,1089,1819,1158,1424,457,1111,1175,2407,743
1183,1690,842,1204,1091,581,198,1707,1046,671,596,1143,1481,757,1580,416,1160,2727,1706,858
833,841,1573,543,655,290,880,513,413,922,908,1460,366,981,324,2055,1701,357,586,1654
991,2124,815,1274,2293,1044,1474,823,957,591,2026,905,1089,701,1331,931,1828,730,1076,1315
729,1046,832,983,597,745,1254,868,560,770,909,897,469,280,1080,1640,732,1045,1151,1125
1226,771,681,1083,1645,262,130,777,560,1005,997,890,817,319,784,485,717,680,747,809
750,779,542,324,554,897,1541,1771,457,504,506,1488,141,2140,969,2009,605,1160,458,1397
2754,977,591,1024,1244,294,546,760,817,913,1252,788,909,1307,274,1125,1442,673,686,850
1003,1806,1384,1570,445,517,1923,295,1077,761,760,1034,919,1029,719,314,1429,2169,1263,1295
534,514,1274,1439,329,764,379,1138,551,380,1097,866,1100,930,566,1118,1164,1285,555,1077
1313,1757,376,1195,565,436,1263,691,1122,1569,574,376,506,910,859,675,838,1046,1260,1303
1941,1597,1509,545,949,859,463,1153,412,422,967,770,851,1482,693,923,608,1535,885,2527
1223,1614,1067,314,1125,957,820,946,1018,1102,490,1046,524,1553,958,1047,673,709,1701,1979
1186,1116,1174,673,478,1108,1342,547,1141,1339,911,1588,656,277,659,730,1023,674,287,2209
608,1050,1107,598,1874,205,420,721,974,772,2249,543,897,587,1311,1500,955,892,1021,2221
1886,975,1078,849,1205,604,857,383,1181,1023,938,1450,361,1604,1783,1067,1454,1885,648,1114
192,882,994,765,839,410,490,1509,829,1093,1423,724,528,772,876,1642,1060,1449,1663,1050
