-0.5927682399635291,-0.006232952031964774,0.9485612834117801,0.9688345194855827
32,1026,244,615,1418,864,969,80,1124,1518,530,239,810,2036,2153,1840,681,215,968,2836
846,1162,1362,2123,1266,1070,624,798,1095,1402,253,917,833,299,1739,1333,650,1813,1309,2258
765,675,763,1294,43,1148,69,840,726,420,1075,322,168,354,539,539,445,1400,1024,378
4798,748,792,1080,869,1498,496,730,2174,510,1109,1213,1591,1349,1395,411,1911,1131,2051,657
557,1675,935,1171,1091,619,659,1732,924,1281,768,1129,641,322,3481,413,1133,202,1968,870
755,732,1257,606,623,1081,826,526,238,924,450,1451,348,1075,103,2412,1303,417,643,2418
816,1957,899,1926,2293,1447,2294,878,502,1486,1422,941,878,701,1064,840,1201,680,1004,928
442,1046,1059,936,1050,479,960,792,770,656,974,826,328,242,1090,1491,794,1464,935,312
1340,342,879,1610,1988,617,130,523,516,811,551,327,2747,153,554,478,730,654,570,866
738,1016,458,393,752,1033,1839,1559,238,628,506,1616,350,2140,718,2286,303,769,391,2126
3576,1444,2083,886,1244,279,223,765,817,1084,1276,1594,729,984,865,1578,1366,720,617,1422
956,1736,547,862,89,325,2398,258,0,605,617,830,326,1357,340,248,1881,1738,1576,1209
401,211,324,1566,1083,1181,513,887,2106,730,1287,973,1863,510,780,1138,1064,1734,732,1203
1494,0,620,1456,405,0,1876,652,809,1892,789,840,593,888,794,607,1135,1583,1573,1126
625,1364,1680,232,1057,534,161,226,601,930,227,0,831,1057,689,485,948,217,1243,2171
1674,1062,1067,463,1190,324,377,2094,2415,1075,491,733,1131,1579,1038,937,473,478,1701,354
883,818,1214,381,929,1108,1296,232,940,1341,862,1446,759,344,659,400,659,485,299,2428
328,1463,1151,197,2081,180,470,632,1073,426,1741,756,1020,812,1328,1343,1044,844,1012,352
1896,1094,1171,1359,1296,105,857,371,1278,1176,661,1996,456,1469,1793,760,1465,1649,906,1409
223,1079,799,2042,868,1174,731,1710,312,1266,1299,873,991,801,694,2055,714,1437,1861,1336
