-0.7167281619525928,0.0030464820371145836,0.9702764274910862,0.9432029525807352
1712,1006,443,0,4165,391,567,804,492,621,1977,517,355,0,610,271,1180,344,629,15345
416,710,1171,1165,899,905,1812,664,603,343,1092,1105,1825,369,992,411,462,1651,3540,999
456,821,152,1206,225,1103,1056,956,560,978,947,1980,90,791,1205,1167,2248,830,694,289
1314,1359,735,1781,415,510,1048,982,1081,0,397,416,1203,166,1689,374,658,509,692,1752
523,748,980,1348,774,453,1023,587,887,437,2235,570,2437,1290,185,511,1376,1276,1028,1299
410,577,391,681,228,695,884,797,199,1177,1713,599,444,450,1152,969,2191,1422,388,439
872,1161,629,429,2273,1099,0,819,605,1235,1007,1885,778,518,418,1763,5502,504,1398,1364
732,579,2096,721,426,5146,594,1118,832,645,1089,247,815,1013,827,2768,1280,2681,4159,555
920,1413,1089,69,1110,775,236,715,503,1328,1161,923,1453,153,641,411,177,1157,0,605
1687,1469,436,811,51,2078,1102,600,233,1142,545,696,1458,668,449,275,1271,226,808,836
726,336,194,438,1018,1785,578,1183,254,779,1118,309,598,483,0,1127,26,773,627,993
1333,2806,2308,619,2640,736,1852,263,362,928,969,231,1120,1055,728,165,419,63,1615,668
1058,1594,858,579,987,440,2332,152,397,351,550,934,1917,1152,2027,0,253,204,2873,769
761,331,1760,482,406,649,1533,1297,683,383,219,0,419,723,419,247,668,499,297,962
1404,872,528,587,762,913,582,313,772,734,868,1660,591,731,1478,1081,177,1723,289,479
2430,1288,542,1413,338,1603,478,296,625,818,1688,797,336,842,1721,268,505,0,766,1225
926,2698,1767,1250,1410,669,393,914,1119,1345,287,307,721,349,646,661,1256,1939,1329,681
1592,620,5737,960,682,1279,420,1144,1363,395,498,702,1161,697,1065,1753,2484,514,501,2076
261,1756,4016,172,1443,1365,480,1881,139,22,934,357,1307,44,396,2124,899,717,1594,0
334,1007,769,209,776,55,310,295,249,1952,1626,2678,0,1244,1272,2423,666,297,1151,950
