-1.035422428030746,0.006755104325406468,0.8489152865202063,0.907461128628293
235,256,82,1553,1009,57,972,394,436,126,185,737,185,1099,801,680,252,38,201,323
7,16,754,1061,1611,113,26,454,957,0,491,481,41,677,248,377,455,1290,326,410
930,714,111,2294,1152,556,548,675,293,515,558,147,85,579,1599,2119,810,373,1777,90
116,294,189,1814,292,221,1393,183,1566,77,233,1421,449,99,316,873,155,197,3210,634
8,837,839,1493,1529,1538,5981,1373,166,194,0,148,1068,152,623,148,276,83,772,331
5360,678,115,70,356,547,562,513,131,1868,839,1243,756,4136,493,865,86,386,210,687
151,587,823,1240,731,1170,1785,482,434,9202,655,254,1222,1370,293,686,666,585,497,1299
864,180,162,289,1549,58,863,501,5429,3441,2792,1769,1826,762,1381,628,916,1224,305,6
281,1054,90,1373,181,540,1215,1717,4358,1702,1433,8,1480,238,4197,278,639,668,1008,139
2134,2384,1844,54,799,733,1486,558,64,2547,1221,0,1355,483,1695,455,1012,467,390,339
1406,129,27,250,1123,52,2465,988,949,7517,199,401,881,1051,1074,219,450,419,117,2393
92,614,6474,1047,1221,459,620,60,1073,823,1429,243,384,677,438,1513,1930,914,1657,1889
1152,232,2041,391,1207,76,380,1030,476,1374,956,700,1263,485,395,889,521,422,2407,1478
74,696,1082,930,445,90,632,3594,1713,3584,237,4620,784,324,1070,1420,1012,1238,748,211
801,898,1279,275,117,383,744,1283,158,130,918,458,285,298,5171,1893,346,1579,1338,474
1625,12,393,57,38,1389,2800,435,801,182,10027,2272,975,2191,765,1517,308,103,752,1027
145,600,655,45,808,2438,398,374,1624,1157,476,752,1325,0,15724,687,347,1523,139,844
2805,351,317,1174,837,2345,560,3318,139,1157,394,761,2169,370,96,1211,2368,680,223,1295
668,30,844,444,428,259,644,471,523,131,618,915,203,387,758,418,1685,531,973,702
0,2136,1493,315,1439,2157,350,1703,208,622,560,490,799,52,293,501,1156,375,2573,428
