-1.489897603353855,-0.002091795200528807,0.9226883635121488,0.8494676331720717
998,0,1376,2042,1557,971,148,95,74,691,15,283,2184,48,3680,0,473,210,413,7375
1009,113,833,333,662,3979,464,113,390,7,59,2029,233,0,780,5916,588,55,4,521
165,4251,364,30,311,53,1120,1593,1999,58,948,9,3579,2814,253,533,1719,507,1774,1046
393,9,104,3165,934,72,497,1951,729,2662,1314,26707,84,482,65,781,4015,63,31,1669
333,5,593,38,160,0,606,1713,1040,134,737,609,444,4,53,155,162,246,166,1456
352,0,591,115,18,279,362,650,1829,474,54,708,4,19,79,2379,387,235,111,80
509,0,508,3116,134,252,0,197,216,1871,1260,1810,206,383,300,999,371,679,3370,6374
1766,83,366,352,37,605,1530,488,473,203,866,113,26,1428,1036,55,13,0,579,1330
423,393,27,312,339,1489,1160,7,16,1299,79,5057,193,284,2040,2139,73,450,5972,567
431,435,336,2806,339,985,29,507,373,2285,120,1398,6,6646,3538,13,3,115,201,11903
951,165,1061,1167,7,558,132,150,78,904,1250,1199,449,77,4009,295,59,2921,47,93
169,1198,409,394,0,1901,762,782,39,0,12,98,3932,530,766,224,1470,437,756,5406
0,1267,2365,2,211,72,1570,1441,15,24,1406,297,1654,269,136,9982,559,583,463,677
321,255,1072,1198,3129,165,185,4581,5,3417,211,207,714,1044,43,82,23,0,122,737
104,1564,898,1325,310,1153,25,108,333,274,5,166,711,111,429,3017,690,355,294,960
79,447,979,1529,133,43,479,86,48,117,1107,0,1227,909,207,1605,194,2211,8,6
16,725,3,0,875,71,2,171,601,756,3,107,487,99,185,1481,1042,965,1906,895
729,284,678,8,262,14,16,0,169,271,3030,150,372,657,2904,627,0,3424,978,94
1179,334,543,1504,1642,548,7647,578,2867,1215,848,257,2078,138,358,166,100,462,2921,10
978,260,2533,365,149,292,943,3078,343,202,15,7738,165,85,5117,290,726,2957,1072,85
