-1.8532380372875963,-0.0027249627427951956,0.8924562059273149,0.8712706996574565
1429,195,480,2393,447,2007,90,1,111,61,109,1806,683,1233,692,10,318,18,945,322
187,1707,2859,58,1311,214,1,851,732,827,2777,63,86,1025,847,391,977,112,801,519
2,3950,289,218,873,824,49,18,4,27,5,696,12,50,201,2430,594,125,94,2096
320,1558,2578,3976,3,30,66,46,4909,491,1,550,2803,1358,2268,7666,897,434,2,294
73,1489,262,1460,1,1049,216,54,1163,123,2716,146,1,3529,2663,5,1,176,473,3
2844,2025,276,50,21,277,13,1768,358,1470,2,3477,608,243,3554,1411,12,7324,3752,361
723,3,87,302,1479,2017,3175,17,1,334,1807,3775,435,208,306,385,2634,3228,589,896
6058,954,28,70,1261,1966,1167,3403,25,102,1,95,2,88,948,58,2,846,1953,613
3,19,356,489,152,16,4033,581,736,653,472,1439,7952,126,262,10,3437,3346,819,3
207,29,174,675,7,1,1660,837,283,1277,487,67,1,212,1633,55,1,1,943,745
10,1991,927,237,157,29,323,32,39,3407,766,825,2019,6,259,473,389,214,1924,24
1150,2,1,543,6552,2010,4461,749,544,158,122,800,3221,936,933,1685,9,57,2435,2
1,194,2284,165,1484,8,1458,2261,1340,125,1874,4292,2887,82,3054,710,3468,653,130,726
723,3646,26,1096,279,482,4365,1522,903,585,483,58,8294,1296,118,680,477,923,2452,487
1164,282,1386,14,246,93,45,128,4609,1171,90,3055,40,1,308,5,18,1,135,1334
60,883,2,516,1385,224,2,183,26,369,678,2656,6,2215,471,489,9,164,0,16
515,67,757,7,365,10,708,51,3206,198,1654,96,1222,1,5,277,2529,221,0,12
1375,270,481,6412,318,5,2,902,1665,3113,299,4817,28,0,410,4,892,7,559,447
805,2880,4632,45,141,1949,1481,1099,444,80,4089,120,1331,156,4588,1,199,1072,8,3
85,1,376,1438,371,1309,37,68,328,2117,1243,4083,239,386,4191,2785,143,711,438,2972
