-1.20479935661143,0.010554374620774357,0.8441189934799226,0.9069299733305687
1618,83,98,592,79,559,67,883,121,2378,0,487,1264,1289,285,96,115,2916,832,174
87,1,99,1355,200,23,76,2033,1708,225,3128,574,653,1042,2083,1177,1736,696,499,1366
2312,67,3,844,425,669,72,297,525,1937,662,1532,48,409,161,735,28,2923,589,768
1254,956,704,1307,1160,144,0,208,1957,3803,366,946,365,1856,1258,2774,436,5,1739,2776
422,900,846,1368,149,828,207,4993,1459,88,76,764,170,1592,810,8474,33,1465,641,502
644,857,1377,1108,177,341,756,2824,745,281,611,98,169,991,509,6617,275,119,24,296
40,155,635,68,239,169,980,1047,972,4354,94,5402,2858,364,1703,405,835,38,773,793
2206,466,352,44,762,415,4318,999,3481,254,5,904,341,1039,0,135,725,1445,1662,1256
516,1475,855,0,1713,3537,3520,1750,167,633,1737,2551,2888,868,4047,458,426,2278,369,2909
0,63,1981,249,104,3432,1301,394,239,3820,1527,405,915,2080,1450,899,209,1025,887,0
182,415,54,917,14,596,792,2659,3,3213,553,1837,88,1510,410,478,606,2,1070,67
15,2575,3038,431,3775,400,3055,218,1983,252,161,161,1770,1419,916,254,365,1787,88,376
2638,101,286,400,46,555,0,634,507,774,4131,4223,157,3071,851,1664,1283,61,422,709
829,65,2300,258,4726,2122,336,224,721,1209,5585,219,5220,273,88,745,543,628,236,21
1633,845,136,498,1103,1440,3543,1940,79,828,1077,1400,78,35,183,1483,1461,70,872,132
717,263,33,76,80,169,1320,246,103,962,2758,314,3636,678,5571,1211,2713,922,133,102
188,0,301,739,69,14,544,160,539,2253,1392,700,669,247,894,585,2849,0,322,2202
529,2244,23,592,769,633,101,123,354,94,176,696,649,1680,835,1897,1560,628,11,395
382,180,433,61,308,1579,209,1854,209,135,110,815,646,2705,843,67,585,666,1940,58
156,618,352,27,291,251,1054,2269,513,205,532,24,0,783,927,883,966,1014,800,1743
