-1.3895353371453294,-0.0023098034058095006,0.9927655230407075,0.8498309910052676
342,685,5849,110,601,1233,577,161,17,431,550,51,9193,262,1948,161,905,59,1244,3848
1284,149,727,116,946,558,163,51,194,20,152,6,1090,1135,208,694,329,1387,148,12
0,2701,609,2388,779,1412,520,4687,4993,1042,752,1570,2135,22,232,2446,2293,0,96,118
906,746,255,1162,1034,68,13310,78,37,17,677,653,4043,1,54,732,406,833,13,123
1012,64,183,1424,923,808,621,129,109,235,410,599,109,1042,2524,5,130,1886,6052,633
125,123,407,22,134,1385,814,272,1067,1093,1016,738,446,164,1065,216,600,94,712,1096
479,3220,658,658,83,17,2,623,82,1718,465,1271,194,43,170,242,106,751,565,1265
139,4889,1078,22,1651,1911,25,13,1204,707,62,34,53,20,1,429,131,6,584,595
4804,294,56,968,141,259,2129,12,439,418,196,52,665,243,61,652,10893,390,2523,59
895,229,68,103,321,0,1791,702,306,855,73,546,71,917,270,55,182,298,185,70
956,206,678,982,198,561,3561,1464,204,284,360,1267,126,134,51,246,600,384,194,10711
150,1359,938,2913,333,546,165,73,3661,265,280,556,962,1178,5033,503,391,139,173,13266
590,842,718,2248,51,2798,201,867,332,369,25,1979,312,119,942,854,2089,915,0,281
57,107,290,3091,201,654,1,1056,64,1200,2530,772,2123,10,116,85,205,526,628,188
679,0,1008,21,57,426,53,402,213,125,594,361,606,77,102,59,173,1248,682,0
736,772,223,856,1419,1782,102,313,476,217,417,527,792,184,2736,220,1406,255,1017,321
92,8048,161,229,1801,294,78,115,175,272,245,671,3,437,1100,447,932,742,3942,1840
942,13,14,2854,941,63,355,1392,773,133,69,21,1881,156,487,236,10071,1778,811,387
2486,1304,735,1747,0,559,2357,600,27,1289,888,550,2197,1412,120,663,120,223,4829,369
3515,122,403,720,1417,20955,943,473,149,189,58,2108,26,1465,675,1027,0,2373,145,554
