-0.9494310461378681,-0.003190646771148208,0.922127968675395,0.8980849163122185
323,825,182,1646,492,1418,238,960,1228,153,1446,1191,1820,5693,2695,59,0,458,643,565
0,925,208,208,724,540,406,312,337,885,127,1158,786,1139,743,265,1035,0,303,6771
808,175,225,538,240,2242,1292,771,68,1068,1441,712,685,2287,299,165,1214,45,594,217
1504,363,984,789,400,801,859,315,845,798,117,212,769,1061,401,445,13,960,338,725
638,791,1180,966,701,391,3872,295,527,36,16,253,1328,64,1027,708,401,426,1057,465
3018,2055,321,121,364,271,309,498,964,120,309,3196,654,869,344,1361,412,369,1184,255
0,790,1504,574,210,386,857,115,141,10885,564,1146,717,1122,346,486,351,582,249,4526
1056,3195,842,657,182,1845,1000,106,876,1241,3422,938,1472,443,514,98,1640,531,123,81
1053,1047,1164,0,211,121,156,957,433,2223,515,985,1958,500,362,222,1457,3397,1397,450
3233,1493,292,92,770,713,158,307,376,1315,1417,438,124,1099,1809,62,844,1285,351,388
837,348,2586,1263,435,81,595,198,71,3685,314,621,414,267,624,508,273,632,1678,291
198,1099,7909,1599,952,511,768,198,1417,144,0,228,1350,549,360,1179,1459,794,1451,1688
1239,649,1999,745,718,802,263,541,190,459,802,2300,1539,281,59,1226,851,190,2004,1004
1312,4821,1142,577,61,848,537,2454,1966,278,750,1520,832,333,1794,1000,2290,1451,1013,312
603,434,1087,554,119,858,103,798,182,1069,176,462,168,580,5497,327,678,1710,827,217
337,439,305,10827,909,595,1805,867,2438,184,722,221,401,0,2263,2490,195,146,276,860
267,424,725,249,471,436,253,1168,437,598,592,369,535,385,21051,47,1276,1115,32,1469
2476,347,864,504,918,708,684,2818,333,99,417,907,1307,644,0,668,2710,2859,401,1222
769,1463,505,619,351,11385,692,155,166,1342,1515,471,321,322,316,451,619,1108,717,363
1626,566,160,387,260,240,590,836,502,517,979,611,1832,1102,870,174,313,25,1043,290
