-1.0108099999784073,0.006637745367601424,0.9867223327340684,0.8959828317279405
1115,388,722,0,1252,83,667,61,182,1703,337,305,1111,743,77,2648,2763,906,1598,15707
576,1661,58,112,582,63,444,0,937,111,20,1160,1047,160,1725,662,657,0,1315,636
425,707,61,183,7,285,1213,373,1025,448,925,493,946,1161,673,5488,526,6512,4212,841
700,532,955,180,390,54,756,2252,247,87,615,299,9389,234,334,2935,1780,466,0,1045
461,284,137,1222,855,22,601,255,293,1454,1626,726,206,226,246,1355,188,900,295,499
242,2476,141,31,787,2266,91,934,841,385,486,223,0,505,514,0,2167,949,3563,4578
602,460,3332,903,722,1374,751,121,583,2117,245,572,5625,440,373,248,167,68,0,108
324,498,502,3703,626,0,0,428,613,987,441,0,1817,262,208,411,1540,441,795,709
589,566,90,296,1441,365,507,914,3027,17,401,454,2163,272,0,193,246,148,1210,83
1334,299,275,536,739,239,332,1399,1355,0,717,42,969,1805,752,556,364,400,594,317
0,636,1684,1023,1641,897,999,1700,1397,44,362,762,814,528,205,1391,998,371,460,614
11634,228,1990,412,485,518,770,911,193,114,605,1368,713,800,366,275,548,680,541,483
2632,743,194,4757,656,653,805,142,1070,295,39,291,848,1694,1234,2355,0,549,447,857
1517,814,1800,1100,317,1455,1297,218,116,1059,74,377,396,2116,309,331,2440,2243,243,261
1205,640,102,524,781,934,2633,2266,563,339,65,726,366,1282,153,1061,345,1157,318,88
4971,1285,1241,868,892,915,1677,1142,1452,351,394,2623,845,851,899,128,414,2543,687,794
357,757,1869,1570,0,348,78,1596,317,0,2602,1264,374,256,444,399,236,2418,217,452
8993,1469,1029,7038,0,536,473,83,2466,128,399,184,650,1752,274,176,6486,828,78,834
523,641,127,185,1043,709,1790,2228,672,830,1786,615,1169,0,810,340,523,268,961,332
1043,3192,871,3043,149,299,4145,875,442,1173,118,1664,921,0,1234,1247,166,4167,240,215
