-1.4856471117980403,0.002831115033361495,0.9861335468717023,0.8516582829203203
2229,110,3476,470,1018,396,2657,470,148,285,161,916,3,483,129,388,87,26,325,0
179,534,75,2552,2605,215,61,2294,185,0,491,2266,320,1530,565,1160,7657,292,27,181
368,88,403,2082,1251,204,36,3,152,300,882,277,889,495,22,350,3243,307,4,483
10385,227,1287,3835,322,112,2852,664,978,0,752,454,13,175,745,1758,1376,167,200,173
779,207,760,0,3191,49,175,465,437,439,2,456,47,3948,0,693,69,746,4167,1098
123,401,449,892,94,789,472,83,45,326,304,513,1280,620,100,13,1415,372,11,19
1371,357,1542,14,0,1319,819,112,331,1067,364,119,1,1914,380,206,715,682,2985,1491
93,2357,378,26,0,3571,593,2726,432,1853,93,202,392,36,3,2792,14,38,361,1969
2210,0,161,145,507,46,664,1209,2926,219,8,1023,56,2100,0,368,735,250,785,1781
20,340,23,271,1359,393,277,15,47,592,226,1508,46,0,103,86,256,2,8,1197
63,0,0,237,50,466,6277,103,45,212,55,1313,35,437,5365,640,494,597,420,2710
419,6248,17,634,437,549,1743,1448,67,32,719,1578,65,570,87,875,6,256,208,11455
2441,4,284,459,741,421,892,72,258,1510,249,24,444,103,950,434,1393,410,2168,54
1082,575,107,214,102,116,400,145,0,577,1258,39,36,55,20,0,2186,118,1236,298
1344,650,9059,4111,751,866,314,709,20,156,197,283,451,1167,1085,5,799,1803,5718,1770
375,7836,5465,212,62,840,31,149,2752,131,373,306,61,433,126,784,123,0,228,79
83,326,769,17,2946,1126,959,331,91,10950,571,604,2096,183,719,8123,347,1390,5249,0
1358,137,772,4065,1322,88,304,30,1000,1305,18,31,565,420,1873,175,6274,723,3711,252
433,292,988,369,119,2584,152,334,1660,365,1853,117,2270,1132,562,148,68,545,10,764
263,3467,4993,205,468,13694,4422,1240,146,127,0,73,2132,182,748,4484,137,2220,1,789
