-1.7229060556539832,-5.489912998956248E-4,0.9746817674419151,0.8436336886894967
1000,42,1215,690,27,113,22,174,391,76,754,3,381,237,2125,56,17,403,477,2464
1112,2,464,1458,2462,418,148,846,1401,15,0,116,945,5198,252,110,2660,823,4,3
6049,124,260,406,0,23,78,26,122,1256,592,49,0,0,317,4,2248,704,2,134
459,110,1707,0,230,1,1042,5,275,1376,1,704,8123,700,710,467,3901,250,1445,4935
16,340,791,2374,297,230,1737,823,296,48,99,1,13,3432,3820,1690,7,12,6464,3642
3,2163,3857,36,56,949,5,89,205,323,714,347,542,498,232,55,2177,147,398,86
874,1002,19,355,741,458,28,840,495,3878,953,387,17,83,1992,288,30,453,742,76
482,12,622,1,17,1171,1659,1649,679,2427,470,773,3,133,998,8195,27,452,71,3
1049,416,199,3877,9,581,1497,1640,4354,276,7,958,460,4517,1181,359,399,139,4133,3580
27,188,32,698,916,595,8,134,43,780,1104,564,5201,4665,1614,17,13,134,121,1256
1759,162,1243,0,2,946,548,1062,261,1293,2072,7,2581,28,0,119,3757,2186,512,977
149,3294,7,1999,114,159,73,1567,617,560,152,1333,44,242,620,251,1160,63,483,102
53,3,129,4,831,22,158,1854,32,2,78,500,76,105,42,479,1360,74,165,117
552,19,111,3781,363,592,133,2019,2189,1973,665,1938,2,251,53,2995,308,904,7792,91
231,5,0,14,14,6,1067,141,1,942,4,2423,145,208,439,62,121,1941,2207,741
1025,3,779,193,512,1013,113,443,139,248,585,977,42,2210,366,346,35,755,730,566
1617,1,68,15,1776,313,10,126,100,34,0,197,67,965,208,1408,658,2696,279,993
2844,797,85,2274,1749,66,30,10221,291,4,112,923,168,939,489,156,74,12,2129,16
24476,434,896,2,192,24,206,527,2961,598,16,2337,9768,3825,601,489,86,2867,1746,255
372,1445,2614,155,426,872,61,626,604,184,1542,1451,338,2893,1061,10191,211,949,4035,1760
