-1.8851002819247817,9.574251441902094E-4,0.9983016010860062,0.8438979303587507
1057,1157,1059,558,27,120,10,961,132,1,2218,2,3202,130,4,16,176,115,150,10341
148,84,637,2273,1079,2498,290,246,230,1576,238,8,459,2808,3293,74,3048,52,120,3824
7320,403,776,1956,297,216,14,260,472,1302,364,142,999,78,326,155,3769,77,4,1
4,221,1255,0,338,1,837,3,930,510,129,487,6933,55,341,1412,3158,1791,1,4457
706,299,510,1691,0,22,1331,131,455,19,61,1,15,3171,69,1346,1,61,6394,2548
3,5557,1256,16,201,342,1,209,924,413,885,0,786,1688,410,117,94,2456,95,9
3625,1020,19,233,2610,978,282,691,431,2419,1248,3,33,249,702,119,1,553,3807,0
1021,2056,4,0,384,2181,2296,337,2549,1902,80,55,3,1,663,6978,2900,46,800,2
3878,556,24,2043,5,219,1497,1378,564,165,1,1141,724,5481,2687,120,521,102,1274,1276
16,555,33,678,586,605,114,217,2,835,3583,1080,1806,965,1645,104,1,2,145,3911
1816,616,162,767,2,653,1734,2,171,3,10,1,127,525,1036,2375,377,670,10,673
932,3757,20,709,66,993,115,1327,143,1780,313,1133,45,709,749,2778,1428,90,2452,0
2540,2,426,1,679,5,89,5,27,20,0,522,1,190,224,10170,6641,106,343,2
5273,3,134,4249,0,3,1,1100,138,1259,2239,2102,2102,772,314,1016,9,1316,1336,962
2,4,251,63,1,0,519,132,174,602,101,344,28,71,21,16,234,1518,19,31
1646,6,405,19,212,1041,815,1,21,610,933,272,75,1262,311,567,70,1294,1175,1
1736,25774,188,19,0,762,67,82,79,177,32,131,95,557,432,1357,853,186,921,148
4027,1027,2303,1097,1533,36,286,0,195,8,398,4217,19,1461,2677,105,1875,6,4224,1718
999,0,1665,2,205,27,406,346,64,113,53,673,4272,597,391,468,164,856,3637,120
214,918,2689,770,789,907,452,560,2,2952,0,1162,352,1908,3,3431,62,2011,1123,1306
