-1.4692253837677725,-0.002211895545198637,0.922245631438749,0.8498947208977401
998,0,1376,2042,1557,971,148,95,70,691,15,283,2184,48,3680,0,473,217,413,7375
1009,113,833,333,662,3979,464,113,446,7,59,2029,233,0,780,5916,611,55,8,521
144,4251,364,30,311,53,1120,1593,1999,58,948,9,3579,2814,255,533,1532,507,1774,1046
393,9,245,3165,934,72,478,1951,729,2662,1314,26707,84,482,65,781,4015,63,34,1439
333,5,593,323,160,0,597,1713,1040,134,854,609,444,4,53,155,162,246,166,1456
352,0,591,115,18,279,362,650,1829,474,54,708,4,19,79,2379,387,235,111,80
509,0,508,3113,134,252,0,167,216,1871,1260,1810,206,383,300,999,371,697,3370,6374
1766,83,334,352,37,515,1530,488,473,233,900,113,26,1428,1036,55,13,0,522,1330
423,438,27,769,339,1489,1160,7,16,1299,74,5057,193,284,2040,1706,73,450,5972,567
431,435,336,3239,339,985,29,507,371,2285,120,1398,6,6646,3725,13,3,115,201,11903
951,165,1061,1133,7,551,132,150,78,784,1250,1199,449,77,4009,276,59,2921,47,93
178,1198,409,394,0,1901,833,782,39,0,0,98,3932,530,856,224,1452,437,775,5406
0,1267,2365,34,211,72,1570,1441,15,24,1406,297,1654,269,136,10210,559,583,473,677
321,255,1072,1198,2672,165,185,4581,5,3417,211,207,714,1044,43,82,23,0,122,596
104,1564,898,1325,242,1153,25,108,333,295,5,166,711,111,429,3137,690,302,294,960
79,447,979,1529,138,43,479,86,48,61,1107,0,1227,909,209,1605,194,2211,8,6
16,725,3,0,875,71,2,171,601,756,3,107,487,99,185,1481,1042,965,1906,895
729,284,678,8,262,14,16,0,169,271,3030,140,372,657,2904,627,0,3139,978,94
1179,334,574,1504,1642,548,7647,578,2867,1144,848,257,2078,138,358,166,100,519,2921,10
734,260,2533,365,149,536,943,3078,343,202,15,7738,165,85,5117,343,609,2957,1072,85
