-1.2760630082757576,0.006503932074914591,0.8484915370945296,0.9054380889280821
928,1315,27,382,550,185,129,0,1335,2319,9,323,1801,1601,250,1849,143,1958,77,1167
325,131,372,1057,1378,896,229,1,3352,356,3065,89,297,34,2231,1393,575,301,142,164
525,69,41,305,731,660,574,290,1801,1562,2438,1874,1929,183,162,1399,348,172,327,143
992,647,1054,24,99,8,166,187,325,1861,1929,121,322,250,989,2279,597,32,571,152
16,108,247,266,268,7524,714,505,778,258,1117,193,852,2757,758,5483,159,4572,770,59
589,21,386,548,236,510,404,506,904,823,94,60,896,939,1223,8077,119,596,224,1120
10,102,2004,1164,95,64,3175,947,2383,2778,1336,3680,2771,149,26,229,1087,1,1416,581
333,81,849,843,20,2274,4539,777,72,1815,879,942,1528,105,377,546,1508,598,0,895
3371,354,1821,273,1707,162,113,934,1206,358,1956,2176,1241,849,2037,5954,1804,127,1620,46
1157,80,85,387,43,284,119,5,1247,1150,224,614,577,5610,882,2329,745,1273,436,738
806,1839,86,7,1492,243,496,1770,2881,1799,39,2085,1903,878,158,468,54,31,1979,245
534,125,587,84,3215,1130,5300,1033,147,2118,366,1080,2176,2542,663,517,634,585,156,33
657,94,524,135,1762,1265,905,458,1,698,3264,2220,201,25,186,7252,129,61,132,29
11,56,1897,126,2735,755,6637,3,1468,1078,3738,169,2630,2139,109,733,2564,970,1086,222
2202,238,431,1042,410,1575,1456,1975,147,274,388,1114,307,0,70,2090,2751,119,954,3175
446,224,285,1715,1671,1,140,3891,4,1250,940,520,1352,687,2235,380,3126,700,0,701
274,2303,5,115,320,181,476,1203,236,455,416,892,747,990,3417,612,1662,1241,1358,4223
432,9,1895,1406,362,1503,1228,63,720,704,436,173,26,765,3104,1328,3583,16,626,114
1495,29,205,1128,1299,1282,53,213,963,154,51,1665,1386,1574,1482,233,1149,492,579,325
104,1148,148,281,780,593,760,1315,1819,246,0,310,284,17,1368,1804,1431,442,298,283
