-1.6600009325407596,-0.0046413356597361805,0.9167517431027705,0.9009683790012587
3217,314,2451,701,2068,374,2643,414,405,1,313,3625,1107,17,2620,2562,389,4,24,522
229,0,541,27,502,6,31,816,965,2003,605,2,533,18,393,2000,2780,2546,369,68
6,679,1236,31,4551,519,53,2353,441,1324,2543,1,100,56,697,817,1402,77,604,1707
2,2001,1206,499,274,33,1,85,2221,13,125,5955,2,1,363,2097,42,1918,1094,33
997,3178,3452,1141,2,453,1815,1589,1548,1167,2,356,13,394,2077,1291,20,22,224,87
362,4,249,298,727,1211,1499,833,1,1254,2684,226,65,665,3162,475,132,50,3054,2516
103,822,1066,1723,1,128,80,1,792,775,915,1244,80,6,1656,97,635,1829,821,804
2312,4041,1503,1,784,189,713,1925,127,10,212,320,2176,644,3,147,8,63,1,1169
4,280,196,1242,2738,55,913,3004,131,1716,341,142,202,688,1538,609,293,242,283,1407
84,11,737,5260,2,210,788,743,1729,468,1,3300,38,2994,2737,1,304,10,325,4192
59,963,1039,349,1977,303,6,588,870,1523,0,9,973,202,1117,44,189,1091,1,1957
1904,1048,427,1723,146,2135,76,2917,154,2065,1402,405,3357,914,2424,3275,421,2420,121,521
751,682,577,2,980,3894,895,770,1368,1828,4712,1936,1206,1300,921,305,477,683,1701,317
901,1809,10,273,810,46,3303,855,118,3022,6,2,938,492,49,1,17,1996,1266,417
298,489,2,2152,1046,227,352,2661,1,3841,5,428,18,989,2823,492,5340,3,371,505
663,231,538,19,253,86,3798,4,9,1072,1,239,190,5,5127,670,843,1511,3,2182
10,1728,2605,885,2189,328,3528,2313,120,1121,858,2098,207,2,1691,2450,4450,80,516,3060
22,739,23,826,1294,3438,1622,2326,2056,627,21,421,311,347,73,29,4110,872,2819,1
68,44,785,1454,2971,262,4,435,2471,1792,714,582,291,654,3271,139,131,586,249,472
2635,25,816,1152,0,946,265,1310,2800,406,2182,702,505,98,817,1884,2080,603,1736,957
