-1.483678544402422,-0.0036294573004250924,0.8469790591890917,0.8507601385689788
1363,37,428,2773,730,1912,391,33,23,100,1003,1,1468,52,1201,71,2252,6,742,0
1423,1031,785,596,1746,4424,689,180,671,419,172,3150,1128,95,395,1114,1726,619,169,28
77,0,982,283,43,41,1,966,3997,0,155,1218,1234,1466,411,304,3508,335,491,688
357,54,112,3771,12,543,399,1130,1782,0,924,1643,188,191,9,2515,1075,421,40,52
249,2307,2039,130,737,243,771,164,124,59,210,791,572,112,123,609,231,463,346,8
402,475,1487,295,4,785,353,306,4668,4796,1713,140,549,675,542,548,204,1176,9,134
313,255,490,2503,39,1234,0,380,81,898,154,30,273,218,73,52,134,951,6395,392
550,2,6,76,1059,1813,38,392,5400,208,1614,1556,1213,2778,680,9395,21,1475,203,814
556,220,567,121,881,399,1874,82,1,1043,327,24421,274,65,1352,2481,38,866,2430,166
855,0,1191,25,12,1502,194,1499,3931,2314,16,4,35,3585,215,195,3,115,62,9038
128,1660,1618,1769,278,3379,203,9673,351,113,5135,136,283,68,909,446,863,242,227,48
335,4338,422,2834,988,2070,1323,539,341,2918,1166,203,641,116,676,208,0,224,95,2142
299,1446,460,4,82,104,2531,992,2,142,32,2182,2348,337,388,10299,17,745,683,441
26,365,123,1575,1357,841,752,1209,619,2809,0,0,80,1157,30,312,227,20,1245,131
184,0,317,1754,766,1244,385,658,474,1614,56,104,319,1690,107,91,1620,253,188,338
7,456,304,145,228,69,1213,121,40,4260,528,30,2372,637,103,962,876,1362,15,1649
12,24,6,0,103,759,3079,611,212,67,51,1535,102,164,319,534,905,890,238,310
132,60,432,53,4958,627,527,634,104,734,232,200,165,2693,2530,469,1033,277,522,596
203,815,499,293,103,18,6508,376,2037,239,963,261,0,13,538,3701,0,564,1796,1020
24,94,111,0,974,607,129,2908,218,1032,1818,11164,1099,386,1922,18,7,1852,4,180
