-1.364939056337359,0.009301960711173915,1.0024477122827666,0.905776403951482
1772,58,573,866,294,1359,4260,3490,53,1404,0,200,2708,1782,590,1457,432,1302,1455,5172
6176,2222,3588,65,5003,3,1675,21,1313,556,423,35,716,196,4789,853,1068,493,6628,1047
674,2355,981,916,67,233,12,203,163,1,103,2431,1840,88,365,5429,1475,3778,1485,143
1868,409,81,1585,1180,122,30,252,524,477,4,194,1778,111,914,300,1124,600,1196,147
954,1,184,1196,1515,18,1347,1497,168,253,44,4,587,3656,94,1372,29,26,104,614
1,3,200,1384,30,129,194,229,149,170,155,248,1989,1993,1306,614,235,153,628,18
2770,891,18,6,0,629,65,88,1816,1631,962,1145,3,675,1557,645,891,485,373,1872
0,1345,261,7,834,1295,87,2244,953,281,1813,301,143,276,439,1918,899,1256,1173,4090
502,1356,106,782,1,414,1165,290,24,2157,1120,69,480,489,172,3,1260,681,359,1825
537,781,17,2544,2180,16,262,27,317,269,1298,834,1165,513,1202,1521,2288,1470,0,958
26,890,135,2414,367,125,225,68,250,0,297,74,472,1283,2359,2542,341,206,308,1507
0,762,1835,36,144,110,1032,1048,144,236,1298,774,788,918,1007,780,2269,984,1046,0
476,2093,2573,1102,1331,430,535,82,768,558,185,571,40,925,51,338,58,263,499,21
2764,958,2035,1321,2557,2266,1280,1808,120,2155,1194,16,765,639,366,52,86,4893,753,1963
1211,2308,3831,686,1821,1908,1,820,331,2,1138,2850,621,130,1254,545,927,182,17,1281
1273,254,664,3395,902,85,1369,10,385,1620,57,1,3374,972,2527,1865,1901,284,77,1199
687,3713,3775,59,535,744,12,37,314,47,3497,1234,0,772,357,1121,804,1889,513,1433
233,85,597,235,3,1250,236,34,131,33,694,624,1041,720,4887,135,329,2537,1048,147
248,1017,266,38,14,3853,0,504,534,0,215,884,2548,70,1158,473,682,4044,1862,1960
1351,6301,1692,470,1618,1323,690,2427,9,1709,629,314,958,5277,2613,1805,778,410,285,2140
