-0.9462995738993878,0.014205013659171487,0.8514424964241469,0.9407433283662198
341,541,794,199,2023,2,167,102,13,1740,298,509,129,902,787,1526,1690,36,1065,466
261,382,234,644,1500,6,251,2534,416,95,846,1951,59,752,144,0,1151,498,307,366
208,324,643,1819,1861,264,430,1155,1294,1889,2187,2396,2344,280,36,853,1154,85,865,970
584,1149,1257,407,2802,1268,934,963,397,1441,1586,3686,803,38,1154,576,620,451,698,793
611,513,2887,1117,311,778,1527,710,772,1625,395,366,1178,6,1446,1792,1397,707,594,484
991,915,384,556,684,848,1040,540,1911,57,194,615,1773,1037,586,145,197,516,1679,548
878,0,6,891,1000,1576,393,1593,2122,1848,400,1349,2363,172,1897,1477,2150,694,0,1319
1619,751,514,2587,525,568,554,1514,2482,867,569,2111,1237,86,3925,1114,549,309,1459,1438
398,114,892,1134,266,860,0,56,1872,2477,3374,1657,1538,888,57,4426,466,6,522,990
1680,836,533,707,2515,2896,1607,263,1137,1046,352,1757,999,1150,554,394,169,960,874,305
497,106,1777,338,282,350,954,875,5199,1330,2169,1984,1404,21,3242,513,4,811,380,905
649,95,557,612,535,910,2409,0,512,1857,390,863,263,3002,625,1875,403,4715,3049,292
2203,2779,889,1585,2789,2789,744,662,955,2384,1573,745,417,1611,1999,1359,763,1260,586,2724
1367,1038,1126,865,1112,1458,3814,1632,752,2288,622,0,644,1599,127,1614,525,1605,613,53
661,352,1670,20,953,699,529,2077,4850,4398,560,653,1432,678,30,895,221,1897,484,91
109,228,665,2091,385,164,110,1069,2151,2272,720,865,1018,338,711,737,213,1295,3280,1343
223,856,491,42,1278,169,29,2510,326,566,473,880,2024,594,528,790,235,2786,1104,1154
998,18,999,1185,123,404,188,440,727,660,940,2650,1380,499,66,536,1093,990,536,1406
148,44,639,667,1991,1114,2066,1517,95,597,794,374,286,757,1347,1503,138,262,479,265
351,468,470,1818,296,202,1536,1914,1068,418,328,284,577,1326,1,645,331,1092,274,260
