-1.2555971116690932,-0.0038399442139543352,0.9360699914145469,0.9154489642174543
26,1243,2197,591,2390,463,2285,373,0,780,363,3625,642,138,3331,1588,442,0,22,2672
2896,31,946,28,526,1000,24,805,1036,1085,368,272,515,2995,799,1659,1710,3100,340,160
1030,145,629,2063,975,2587,205,2241,625,553,790,1497,60,7,181,52,1198,816,1226,1599
151,1220,721,349,1189,63,13,90,637,206,90,6145,3736,16,437,3720,382,811,0,14
826,2698,1812,1301,1136,837,369,1659,1592,942,351,166,67,335,3155,681,53,49,38,61
1753,506,1397,277,2229,938,1205,981,44,1572,1308,545,792,696,958,386,313,32,1645,75
55,1162,307,544,105,959,2863,116,3,505,239,327,104,4,2334,587,1692,533,1824,579
3011,3679,1186,110,692,353,1627,836,177,2025,706,1549,867,644,1,2292,230,941,137,908
569,800,196,0,1725,96,638,657,955,1342,229,874,1073,46,1741,1590,499,196,165,1381
12,145,1820,5145,631,124,227,139,2130,1188,355,2720,38,1828,1294,232,0,956,1145,1765
1200,1412,44,299,1325,346,317,367,1556,542,409,359,1842,3116,775,21,264,447,1,1760
0,399,196,2213,301,2450,337,1965,205,1801,2418,506,1972,309,124,1382,45,1265,358,289
707,733,47,2674,1003,3880,386,1121,795,1828,2137,10,328,970,531,278,501,175,406,259
4,0,36,802,271,130,1516,1018,1040,2474,88,2,720,178,152,343,100,1152,661,719
87,804,333,2191,1590,208,2374,1399,1022,4856,837,743,202,26,3269,638,380,1906,364,562
2273,1923,1889,1129,60,412,140,1,7,917,8,118,2,455,3785,685,977,1934,22,3653
38,1770,866,638,1314,601,4709,2384,111,728,1712,2590,942,117,1463,2521,4778,242,547,3467
319,614,203,723,1017,2620,1622,2258,471,48,146,187,532,245,960,20,3731,0,1282,1
41,1409,243,453,4612,267,38,149,0,2604,685,530,172,526,2684,129,533,1072,2389,924
3447,30,1962,1943,163,4181,249,1384,2883,3332,2368,78,909,46,781,1955,1948,37,1372,749
