-1.424406210129724,-0.0031173787233199518,0.9022719240164111,0.8502783478171798
181,1257,284,738,424,1385,2517,1189,414,103,748,361,141,1828,539,41,235,459,42,1247
853,7545,773,2613,759,5435,360,60,565,445,29,2409,324,881,1657,3655,1046,186,62,4675
412,2852,2733,250,547,1774,246,505,5,1232,1919,5344,1624,57,25,368,9,310,326,27
297,72,2562,613,935,372,176,2104,353,10759,1180,67,1484,92,173,186,3,1481,1488,781
331,685,4777,0,63,1494,266,4140,485,843,1580,405,297,146,117,18,644,111,329,73
848,596,361,709,240,509,218,24,326,511,605,1406,58,660,280,4893,1276,30,21,152
256,79,221,172,168,234,336,23,496,560,2712,1479,11,11,206,758,272,193,1565,4969
961,625,5390,306,122,337,263,665,942,14,2293,4052,118,362,655,55,251,0,1566,0
391,707,3412,416,971,1321,2196,346,211,833,493,22587,599,0,767,10,18,2570,559,790
23,338,1802,29,2124,1324,257,713,97,685,157,307,261,2490,93,472,209,1051,317,15566
2885,174,321,553,115,98,3835,116,2068,3,3406,2832,730,4254,2707,35,62,189,120,2
152,537,688,5099,227,612,243,442,916,580,163,702,1480,2250,70,1005,895,98,2192,699
65,336,109,0,45,120,297,1751,167,251,135,1385,1370,142,313,92,338,0,537,4394
512,249,354,2792,16,69,69,681,469,1701,89,137,306,813,62,1514,350,898,3394,227
18,506,25,1498,296,841,50,12,515,194,0,9,17,7,0,689,108,2860,75,840
205,150,807,310,7747,881,2,883,151,11031,779,578,224,525,1290,992,110,1853,8,3274
5174,958,274,777,536,0,254,509,134,33,599,7826,46,1198,737,643,229,177,606,663
159,1029,1026,740,368,25,187,29,1255,415,9,437,97,2770,2088,714,945,200,557,270
129,449,139,85,100,292,925,179,809,548,31,1058,867,308,239,384,492,1507,5,305
39,3747,1050,264,506,749,439,1071,4,1208,131,1,130,26,894,1886,77,0,13,1593
