-1.7989865362018076,0.006010994154307614,0.9485512470191271,0.8499723333527127
515,549,1647,587,30,1532,5,284,258,1,1044,387,1188,222,4,25,13,900,253,9941
343,84,729,0,238,3287,61,56,226,1414,203,11,1772,3172,3295,80,3035,220,6,1035
753,56,787,308,297,641,457,164,0,1253,310,63,2087,86,1009,69,871,171,487,171
6,328,0,1214,204,1,3732,2,259,526,1,2664,6923,1691,103,468,3590,1644,112,4454
835,359,1324,1522,18,3,1219,76,514,22,61,201,15,1743,6711,1518,1,701,5911,2540
3,967,1244,1,521,87,3,514,156,437,889,0,786,981,332,173,2413,1233,65,0
1503,65,1289,3166,283,604,2,887,1724,2160,791,0,170,201,2248,126,190,674,2388,76
536,1452,4,2,150,1104,2124,337,2727,2252,0,100,3,0,580,0,312,9,8,2
3200,763,1077,2742,4,190,1357,1977,589,226,15,1137,724,5659,411,158,593,20,1367,1063
16,0,10,813,975,296,190,225,569,229,3313,994,1071,3183,1645,104,1,7,0,12588
1029,616,96,54,2,1090,13,0,664,4647,33,29,30,1061,1199,2375,432,0,132,1128
886,700,15,739,448,1020,67,1083,90,1453,30,1133,69,824,537,4951,1521,49,577,18439
2440,2,444,5,666,3,74,5,479,491,35,937,1,354,195,9767,7005,289,285,2
5297,12,191,4187,198,5,88,1150,246,1273,2336,4,3661,1937,320,1020,9,1316,1736,150
2,4,3086,176,1,0,519,4686,315,0,290,365,44,124,549,19,1386,1518,138,875
1646,0,577,198,210,698,1465,1,4,875,817,317,20,2206,795,567,40,1272,796,1
1904,6696,266,11,0,494,493,86,187,177,58,87,58,298,474,1329,37,62,1008,199
4281,2951,2317,3329,361,551,235,564,699,6,300,405,5,917,3886,103,26,7,4737,1331
858,1,1908,2,203,15,83,415,2079,229,82,850,150,597,82,274,808,1946,3717,120
2,746,2102,191,865,1523,205,402,1,3483,1269,1162,352,1401,3,3431,1495,304,1106,93
