-1.0803111285334153,0.0027896514606954607,1.0003500555799885,0.9050691519018649
161,878,1075,3750,426,958,1454,1151,1773,405,1071,43,223,1458,930,203,3541,3702,3144,13141
3710,314,857,1438,385,71,300,3197,229,73,584,1165,941,68,749,58,497,518,470,1229
72,1567,629,259,1017,209,453,663,368,92,193,2854,882,377,339,1181,625,1130,5752,693
181,0,1944,635,1083,14,189,2393,122,276,0,0,2180,130,1937,441,1440,102,2947,167
272,226,765,110,703,3671,1726,18,317,1847,345,468,130,581,110,340,524,1584,1397,368
1201,338,433,1468,635,1731,786,320,963,1234,619,801,493,31,530,0,1607,437,580,706
1979,101,1677,845,2728,1633,235,321,794,4784,713,50,59,893,652,422,1421,350,767,669
1540,428,3819,821,890,461,0,774,98,1798,342,1647,1626,467,82,282,18,295,3574,400
1042,196,126,662,100,1322,206,596,100,461,1526,971,92,1137,241,485,1883,954,2103,17
666,83,65,953,865,612,837,406,394,0,635,98,228,1480,2349,971,863,463,1143,528
54,1055,554,197,565,581,552,414,815,0,607,588,1624,239,99,1745,354,596,473,1269
1839,469,377,520,1018,119,2325,0,7,320,0,224,1364,462,623,400,3401,672,0,167
2981,2139,429,180,512,917,211,142,771,1953,806,1235,816,861,261,637,1215,769,1746,190
112,729,2090,0,2276,125,431,4940,10,822,253,1125,1314,3511,810,151,1139,226,557,82
649,1292,256,826,1586,675,1501,770,127,390,702,431,132,886,323,2271,1976,1168,800,780
7403,158,50,222,18,277,2425,180,1927,7183,234,743,412,519,137,164,73,272,449,663
2252,1263,186,724,17,522,328,815,3139,365,1171,3429,272,241,568,2048,197,979,2140,162
7266,577,2937,6,209,354,91,2089,2032,495,3142,2773,130,205,246,786,0,1523,1122,125
314,532,1934,1763,41,463,1252,515,281,0,667,1209,68,140,2032,379,59,1323,6343,297
1818,2497,1791,1094,3143,922,872,368,135,3746,853,276,653,1209,172,2360,1370,6922,310,84
