-1.8824443269760989,0.00605664238827204,0.9486972775651598,0.8502376633207922
1057,422,1059,575,27,120,14,97,258,1,1142,399,1142,222,4,24,25,287,236,10341
314,84,637,1995,225,2422,138,58,226,1580,209,11,1773,3172,3293,80,3048,47,6,3930
0,86,787,368,297,961,457,164,508,1100,310,130,2087,110,676,58,1362,171,6,1
6,328,1203,11,312,1,837,3,259,510,1,1371,6923,80,103,468,3096,1791,82,4454
835,359,844,1481,18,3,1219,131,774,22,61,1,15,1888,5,1512,1,61,6331,2540
3,1450,1244,2,201,3,3,209,156,437,889,0,786,981,332,189,3658,2229,3,61
508,1028,27,528,283,604,2,881,1724,2160,791,2,7341,241,2248,126,1,574,3807,76
1131,2056,4,2,394,2181,2110,337,2727,2232,0,77,19,0,580,6978,333,9,79,2
3200,763,24,2742,5,227,1497,2028,577,199,14,1135,718,5300,846,121,593,0,1367,1352
17,6,33,932,975,605,462,208,562,0,3583,1879,1022,3811,1645,104,1,7,1,5610
1814,518,81,0,2,788,42,0,157,4808,8,1,30,1061,1199,2375,374,671,172,1103
932,3757,45,656,448,1018,67,1072,103,1683,1,1133,79,732,525,3532,1136,90,148,18439
2386,2,444,7,676,5,74,5,29,518,0,724,1,84,195,10147,6533,292,407,3
5297,12,191,4160,198,5,1,996,138,1275,2336,1723,3849,692,314,1020,9,1316,1336,150
2,4,3151,176,1,0,519,77,548,629,290,373,44,136,590,19,1516,1518,138,800
1646,0,594,25,210,785,1417,1,431,752,834,317,20,2360,368,567,70,1272,946,1
1904,6687,130,19,0,883,67,86,104,177,112,81,95,441,474,1357,552,62,1001,285
4271,2322,2303,3465,1686,31,235,256,31,8,576,405,19,912,3886,80,26,7,4703,1331
858,0,1665,2,203,21,208,341,2378,229,82,681,2788,597,340,483,69,2201,3703,132
2,716,3786,587,1038,1546,351,788,2,3483,1269,1162,352,1908,3,3431,1145,304,1696,93
