-1.546918807119648,-0.004596350476462971,0.8520560811991309,0.8588787027246736
1348,0,361,1481,254,899,597,207,1,364,1548,2,0,54,1198,92,1850,77,560,0
252,1796,1193,454,1423,4424,66,926,325,975,16,2747,1205,102,911,962,145,509,91,180
91,0,1530,1055,6,0,1089,1255,2447,549,11,1340,0,1675,285,1539,2935,1147,210,1934
369,242,97,563,15,879,411,1786,317,0,344,2167,161,1272,64,2830,4866,168,18,20
111,3314,1411,198,852,1349,1388,131,3448,87,4,1294,443,152,0,997,223,478,152,25
236,555,1324,123,4,915,226,837,6140,2539,1778,196,175,312,1013,539,184,1161,191,330
301,492,513,2832,234,1362,7,24,92,1040,279,1298,136,58,113,18,109,945,6904,25
859,59,9,156,785,1140,99,390,4533,70,1748,2138,1524,2812,1770,9149,21,1822,182,814
54,172,594,121,2870,326,1830,69,1,864,8,15154,182,64,1358,1978,310,868,0,184
1017,1459,1405,3,110,1493,1672,13,3594,2319,16,317,46,6433,695,242,1897,0,23,8757
59,1947,0,1470,1426,3080,3,2922,399,98,3059,265,102,150,781,281,242,34,522,48
1281,4494,115,2843,1418,2325,1407,565,39,2818,540,28,719,115,932,522,240,28,714,1041
380,225,522,5659,212,104,47,1055,3,234,53,1872,2182,1099,425,10529,40,762,0,415
21,224,596,1299,2211,736,343,1774,545,3700,31,60,1595,130,11,252,35,63,556,131
446,5,1165,1900,953,861,1473,1255,98,1564,372,270,694,1986,44,67,1620,187,114,677
7,61,231,172,0,69,1316,448,173,4318,1369,12,1917,185,273,216,1455,1483,6,1590
2,7,4,0,103,0,2576,547,129,37,9328,1398,272,79,205,563,843,2459,281,409
385,622,89,35,1695,260,291,682,87,54,83,26,106,806,1455,430,461,1607,478,46
567,742,470,173,278,39,4835,387,2105,1331,518,192,5,276,889,3701,13,413,0,82
48,1012,177,2,563,620,1079,258,36,1207,5,11612,280,641,20,3646,3,2884,467,96
