-0.674518841549817,-0.0031579891571507346,0.9507297450240468,0.9611866825742131
32,748,244,615,1418,864,2466,80,1124,1486,530,1237,1895,2036,2153,2685,951,200,968,2349
784,1162,986,431,1266,1070,1269,872,1187,1538,125,752,833,299,1739,1333,630,1813,1386,1260
765,675,763,1525,41,1511,632,730,143,411,1031,322,391,354,539,539,445,1400,937,244
4798,748,779,1148,869,110,770,730,2174,481,1109,1213,2668,1349,1395,411,826,1131,2051,736
1083,2094,929,1171,438,619,659,1732,924,920,768,1129,462,315,4343,413,1362,202,1968,354
883,0,1257,627,623,1081,852,887,589,577,450,2790,348,1075,78,2374,1303,690,687,1798
816,2054,0,1926,3890,1046,1820,878,1187,1365,1909,941,878,770,541,840,1201,680,1004,1697
740,1046,746,705,453,781,960,792,770,656,974,826,518,506,228,2422,633,1161,935,89
0,342,305,1453,1988,1270,408,523,495,811,1026,327,1300,153,296,478,730,654,657,0
646,1016,458,582,752,1033,796,1559,140,628,410,1616,161,643,297,2307,303,1139,445,1208
3576,755,2083,53,1244,279,186,765,817,1084,1276,1594,1280,986,177,1125,1366,720,1200,1422
1439,1736,547,862,89,325,2263,166,44,605,617,1513,972,1357,340,171,1881,3185,1576,1209
683,1441,851,1566,1083,1181,513,887,2106,730,1287,973,62,456,780,1138,804,1734,788,843
1494,0,988,578,1336,0,1876,652,386,1892,508,840,593,888,549,607,584,1583,410,1126
625,333,1824,545,1057,543,73,226,1940,560,666,7,1383,1057,689,1174,948,217,1243,2171
1091,1307,1067,463,1435,324,377,2676,2415,1075,163,577,1292,752,1038,1070,473,478,1701,2292
2223,1219,1214,381,929,1108,979,232,1109,1360,1021,1446,759,344,255,400,659,485,299,3255
167,1525,1151,728,2290,43,470,632,1073,426,1741,756,1020,812,1328,0,398,1087,1329,255
1896,325,464,1874,1296,105,857,718,1148,1599,661,1996,456,130,1793,498,3615,2166,906,1409
223,1079,799,1557,868,1617,731,1459,1000,714,873,873,926,450,694,2055,714,1437,1861,1336
