-1.414563534641226,0.011616252134425702,0.8401025248743712,0.9020781692166164
710,19,94,218,3191,427,288,252,475,794,1464,710,567,223,8,1082,42,288,94,522
1,109,1219,1008,516,761,76,381,328,969,4605,213,48,96,63,2,640,117,422,475
1377,1248,651,490,1168,1073,9,646,3176,668,944,223,2867,1310,25,967,281,110,103,928
19,16,36,1180,2,1717,243,340,74,183,578,63,392,169,1469,1531,3558,671,1,1941
4,662,673,163,671,722,645,2444,1075,406,213,64,602,1876,1765,3676,357,3866,2163,106
694,283,84,1716,45,803,1559,0,57,760,363,1486,2745,903,586,3010,183,899,1515,1599
664,54,216,272,157,441,1577,335,3171,290,1425,158,2783,1,0,135,1228,1,1300,811
367,966,526,986,738,2316,5287,1380,616,2245,8,128,20,260,1599,56,461,76,580,1746
834,83,1360,0,1959,642,106,1906,258,2414,1109,3659,620,2460,1290,958,1020,1,226,1284
74,2109,6,3571,56,34,45,1576,36,852,743,1629,100,2505,2163,4945,3619,1943,189,1461
40,568,371,963,550,2626,1471,553,39,7762,1651,600,1836,1222,4,0,396,1625,1744,1
25,178,215,30,844,2854,2130,904,1800,356,651,7,4234,314,1060,18,1123,705,329,223
809,600,1106,11,32,553,32,4006,377,1033,7600,1767,57,466,828,4625,614,2156,0,756
370,641,1,191,3477,5,217,1480,2133,3189,4517,256,3166,2019,972,2024,334,240,1745,0
5372,120,215,1092,2269,9,968,1482,4652,1153,3114,812,150,770,762,945,235,325,1706,1070
1118,120,21,1068,2820,478,2541,444,69,3511,727,15,1517,1490,660,682,11,1910,465,113
142,906,1619,0,1068,1937,343,323,1963,8,1134,4488,282,142,417,207,531,8,556,1772
408,606,442,1900,26,2948,1,22,3272,206,623,1484,45,2196,3267,501,2276,485,86,137
241,2042,223,968,393,2,637,435,2177,9,1027,0,787,0,1018,221,268,16,4819,9
751,0,1505,315,225,2051,34,217,1797,765,599,243,1392,100,2410,1494,429,535,98,2759
