-0.9505868043576224,4.022359192036576E-4,0.848653833446881,0.900265771278874
100,241,167,2273,557,198,118,364,0,1920,1076,347,72,1329,1562,1573,459,738,454,1100
372,753,208,34,2126,1474,100,609,488,420,147,586,809,607,863,297,552,1000,402,4422
606,0,246,67,619,722,877,1142,157,71,998,1720,253,2339,308,306,488,556,223,224
554,448,26,1264,393,320,2146,126,936,0,267,551,194,739,569,417,327,549,189,804
666,1363,592,1179,778,1992,4735,1740,764,113,152,1723,1024,13,131,362,36,363,0,296
3067,671,306,1664,361,403,102,0,1319,1788,1393,2575,1088,1512,581,793,486,365,572,839
169,475,833,706,165,288,1406,424,86,9190,1024,476,529,1497,290,482,1084,312,763,3810
67,2154,588,270,433,1288,1542,665,276,600,1978,1326,2481,317,404,363,4042,1296,195,225
494,284,482,734,790,454,339,592,9796,3155,1102,523,1577,1140,622,1215,3162,557,348,327
1011,378,1882,11,617,422,493,1077,15,776,1043,1344,2608,556,1197,395,704,1530,706,540
160,688,568,351,766,0,273,427,50,6561,360,243,570,363,837,1301,217,1369,468,2581
292,829,7173,503,1247,1053,1007,305,1692,415,1244,234,1748,703,566,1052,859,821,38,2269
1440,371,707,246,859,746,1117,1249,593,962,1981,950,1666,743,584,1748,933,790,2688,353
209,319,1383,579,1216,200,4885,3567,1652,753,277,5108,864,1379,271,2375,275,1687,886,202
190,576,274,278,183,343,425,554,257,655,232,529,204,274,6572,1588,330,656,879,468
247,2059,337,759,1152,622,0,376,0,558,9875,777,864,1788,465,448,416,127,0,1967
113,271,1140,157,154,3438,30,2694,517,2837,991,418,1315,796,21179,538,912,2266,372,1105
1837,2038,746,626,858,1409,765,2595,248,480,525,905,1055,393,270,395,2516,414,1295,752
771,718,952,648,159,215,151,664,1420,54,1321,702,473,725,631,369,443,691,385,709
384,150,529,309,449,676,212,2634,60,358,898,388,1119,372,600,779,114,201,166,260
