-1.300090385442476,0.007557293788096525,0.9917996844710066,0.9084616474202925
1772,1085,150,660,254,386,3429,3337,92,2933,0,200,2708,675,1160,1402,432,1197,2132,5172
6619,1836,2873,128,1319,127,1646,1456,1842,274,688,60,716,560,5170,853,992,607,7218,408
671,1967,686,2024,68,197,210,589,265,1,0,933,14,10,520,5477,0,3778,2207,649
2308,551,364,1293,1485,152,446,332,398,477,93,321,1595,111,1303,676,1069,687,206,401
116,337,150,1721,1536,209,1743,1368,224,378,42,4,127,3296,81,4457,7,17,871,1263
1,173,368,1145,53,149,321,193,159,58,295,248,767,2230,890,106,1038,212,1542,6
1963,807,18,9,1010,408,30,79,689,1420,119,1049,162,256,1026,277,349,702,426,1872
1,302,347,11,947,1324,316,3459,884,283,1208,312,155,276,845,1853,0,1642,1173,4173
443,946,963,782,1920,255,1671,519,5,2015,1153,74,880,463,172,3,2007,881,560,1357
811,786,77,2118,2173,12,262,140,240,297,1241,1157,83,464,1240,1278,666,1734,1449,95
23,1146,513,2418,428,301,29,3,1517,0,302,74,1664,1412,2265,2542,453,1677,308,711
178,458,2955,0,1084,466,531,539,190,464,1426,774,3208,16,901,530,646,2604,943,0
930,4720,1442,1992,529,9,535,163,768,558,207,1741,40,1365,0,783,685,139,1037,84
2820,1478,126,1321,2566,2266,1190,1956,329,883,702,57,444,1519,100,354,1,3087,744,2447
309,2731,1345,1175,3805,1017,2,972,43,20,1207,1462,1218,125,1775,665,1278,353,18,446
1348,534,1786,488,1112,286,4890,3,413,0,1670,653,348,520,83,1933,2137,188,71,654
801,2001,4972,59,371,39,12,115,44,109,4149,1222,6,472,3223,380,1295,2594,1150,1497
233,196,419,0,3,297,235,55,131,36,297,526,930,1812,2029,227,330,1767,837,185
284,302,266,38,94,3853,99,295,911,1560,215,771,2672,70,1148,287,1069,4446,1552,1715
1895,2479,481,470,2215,1653,1335,2408,89,1538,1046,17,996,5238,2513,3211,399,24,589,1821
