-1.5704257741896888,-0.004802681453898462,1.0049878584903926,0.8508997909007787
21,395,4506,39,614,292,255,77,680,1025,74,192,4241,1877,14,140,949,108,2007,9202
162,893,578,1785,1673,1827,66,3451,59,796,229,102,579,386,184,202,6782,1898,255,655
7544,10,550,0,3976,371,316,2142,270,419,402,46,331,11,631,652,1375,528,5,419
341,23,212,3022,170,965,967,6,0,159,122,42,7581,66,238,808,2391,259,150,320
74,573,153,2080,147,954,1061,0,268,23,169,44,116,1907,75,559,22,345,6461,7401
2,246,115,49,1011,1658,3985,607,128,106,254,89,914,5,320,2,1056,2259,193,184
1259,472,156,406,300,2117,827,329,401,2020,2401,543,33,1403,8,63,10078,489,3841,414
1042,485,8334,437,1031,1579,135,156,2449,2460,6,472,103,6,1,913,433,63,269,207
3342,100,1124,2050,1802,313,1374,2235,1233,0,29,40,1341,1056,305,45,63,316,3356,1820
6,616,6,1708,817,935,140,139,3,681,727,2074,246,1925,78,101,66,0,436,1820
317,281,474,1679,735,1187,1828,0,0,915,201,1,13,291,505,1324,440,113,61,2321
959,5801,49,409,0,1950,2,893,160,4833,11,206,40,181,581,106,9,2951,562,1043
203,41,253,3,304,169,1555,335,130,237,1262,327,17,811,1117,45,677,284,351,165
838,55,93,220,18,172,21,1121,11,1518,3335,0,3131,458,1142,336,4,788,1591,0
119,456,825,782,63,1,450,480,1928,67,853,10,86,326,264,14,274,3513,276,100
258,10266,136,486,2370,447,45,843,320,569,1721,1524,4,771,540,49,69,1045,1263,35
4050,15,137,15,2541,1435,292,32,0,621,51,247,61,244,635,2490,540,3,2049,893
1848,6,1314,4224,743,579,295,318,2648,550,503,104,886,13,959,160,710,76,2362,1234
0,927,1691,6,78,504,105,111,2790,40,324,96,2914,466,445,701,154,670,64,375
407,3573,964,411,476,12753,231,94,624,2693,787,451,59,13612,18,6422,343,3844,111,2092
