-0.9607796159873359,-0.0028631043253110676,0.8569965290264729,0.9000007740110996
100,241,105,2273,437,190,25,413,2176,1476,1022,144,99,1329,1562,1104,5,723,491,141
294,1231,164,362,2126,739,138,609,523,395,0,586,796,596,548,262,770,1247,309,5721
255,373,234,1296,325,722,1233,1142,225,469,1103,679,253,1922,314,537,563,915,294,260
466,492,2482,818,393,161,1788,126,978,419,333,600,27,827,560,399,30,405,168,601
666,422,783,878,1003,2132,5177,1736,954,404,216,1989,385,60,131,9496,336,386,0,279
525,334,249,1262,152,469,96,281,871,1770,1406,2689,1120,1718,290,652,376,516,600,847
465,671,621,484,165,981,1472,494,134,0,1685,238,536,1609,305,397,1109,495,763,3663
94,2154,772,260,433,1302,1734,594,276,414,1950,808,2465,117,216,258,3470,793,0,185
615,282,138,746,820,240,288,214,10475,3155,1579,523,715,779,631,1679,3161,3097,601,327
2667,751,1501,1119,973,0,1112,779,15,764,985,1521,794,101,2527,485,916,1930,194,540
137,688,321,130,520,0,2470,427,173,6164,607,196,471,689,999,1398,331,1354,448,817
169,1098,7509,541,1043,1049,1040,274,1589,629,1393,247,2023,709,582,598,1141,1122,47,3749
1467,332,777,211,1041,746,1003,4460,370,1238,1621,979,1666,761,467,1748,1555,188,2164,353
393,1125,969,80,904,224,647,1696,967,753,538,5066,785,206,207,1972,1647,1687,804,201
216,570,216,194,183,420,336,360,520,637,232,334,204,274,7613,1588,211,581,879,469
247,1022,376,242,1154,566,4551,376,525,665,7370,637,864,1653,1170,448,236,21,0,1861
113,449,2984,53,820,3638,63,573,743,2617,894,534,1332,784,19897,269,1002,1804,542,809
1671,583,746,734,858,1260,374,3416,132,489,687,905,1055,163,269,776,2573,515,1011,553
609,788,650,0,161,331,571,977,344,314,1542,776,473,749,357,149,432,426,398,331
278,150,529,82,614,738,304,2410,103,495,593,162,1012,273,1436,1262,318,342,631,259
