-1.6890021798308856,-0.0023947517284221673,0.9991422568032142,0.8537913419393612
945,27,3143,1872,935,119,646,117,701,81,180,233,1285,745,12,246,96,63,194,5321
363,388,137,136,3637,2022,176,4832,616,879,63,4,826,190,3102,161,6771,2153,3,166
7885,184,340,783,1886,484,316,3870,0,287,14,10,12,31,745,5001,1402,94,301,110
118,8,35,4922,417,212,3095,6,356,427,170,343,8126,10,35,913,2401,358,5,282
20,12,297,1079,19,985,607,13,228,12,168,101,104,3893,21,814,5,181,7296,2277
16,1757,170,17,111,1,1378,141,169,333,446,34,1104,1398,183,78,1276,1852,45,21
724,46,1182,0,337,2034,1525,184,981,387,2133,608,253,1243,36,121,88,43,3052,620
2344,0,0,48,839,935,8,56,2319,2120,36,180,2,107,2,707,46,400,142,1
1794,1,156,2942,968,68,1411,1320,120,1,199,189,1144,1912,794,225,651,50,33,638
5,887,87,1048,2255,242,40,26,7,1141,544,1349,1344,3937,338,160,1,1,672,2236
956,476,174,1637,89,2741,1217,1148,207,151,21,1,303,337,1232,911,634,42,963,4680
534,3620,534,200,1109,2514,17,1138,29,1265,1,2,83,92,1083,1244,35,464,275,10916
886,706,175,336,1663,81,2728,652,0,896,1238,1410,3,1112,1548,65,1780,818,43,3
727,262,46,1412,1781,158,1,0,55,697,1774,238,3546,466,984,1212,119,232,1170,0
32,346,2965,1675,531,0,544,62,1,988,914,63,197,452,260,0,607,2231,462,0
108,6857,936,68,16,299,10,1448,156,1252,683,428,2,1958,939,269,1523,2886,684,51
1017,3957,116,15,2379,4,367,40,190,885,172,287,98,1163,268,1356,537,108,4230,911
715,13,2638,3985,3767,655,1036,77,165,483,313,5525,14,96,2668,1461,1706,115,1639,903
1,988,1208,31,711,503,500,222,2577,18,273,600,2260,36,638,749,144,3177,827,183
3126,166,3812,136,1413,20917,42,797,0,2360,12,389,105,8000,84,4000,482,3412,388,1270
