-0.7578150831530163,0.011878333336326636,1.0040708287027535,0.9515004352126076
1235,3251,1818,743,1776,1364,249,485,771,808,1097,3408,77,456,3309,2179,1433,2217,1377,12889
332,2053,474,968,805,545,1005,1076,656,1219,697,1245,2335,403,647,986,507,261,2195,1768
952,1126,391,1004,0,613,1234,2343,646,607,509,1158,1705,744,681,1388,1059,2038,1181,847
2680,998,130,827,304,607,1961,687,1298,300,1182,1082,917,225,617,494,310,1802,1117,1493
1964,534,407,771,120,388,412,252,481,605,484,977,2382,2151,538,647,162,126,916,1374
1541,1668,452,398,514,725,358,1897,592,1415,16,1407,891,1940,1069,1545,551,1631,675,346
888,2860,981,749,282,1041,568,1114,6,1051,1358,1190,62,820,1116,605,1110,809,88,635
2025,0,1676,90,676,1834,863,372,838,860,405,176,2191,1930,175,911,631,425,11,0
1683,1180,1357,1507,775,1777,1753,445,813,292,592,617,1102,292,814,359,1300,1171,657,107
179,565,518,1921,872,1336,16,434,826,1031,577,57,279,655,164,767,152,135,1835,182
1491,1781,1839,772,686,932,1152,1142,2313,453,297,146,397,344,653,995,479,2433,728,969
1087,1404,560,543,475,576,710,673,773,294,853,836,285,601,800,266,1660,1838,5,1423
364,751,600,882,676,478,153,470,541,871,136,162,1310,826,583,560,1211,400,1561,503
1614,435,2869,400,216,317,248,783,861,955,640,237,1288,430,853,566,193,683,1528,1375
2259,874,1148,142,556,12,606,590,670,490,435,1081,970,1749,876,1500,789,1636,366,1054
1341,472,1573,73,1077,497,1225,725,725,1157,787,300,1938,2586,13,705,534,833,1168,2732
954,1710,949,1655,1847,679,2810,131,574,0,1035,834,1154,1952,218,1151,502,877,1147,1222
1867,1062,1406,567,223,184,340,1515,554,1704,971,631,339,810,1071,1289,1518,855,2770,1012
1374,1085,1034,366,627,1207,1108,419,2297,583,15,240,2685,935,1079,192,823,961,1426,1362
4104,1083,1060,1693,358,585,1059,725,1649,845,3329,709,571,1007,460,1643,691,1983,2584,1993
