-1.4803059786157164,0.015743185827020514,0.8378811012345878,0.9030110332743528
1288,1425,1376,222,3191,380,53,276,429,683,1464,710,234,123,8,1734,37,288,156,556
1,1,7,1028,561,954,167,618,609,429,3559,213,48,100,1551,10,556,117,432,284
1274,819,627,361,429,980,9,267,2671,19,949,232,1956,1125,79,997,1,363,103,558
19,37,36,124,2,222,243,323,74,1248,407,78,392,169,1469,1523,3558,710,1,2237
14,662,1,1839,671,611,286,2444,1360,3,108,68,4014,1908,1896,3453,511,6980,2491,545
1097,544,84,1646,45,870,1712,269,9,760,363,1246,2745,909,1201,3127,712,905,1515,1492
664,369,250,272,1369,775,1788,348,3171,290,1231,158,2637,1,415,135,769,107,1300,1228
367,1281,535,1,690,2316,5287,1371,616,2245,353,182,53,70,1657,121,3,1117,580,1917
704,60,1564,1820,1959,439,1734,1906,258,2414,1081,1049,611,1257,2202,1405,1020,422,74,422
18,624,7,917,100,34,146,1576,1,1483,630,1489,100,2505,2163,1831,3836,1943,189,2590
42,135,371,51,1966,213,1423,548,39,7707,2110,1766,1836,1004,5,409,442,496,1744,1
518,61,346,325,692,2020,2130,904,1800,686,651,9,6478,346,68,18,3225,1081,364,223
809,600,1106,0,34,622,2719,4006,45,1152,8089,1467,98,1360,878,4117,574,2204,125,583
370,594,1,120,3672,671,673,1875,2470,3189,5889,393,2398,342,66,1487,560,240,1099,189
5372,157,215,938,2309,473,253,1482,5137,698,3099,671,970,1,1965,945,235,325,1837,1060
2152,124,21,931,2546,336,2541,139,69,3732,374,16,2004,1089,660,727,11,1910,232,111
530,906,1619,85,751,1937,493,289,1624,0,1082,2310,124,142,384,317,529,8,184,1976
341,741,1,1900,27,1602,1,22,1219,210,17,1372,47,1841,3394,548,1985,409,86,5
224,1896,222,962,315,4,1,439,2177,3,918,1238,787,748,1018,193,249,113,2934,9
751,1881,805,75,225,2051,34,227,1926,1417,1,266,1409,100,2410,1492,32,589,23,943
