-1.1420148546780369,-0.002021746810327083,0.9972272131970699,0.8985967382107841
447,4417,698,284,338,539,649,382,21,1658,1457,460,775,188,29,194,1001,35,998,16494
2129,293,34,598,169,4,797,89,793,625,228,574,678,119,1996,0,365,70,2164,1487
486,3531,1115,859,533,289,5346,373,2303,64,884,2985,2143,668,537,3017,1055,5996,1095,682
13,1109,162,97,2654,563,751,1763,1215,142,0,131,139,199,6162,503,1304,618,1232,241
741,265,725,973,733,0,871,185,704,1249,1073,604,319,183,517,437,292,797,1048,179
3343,1122,1048,2690,537,1805,1097,1288,1235,1068,46,120,1210,436,243,44,1047,765,312,2182
656,557,3244,1641,1568,354,380,369,762,1340,385,1,24,279,52,183,344,74,757,120
1591,549,3570,355,1434,0,815,1040,461,184,62,53,1805,424,811,317,364,438,2505,1914
686,277,602,325,1217,1162,1278,291,1219,395,373,9,2017,1,862,1,2519,1643,846,39
513,410,217,193,2049,104,86,800,284,272,182,42,117,770,1312,785,134,822,977,1776
870,1330,678,198,301,2459,572,326,1342,0,439,3610,194,676,1638,212,1028,240,70,1987
10617,237,136,668,67,1727,543,754,710,784,88,1183,713,881,231,1291,1007,2396,1856,838
1924,2632,143,2034,923,117,472,1367,536,1628,1149,842,1355,635,1026,1700,861,9,1521,174
460,1126,369,229,290,316,778,1167,433,454,1693,968,220,0,312,587,799,2298,651,647
1378,30,288,205,265,791,1254,1476,618,71,66,847,935,53,711,745,420,435,39,320
4645,540,38,100,501,847,2757,413,1498,309,221,851,509,1789,1310,306,44,128,1405,2430
245,82,9226,1330,392,377,3386,1698,700,977,844,948,2585,2173,208,1764,123,1143,947,2367
2297,873,221,683,347,298,326,157,2606,1427,3799,43,323,868,20,220,7731,1389,14,75
590,637,376,472,0,810,2481,499,654,1427,191,203,295,80,570,1121,269,313,166,96
219,3958,468,1188,560,33,4103,550,305,396,353,1008,935,190,15,1499,3827,6717,259,560
