-1.1207831446869119,-0.004166026089310565,0.9353819836348619,0.8506664852495224
1169,1474,796,1323,58,0,660,82,180,0,1960,556,736,276,1854,16138,83,806,397,1800
998,1859,828,1653,1515,159,311,2980,596,93,194,338,640,213,1142,397,753,238,196,270
944,249,313,772,0,2566,1323,7323,12514,72,11,1445,456,523,73,87,1506,457,293,8
418,402,665,404,528,520,452,303,246,543,540,449,12681,75,384,144,514,277,971,826
1351,525,222,385,0,398,89,1575,2138,295,475,269,1556,0,461,522,479,52,183,386
1698,234,131,499,61,987,117,368,446,180,652,314,354,16993,212,462,101,975,1022,302
388,150,1303,169,210,498,1023,577,253,803,1404,1701,154,534,1410,180,432,1271,238,744
2830,184,581,129,135,1360,199,1018,280,18,400,483,207,493,386,3801,918,1270,497,325
38,81,892,845,1121,670,582,314,581,918,2624,4133,154,367,20,188,1635,1299,1764,3999
349,477,706,47,88,910,711,2,1734,908,508,116,920,458,381,180,1133,1318,218,1575
587,131,0,2740,934,657,1367,563,646,450,144,45,1267,1284,35,610,1976,744,75,148
1662,163,913,204,254,1333,309,1261,2170,99,627,399,320,202,1927,1028,0,201,703,13799
379,1938,629,271,871,411,1979,1480,437,222,598,264,120,658,626,730,768,795,708,3869
728,60,776,639,1818,1073,1309,0,0,200,9277,1165,210,714,192,835,400,99,700,0
35,1846,955,2559,543,6,4184,126,1277,152,713,1240,463,377,176,402,4724,1117,154,637
539,1272,662,130,852,631,455,263,2063,778,822,83,237,792,91,548,856,891,541,0
353,4012,763,599,707,565,1451,475,481,551,697,82,11,496,314,453,718,322,4266,393
532,0,781,691,490,714,452,71,853,374,460,538,1245,52,1413,38,526,543,369,76
72,1969,89,91,134,509,673,499,0,931,841,229,304,1601,81,335,777,1604,111,1168
84,639,290,0,0,15071,134,348,317,156,446,1474,80,18005,230,66,599,1345,1129,13
