-0.8717612679384099,0.017872669835635804,1.0017785053641657,0.948657087981841
2690,2055,1041,1899,1103,2160,1664,334,2694,1332,1889,371,1359,151,2005,1358,1320,224,1899,6964
2084,1326,1743,1256,3373,683,638,1451,1303,786,1079,344,736,1941,1739,1062,2827,2321,1781,909
1618,1876,1091,1281,400,332,820,741,591,184,1094,1345,240,2385,1002,491,310,1278,1062,560
507,2145,1932,1645,2734,1426,306,1059,2431,485,400,0,895,2711,863,2519,31,793,1223,924
606,270,1497,825,1352,1013,1331,1324,328,605,14,0,1438,740,855,163,1527,1181,294,793
434,1655,1737,1863,970,79,124,723,104,837,856,777,1047,297,959,1650,16,1278,560,432
901,169,1501,1318,1287,1248,541,957,1207,210,313,1280,138,549,359,1134,1609,1318,1005,1334
507,341,2159,1318,348,146,2016,544,9,1100,826,1665,8,857,1048,759,170,1008,223,492
289,856,234,865,273,490,56,81,561,174,352,977,812,8,296,148,545,956,819,5
533,1068,273,506,841,601,17,899,1019,578,618,702,396,385,120,194,2405,1142,451,531
305,324,755,548,226,612,2689,131,311,413,2675,296,286,1034,918,1467,958,1199,1575,453
255,291,1468,512,3280,1450,967,210,7,776,4,1395,41,725,362,832,800,1141,253,780
301,747,533,2574,2,329,1557,424,182,1378,1051,1151,143,633,891,1712,652,142,557,1143
257,690,924,2426,1315,520,341,1343,747,94,965,1180,789,644,531,842,1639,561,323,462
1995,39,787,3245,466,1524,107,795,1315,565,313,1259,733,732,651,902,499,1975,572,419
1076,335,760,376,1474,1131,590,255,490,1533,182,728,60,827,1847,171,978,1072,3060,2928
294,823,1,1749,2554,344,1058,552,402,388,632,50,1075,1750,236,1959,2061,311,398,1061
577,392,1651,346,473,237,829,1499,275,437,1007,670,705,661,55,1026,267,31,6625,1670
2691,1495,1087,1075,767,483,911,2019,620,514,1269,446,1164,490,2830,1683,1162,1374,2012,352
2045,2393,1989,664,1951,861,2146,627,924,337,849,766,3871,1692,1033,1560,1643,494,2251,2142
