-1.4513303452141235,-0.0017549747938767912,0.8472912499990639,0.8499814183175757
746,809,413,2804,288,0,474,33,358,1282,356,13,1481,4207,1201,33,1742,844,563,26
2197,657,715,500,337,4580,845,886,426,6,1151,27,1078,95,342,1086,1468,1085,191,11
96,0,1414,1190,11,118,654,949,2444,772,78,194,3210,912,460,181,2840,335,1291,40
575,55,117,4019,10,596,193,1004,856,62,528,481,63,786,54,1503,1273,106,39,104
245,2578,2133,197,683,699,252,0,98,120,156,791,668,63,1053,2442,254,435,354,65
402,513,1042,168,2,1058,16,0,4668,5962,1649,87,53,119,742,659,210,1434,78,81
1680,210,217,519,64,2248,11,114,82,206,121,542,232,217,230,56,1086,824,6395,210
116,40,298,153,756,1639,7,361,6707,33,2789,1351,1555,2904,118,9089,127,1265,1733,814
543,214,853,121,2607,382,1874,1215,21,1735,882,25093,733,25,1375,888,38,451,2218,1499
749,1594,691,12,12,1493,195,1508,2472,1668,73,31,620,5815,1533,265,23,54,120,9507
69,1475,635,8,236,2615,1100,9673,587,51,5135,136,31,17,264,429,386,239,245,179
219,2561,1183,4535,397,2162,1274,129,400,3315,1659,1576,641,106,168,201,4,100,68,1855
234,594,469,84,135,126,2563,759,3,142,440,0,2126,209,324,10299,7,738,0,378
26,573,23,1064,769,933,752,1274,235,4271,0,87,52,1595,29,288,710,20,1245,127
514,24,265,1063,587,958,197,0,1420,1910,139,119,569,0,58,628,1713,1065,255,919
369,55,365,164,106,886,1561,195,58,4318,686,81,585,696,40,577,1269,639,17,830
5,2201,5,0,103,19,2577,284,204,57,1,1535,89,214,201,563,1128,730,238,11
132,131,499,139,5055,321,155,595,171,190,192,177,13,1800,2206,492,706,190,522,278
507,1290,511,1110,125,189,3706,109,2105,539,1128,489,13,108,634,3139,0,633,1899,182
471,1476,111,0,568,990,370,135,163,1125,29,11370,1066,230,1922,291,7,1817,1389,73
