-1.1099430891267568,-0.003591465437075215,0.9379281255495251,0.8505011052591642
1169,882,796,1323,58,423,660,36,180,0,439,344,1169,276,1854,16339,83,872,410,1800
998,789,828,885,1515,172,311,2980,596,250,194,306,1168,1131,1142,1402,753,238,196,270
944,249,175,315,295,2566,1323,8393,12718,72,11,1445,658,197,73,87,1506,457,249,8
874,253,665,404,528,868,452,303,246,517,540,600,12681,54,371,144,0,277,971,95
1354,525,117,385,0,398,89,917,2138,295,496,355,1152,0,461,522,479,70,183,386
1931,234,407,249,61,987,117,356,446,176,652,314,484,16993,212,370,101,346,742,219
3976,150,1303,233,210,498,1023,577,253,803,1404,1701,154,938,1410,162,432,1271,238,658
2830,184,581,129,135,1360,199,1018,280,69,635,483,308,315,18,3784,1098,1270,497,325
1123,81,892,845,36,670,582,213,827,714,2624,3215,154,367,20,153,1635,1299,1764,3353
897,273,745,58,93,910,55,198,1734,908,508,93,943,458,425,358,1419,1775,264,596
587,131,0,2740,934,657,1699,558,646,450,144,45,1781,1284,25,610,1976,1387,52,148
1662,147,913,1259,155,1333,309,1410,2170,99,332,219,632,0,1927,1028,0,201,795,13799
379,1938,629,271,1009,411,2608,1037,0,222,598,264,152,658,626,730,768,795,658,3869
728,124,776,639,1818,1135,781,0,0,200,9277,1165,220,714,192,835,400,99,352,0
822,1872,505,2324,543,6,4618,126,1277,152,761,1240,479,377,176,250,1136,1117,189,644
687,1272,662,786,852,631,455,263,2063,778,822,83,702,792,162,335,856,1395,541,88
385,4012,915,599,707,565,986,484,481,551,697,82,11,496,314,453,718,322,4266,393
532,0,781,691,1073,714,452,1507,853,329,460,538,570,56,540,51,526,543,369,160
72,1611,89,109,134,509,673,499,0,782,841,167,304,1805,81,410,777,1604,111,1168
84,509,44,0,0,15071,134,348,317,117,446,1474,80,18110,230,66,599,1270,1146,13
