-1.6806352233570045,-0.0014913983498723003,0.9345820914369404,0.8516584263255017
92,61,1009,478,29,65,309,104,375,34,247,11,190,781,23,138,247,595,209,112
861,742,379,1486,2637,1165,102,103,1046,834,283,22,1090,97,2915,33,3063,670,1043,809
4489,135,495,270,1190,12,63,31,184,966,232,151,2143,803,750,14,1720,168,580,1
8,67,1014,28,247,1,824,93,58,1166,1,2097,6997,99,82,286,4002,535,75,4607
3,1601,791,3383,214,32,3584,7,431,39,135,1,382,4146,730,1438,3,214,6464,2766
18,110,1246,33,2128,427,9,163,182,460,707,239,882,219,385,82,2988,42,805,1
994,925,101,53,5,200,9,463,0,150,1022,4,42,162,556,240,12,1256,4795,95
963,366,9,33,358,1687,3198,0,1322,2146,62,734,3,133,1136,6907,22,443,28,312
939,171,293,1727,312,15,1683,1413,4057,52,19,3678,818,1866,822,4,737,1249,3813,2244
228,450,166,254,822,342,5,471,2,923,907,1359,3120,4417,1525,235,152,1,140,3677
1737,240,219,408,1,679,3321,1141,51,157,2,1,11,48,2123,7022,714,555,2000,1011
65,989,41,1567,1789,256,112,1479,1108,1854,1,3326,115,777,495,917,354,148,322,23917
43,4,185,4,606,282,959,3272,41,277,788,275,102,624,42,395,2409,120,290,1058
4738,2829,266,4595,330,46,18,2841,127,2002,1751,1064,3947,202,173,2460,10,33,456,679
2215,5,2527,658,437,25,385,175,28,547,113,220,14,193,402,16,31,1527,3505,334
815,124,812,39,1550,1025,1243,59,459,147,220,966,32,2144,107,180,261,931,855,13
1467,374,566,9,1364,96,261,52,448,142,2,47,666,475,1788,1408,516,1,341,644
3935,712,2348,4719,2100,45,520,14807,32,72,175,521,215,574,826,341,238,90,1480,375
765,513,766,26,198,37,300,544,1365,882,11,2296,4623,65,396,42,2344,3311,1120,133
3,694,5374,134,763,1119,94,788,5,4289,2091,1162,794,1582,137,2560,316,380,4811,68
