-1.6604359749972935,-0.003897378546969766,0.9405986584406226,0.8496411764818477
86,48,425,734,29,65,172,66,383,34,330,11,179,621,2,136,247,474,152,235
861,707,465,1466,2637,997,80,389,1104,1391,317,19,3238,65,3277,11,3500,671,1603,7
5689,125,488,269,1311,12,2924,138,184,641,211,108,2826,795,743,6,1720,112,580,1
75,59,2809,326,245,1,428,93,59,1289,1,1935,6943,99,67,286,1450,567,75,2442
3,297,1067,3748,205,30,3629,0,202,39,548,1,1584,4146,1618,1438,1448,214,9050,2022
29,131,1249,31,1717,648,112,169,182,266,850,239,804,220,936,120,1011,249,685,1
994,925,24,227,5,203,9,463,0,163,1714,4,42,740,844,226,22,404,1648,372
1234,366,6,335,309,1607,3198,0,1322,513,807,632,10,98,1228,6933,23,201,28,3
723,156,293,1730,309,14,1560,1478,6203,95,140,3678,853,1056,1317,2,458,1256,3699,2982
262,460,166,254,898,416,5,405,22,1027,522,2146,1456,4540,1012,98,63,1,149,3322
4375,339,199,125,1,652,1742,1111,48,67,2,1,13,58,2285,7022,984,362,2002,1649
4,733,38,1548,1430,256,117,1479,762,2017,1,3502,115,836,194,931,218,152,322,24247
43,4,166,0,695,9,264,4581,40,316,269,758,83,336,42,509,2409,104,259,1049
4738,3148,287,3922,394,63,4,2841,126,2028,1831,1065,3792,201,157,2273,10,133,420,705
1850,5,2673,682,437,157,102,183,170,353,113,302,14,202,394,7,34,1527,709,164
633,124,390,59,1759,1043,1238,35,356,423,77,1053,32,2286,750,99,164,41,861,2
914,374,566,7,1210,98,351,53,453,142,0,53,649,475,1919,1408,500,219,332,827
3999,2275,2348,4719,2115,70,539,14510,32,29,177,378,186,574,815,343,149,7,2063,358
481,311,456,442,493,15,300,600,2204,1031,26,1413,4623,120,357,31,2344,2873,236,71
3,3595,4174,50,671,1133,100,788,5,2784,666,1050,443,1677,137,2625,318,402,4846,34
