-0.9426244784275011,1.7284629333218218E-4,0.8491980878073105,0.8989839586439718
100,256,167,2273,458,208,61,452,2177,1629,1022,0,99,1329,1562,1104,581,738,473,261
562,1030,164,34,2126,739,138,636,523,306,0,586,971,596,548,229,552,1247,402,5721
255,373,250,780,243,722,1233,1142,157,377,1103,309,246,2334,314,541,488,615,171,263
466,492,0,818,393,304,1634,53,1044,585,267,591,194,827,499,399,131,549,180,601
638,422,741,665,895,2954,5186,1283,926,75,152,1989,812,60,131,327,336,376,0,294
3061,335,329,1262,560,469,96,281,254,1712,1393,2689,1046,1718,290,793,349,283,577,847
465,739,877,784,165,977,1472,493,134,9103,1685,481,855,1609,291,397,919,495,763,4309
94,2154,588,260,433,1288,1734,594,276,414,1713,1490,2465,117,216,258,3803,793,0,185
428,452,138,734,820,455,642,214,10411,0,955,523,1342,779,583,1497,3532,3097,373,323
2666,580,1555,11,973,1061,863,1070,123,751,985,1521,419,563,1646,389,764,1930,441,540
137,688,318,130,766,3155,2470,427,173,6463,360,196,471,327,837,1301,331,1354,448,817
292,870,7509,503,647,1053,1040,274,1540,876,1385,747,0,703,582,1338,1133,855,47,3054
1467,332,696,246,1041,746,1003,1278,366,938,1630,989,1666,761,467,1959,1555,188,2164,353
138,99,1326,679,898,224,647,3840,1565,753,322,5014,785,534,275,1765,350,1687,1067,201
216,576,216,194,183,466,510,433,517,637,217,334,204,18,7393,1588,295,662,879,469
247,1022,376,242,1154,566,4495,288,525,2688,9852,430,864,1652,1763,448,362,81,0,1846
113,325,1371,201,72,3638,63,588,743,2383,991,534,1332,784,19781,670,999,1804,713,647
1563,623,746,599,858,1427,382,3413,314,480,537,905,1055,157,269,408,2749,462,988,752
914,763,650,708,786,214,430,659,344,219,941,702,473,725,357,369,1414,454,371,359
342,150,529,54,703,625,145,2462,107,362,669,310,1119,273,1436,779,318,342,166,259
