-0.9738643629470541,0.0011709507309308827,0.8452854274880693,0.9011023470174657
100,254,122,2273,1853,190,181,84,2176,1592,931,506,99,1329,1024,1104,19,829,473,261
325,1030,97,34,2229,739,138,609,523,306,0,517,809,596,548,234,552,1247,404,5721
255,373,43,884,243,0,1233,1090,157,377,1103,679,1217,2438,20,464,3949,915,171,261
466,492,0,818,393,304,1621,64,978,533,267,597,194,827,499,399,131,549,183,667
666,422,743,843,895,3310,1710,1736,926,73,152,2263,1131,60,350,327,219,376,0,294
3061,400,329,1262,341,469,96,281,871,1770,1800,1521,1259,1718,185,793,376,283,577,847
506,967,597,784,165,977,1472,1308,132,9186,57,476,317,2108,291,691,1100,495,728,4309
94,2154,588,262,369,1288,1734,594,173,703,2104,1490,2465,117,216,258,3813,793,0,98
428,452,138,470,820,455,642,214,12808,3072,955,523,4624,779,631,1510,3532,3097,348,327
2666,126,1501,11,947,1061,411,1077,15,586,595,1521,419,556,1646,395,764,1930,441,520
137,688,856,130,1488,0,2522,427,173,2009,360,196,177,1955,395,1301,383,1354,448,825
292,870,7509,503,1274,973,1040,0,1869,575,5902,247,2023,703,582,1338,1133,855,47,3054
1467,332,912,246,227,746,1003,1278,435,877,1526,1003,1455,761,467,1748,1555,188,2226,145
138,498,1222,611,898,224,495,3540,1565,701,271,4371,915,497,271,2951,350,1687,886,201
216,576,216,194,158,355,0,433,520,483,232,334,204,274,7393,1588,302,931,1148,469
314,813,368,242,1154,566,4495,376,525,665,9852,637,864,1649,1361,456,362,81,0,1846
125,325,1140,201,112,1241,63,820,743,2677,1055,534,1332,784,15104,643,1565,1804,713,809
1105,583,477,599,858,1427,374,2668,314,911,537,905,1055,163,269,408,2573,852,1470,752
771,778,650,708,159,214,430,659,152,306,1256,672,226,725,357,1064,748,426,398,256
342,136,529,265,958,721,145,2410,210,362,495,310,1119,273,1436,866,318,342,166,247
