-0.31098955020043717,-0.0028650011759750586,0.9216199302371769,0.9899235718339217
692,1196,978,1177,946,1315,846,616,1132,1349,600,541,911,1005,1318,1251,1275,1211,1032,933
778,1009,1177,613,627,575,1857,1170,468,1188,602,956,1354,0,929,907,1153,1270,1157,834
420,821,1073,1159,1312,680,1741,1568,1186,581,2321,1624,821,975,1608,1057,922,1501,465,780
712,819,1066,570,1076,565,731,520,1150,442,1533,946,1294,820,600,858,658,1074,1429,690
835,1120,1108,1275,740,985,719,956,793,977,1686,902,1439,1006,1241,1438,1143,1185,1737,972
1579,1476,1490,1336,830,685,829,618,1053,915,916,908,1245,964,1461,578,818,744,725,696
1088,864,1228,1189,950,652,1337,1268,945,805,435,523,1240,892,1293,676,724,1090,1046,733
915,1520,88,671,1216,1085,1326,851,1321,748,1307,1290,1323,687,1958,1314,776,1139,649,835
904,801,875,1005,988,1182,1456,1445,1115,903,758,1103,1276,953,615,772,692,582,1512,1105
1065,1120,1279,1162,1066,541,324,1669,1125,791,850,589,1147,569,878,917,1042,856,741,1261
1396,776,968,1475,1645,1313,1342,1162,1114,814,608,1065,1458,895,909,917,809,1295,481,668
1508,982,815,838,586,1115,1122,1171,1205,1165,785,616,996,1122,1487,1417,1617,528,1050,683
1098,1022,1016,617,820,224,1201,974,967,578,601,806,934,1355,1566,1328,1424,1807,915,1081
783,1220,992,1317,1282,1376,477,881,668,849,965,745,1055,1327,746,889,690,693,1285,621
834,539,1123,818,679,615,889,1448,1384,987,1289,370,1369,1045,811,928,644,1287,723,969
1026,945,1110,929,1135,929,822,1452,601,905,663,930,1299,1025,812,787,870,1601,1253,677
308,1431,1194,1252,294,998,764,641,1047,970,1024,550,1259,429,871,1081,738,1305,933,646
1439,1050,1198,1312,1187,756,782,961,1342,1304,890,1764,1278,1077,478,1035,1119,1843,1739,1111
711,1313,1256,1099,1376,1845,1091,804,518,939,743,1162,610,512,512,818,1881,748,836,1035
560,923,1010,571,0,1103,628,487,815,917,557,573,1161,1559,911,940,1415,688,1460,1064
