-1.5927011437487157,-0.001042908483476569,0.9016137679022399,0.8499066717080778
1108,33,1098,311,1328,971,538,56,76,131,1500,18,3279,94,2199,208,1494,96,107,6956
1625,350,882,75,282,3373,472,7,112,26,78,1132,1196,0,1051,614,738,90,2,24
182,4007,82,28,20,655,28,813,1993,937,1091,11,2822,2850,107,413,1593,515,1849,533
169,59,82,328,447,543,1,2690,460,2241,1015,634,138,482,4,2432,2660,47,103,12
335,746,341,25,150,2106,392,2062,1573,134,709,514,301,5,52,1466,48,489,51,101
561,3,824,367,18,541,436,156,2193,920,34,7,2,417,78,2219,199,888,1,287
528,123,385,3163,135,104,1253,452,151,676,11,803,806,427,264,987,573,687,4858,6373
2461,2,351,1812,457,1198,83,393,0,1580,1147,495,56,184,897,8940,125,559,578,265
422,2598,108,60,276,1529,1630,1,238,1202,254,21741,439,0,1547,2460,227,0,6225,224
274,1644,336,952,308,821,144,86,41,2285,3,1571,73,6643,3538,15,1,15,158,13284
89,161,963,2132,223,724,125,149,118,151,1223,1452,1102,33,2572,505,253,926,211,129
149,4057,736,1487,2,2257,1876,819,3,1310,2,681,0,1,909,2479,927,82,22,5438
1140,1941,1259,2,205,36,2871,858,9,24,399,104,2014,269,124,10337,215,433,802,88
960,424,384,1276,734,59,179,2274,5,3529,56,73,671,1099,193,1873,34,45,970,240
508,477,1017,1463,781,729,25,270,180,2930,304,0,747,295,317,81,1496,471,651,978
22,1472,319,719,69,2,834,87,1,4754,0,323,1227,1081,163,1787,536,2242,15,973
5,945,542,1206,105,59,9,4218,1160,525,1,9,141,110,209,1477,439,954,2016,627
117,287,1038,7,280,232,334,555,169,33,1760,193,235,687,2698,249,13,146,647,105
2322,275,262,164,1594,0,2719,60,4382,238,39,799,2307,1132,405,166,1087,225,2294,10
627,262,408,646,143,403,711,2734,176,2150,62,14613,813,211,5101,266,1188,3770,565,81
