-1.4202900088758954,-0.0013587994131226391,0.9880037888812391,0.9041993338335473
1530,1118,484,1279,275,146,5816,2346,377,1168,1441,663,4331,1473,53,2115,404,1244,605,5847
2425,1845,3934,11,1716,193,1543,25,101,447,805,1438,147,26,5087,556,1165,490,655,1528
471,4285,409,1927,169,750,325,60,23,374,1120,2521,566,1240,935,1203,103,3782,990,13
2748,86,228,743,3061,771,311,137,893,2355,4,648,1715,67,11,1039,1377,100,733,1898
865,1,1,758,1306,55,756,1699,385,484,36,74,171,1680,165,1476,20,25,1803,135
1,7,13,922,293,26,475,157,317,189,118,65,2985,579,1660,371,561,6499,1237,62
2771,314,152,77,517,619,33,790,1411,1591,526,1211,4,11,2289,1060,832,139,30,1504
2365,2566,815,91,848,2043,443,831,1340,342,1430,8,288,365,212,2651,959,79,1710,2681
1330,566,44,2753,4,214,3209,492,10,2010,491,67,652,39,184,162,1527,841,604,1889
756,846,2,721,1492,0,121,741,283,557,1281,160,273,424,280,2095,1823,1890,113,227
70,737,143,2714,237,218,76,116,72,833,1117,40,113,1247,2124,706,1014,4623,1108,172
1675,633,3794,315,249,317,1575,2463,91,172,566,701,918,645,950,705,759,2726,20,305
426,972,1782,1368,1331,15,7,351,641,589,3,336,42,75,58,286,1266,158,176,8
1425,857,3,965,1448,2201,2188,2231,80,1384,1095,330,901,1342,130,848,1,3721,238,1885
1078,1997,4814,1154,1772,1,41,4607,210,19,1409,2108,317,106,3504,299,1469,630,50,691
2527,181,1,3310,506,970,1611,192,1299,727,60,8,2987,7,5,1877,897,304,42,135
679,8537,2377,142,583,232,167,124,575,196,2441,1079,83,395,386,654,608,1914,204,1267
475,157,756,39,30,51,295,34,1109,29,1448,666,1056,1247,3518,2,816,1358,743,2670
242,389,264,33,108,3741,1234,839,178,2865,516,856,2618,2,479,473,865,3549,998,2291
1099,5690,1586,933,1416,1056,913,1141,9,1166,6,174,544,4895,2568,1424,748,29,307,308
