-1.3510350913688558,0.010645584030339415,0.8347274834889113,0.9076221084412764
649,458,1376,431,2570,232,65,256,333,608,111,186,111,103,1574,1816,42,304,2400,69
45,71,29,804,579,138,208,465,276,2407,3635,111,0,508,1531,52,424,83,324,555
2,786,0,114,434,1083,318,156,2472,38,2422,241,2774,1131,79,997,1,507,161,84
319,588,37,735,565,216,339,340,252,1176,846,81,605,175,1608,1523,1721,1249,1,1352
9,590,396,628,661,1004,286,2389,1196,978,108,68,488,2246,1972,3429,358,6980,899,54
1097,266,167,4444,3,903,1043,231,3,286,139,1266,1701,905,547,4291,222,886,1916,1174
664,1145,630,272,1109,499,1383,308,3171,16,1170,184,3352,1,902,100,1346,1,1300,714
437,748,526,48,766,2395,6819,612,599,2347,234,1588,73,221,1977,967,3,1117,580,2123
1021,30,892,2090,1103,3114,1821,2802,259,2437,233,4736,1144,2929,2532,902,1020,1,180,422
30,976,8,3576,15,0,1034,803,857,457,639,1503,69,2505,2781,1154,3540,1893,680,1673
533,568,371,51,1966,224,466,0,32,7623,1831,547,1831,988,185,337,442,86,1441,21
644,61,95,275,1773,2001,2353,915,1762,341,651,8,2175,356,29,18,231,786,364,208
1794,630,3262,1,51,555,826,4006,21,812,6713,1504,58,1412,809,3620,614,2204,163,1061
1106,500,2,136,2277,644,529,1197,1197,3119,4517,136,2031,2049,66,2435,66,441,1085,189
5487,221,1409,1327,3089,9,382,1291,4793,1265,3250,678,866,765,1095,857,243,1035,573,714
790,124,309,1120,3702,482,3182,817,69,3359,1070,16,2196,1086,841,854,56,261,360,69
1971,615,1577,280,584,1925,1076,261,1441,7,2224,1318,191,142,390,459,580,4,149,872
327,355,1,1455,182,1935,1,3435,2142,210,1487,1334,1005,2220,1458,613,2073,481,50,186
256,1896,222,609,239,5,429,439,64,9,1136,1238,726,701,989,139,168,92,2612,154
447,284,899,147,398,768,270,301,1827,893,1,241,1392,173,1386,1550,20,551,259,2230
