-0.8727339764301488,0.02146151190863838,0.8493929732392476,0.9501182235948028
369,541,665,949,2010,408,504,89,1,1777,337,420,129,1520,865,1561,1964,36,344,640
261,382,234,771,1440,335,96,1086,525,181,254,2036,59,788,143,2200,1151,431,339,427
208,1080,468,1819,917,415,430,1155,1245,1412,2151,372,525,278,1531,1406,2306,963,95,970
680,1169,1129,350,2310,845,262,1043,252,1871,0,2066,863,38,567,724,1136,1285,713,636
611,513,2623,1117,287,721,2145,710,741,1405,395,423,1178,6,1446,1569,1410,707,2,634
979,513,1703,943,848,884,1040,540,1907,667,950,838,1017,814,373,171,197,240,1867,773
253,385,978,891,989,1576,389,1593,2336,1848,400,1842,2363,174,1671,1919,2236,284,368,1012
1588,883,641,2915,939,619,443,1514,2606,867,1429,2113,1835,1183,3714,615,645,205,1168,399
516,145,1501,1161,1098,2003,2416,61,1572,2736,3374,1657,1493,331,100,1875,474,2,1535,895
46,875,596,390,1890,2028,1810,459,514,1039,1468,1738,995,2231,390,369,2282,509,874,305
468,559,387,1080,724,1576,952,654,4461,1330,2399,2689,759,21,3074,677,651,1760,1210,304
826,1042,768,1069,535,910,2072,1350,962,2783,1047,842,263,2687,625,1716,428,4715,3066,361
1914,2329,308,1198,2295,2704,1220,1504,1083,467,3538,911,84,1823,1428,265,794,1460,105,2521
546,271,1111,979,1020,494,2136,1570,773,2288,664,1084,644,1636,127,1554,298,1080,685,53
661,498,1214,20,846,1431,732,2162,2914,3778,902,518,1688,678,82,834,192,1668,251,154
236,762,707,1585,550,164,110,1217,749,2204,496,865,1018,355,711,737,685,0,63,1292
661,825,455,172,1278,157,20,86,295,746,563,844,2108,561,528,1183,235,2801,816,1302
998,881,1095,340,696,903,188,319,706,525,883,2613,1380,509,66,536,1501,1154,536,2266
161,78,639,473,27,1251,2192,1517,172,597,1306,10,190,933,1330,970,138,410,652,1232
351,556,1601,493,453,2173,1519,1914,1068,769,334,336,828,308,1,786,241,1308,274,260
