-0.9411967259556597,-8.320797061075025E-4,0.8510335834557126,0.8997658614776538
100,256,167,2273,458,190,100,413,2176,1592,1022,0,98,1329,1562,1104,21,738,455,261
325,1030,164,34,2126,739,138,515,523,273,31,719,809,596,548,232,552,1247,402,5721
229,373,227,884,243,722,1233,1142,157,354,1103,597,253,2418,314,541,488,915,115,263
466,473,0,824,393,309,1621,361,978,585,267,591,186,827,499,431,131,549,180,601
666,422,741,665,895,3535,5171,1736,926,75,152,1989,1131,60,121,327,392,376,0,294
3061,335,329,1262,341,469,96,281,871,1770,1393,2689,1114,1718,290,793,376,283,656,1520
465,739,621,784,165,977,1472,470,134,8759,1685,476,536,1761,291,397,1084,495,759,4328
94,2154,588,260,777,1590,1510,594,276,383,1959,1910,2465,117,207,258,3803,833,0,185
428,452,138,734,820,455,642,174,10455,3155,955,523,1342,779,631,1560,3297,3097,363,327
3764,580,1509,11,973,1061,411,1077,15,764,985,1519,419,556,1646,384,770,1930,441,540
137,688,318,130,766,0,2470,427,173,6463,360,196,471,327,835,1167,331,1354,448,599
292,870,7525,503,1274,1053,1040,274,1578,575,1100,247,2023,726,582,1338,1133,571,47,3054
1467,332,777,246,1041,746,972,1278,366,938,1630,1003,1071,761,469,1748,1517,188,2164,353
138,498,1222,591,898,224,678,1636,1578,753,322,3968,785,534,271,1783,350,1687,886,195
201,568,216,209,183,466,510,433,520,412,232,334,204,367,7393,1495,319,662,879,469
247,1028,376,266,1154,711,4511,376,525,665,9852,637,864,1649,1163,448,372,81,0,1846
113,333,1140,201,117,2965,63,599,743,2677,991,534,1332,779,19781,612,999,1804,713,809
1671,583,746,603,878,2022,374,5536,314,480,493,905,1055,163,269,408,2573,462,1028,752
771,788,650,708,159,212,430,659,344,316,1394,702,473,725,357,369,748,426,532,359
337,150,529,266,703,721,145,2265,107,362,663,314,1119,273,1436,779,318,360,160,259
