-1.2050525933594942,-0.005449177156425344,0.9403167528066094,0.9209472492813727
213,1144,1992,542,2590,463,2327,373,78,606,1250,3625,881,86,2584,1390,442,0,22,2672
2896,31,946,267,548,7,21,633,1039,1085,368,271,515,2347,751,1073,1493,3050,363,1491
1571,99,488,1614,975,2597,282,2241,1230,758,1204,1398,60,7,210,819,1223,815,2053,217
151,1220,841,349,1792,10,13,90,735,0,90,4244,3736,15,437,3720,382,804,4,2090
632,2698,2052,1301,1115,874,307,476,1732,942,206,164,67,0,3155,681,53,426,38,61
1753,506,1397,330,2207,1369,1205,982,44,1558,2401,429,4148,738,691,424,247,32,1403,475
17,1162,347,903,280,959,0,106,58,112,713,69,104,4,1862,587,1315,2424,87,579
3011,3052,1271,117,692,482,1627,1575,147,822,335,1594,867,644,1,2308,260,941,137,927
644,800,156,515,1655,524,569,644,955,1137,229,874,1023,46,1718,1678,193,196,165,1381
16,11,1820,3311,1952,94,2721,97,2161,1188,355,2720,157,1710,1294,49,0,956,1243,1765
890,1412,44,221,469,177,317,367,1556,542,409,493,395,1611,775,173,786,2353,1,1760
988,399,444,2840,226,2454,260,2059,205,2249,1205,506,1699,371,135,1382,45,859,358,386
259,733,356,2483,1003,3862,386,193,973,1929,2137,529,331,970,225,1062,501,278,406,256
543,1379,19,724,271,130,1927,1018,1040,2311,88,2,720,659,335,343,100,1292,850,532
45,360,503,1906,1639,328,2375,1399,884,4856,837,887,202,25,3162,638,0,0,364,562
1127,1923,600,1129,110,412,140,118,7,1116,1,217,2,630,3785,685,977,1557,22,3251
38,1763,866,560,1221,213,4709,2384,111,518,3231,1585,703,105,1480,2782,4923,1081,497,3608
616,660,203,723,1132,2609,1652,2409,471,48,146,187,585,100,1154,20,1467,1292,1282,1
30,1009,1379,433,4612,267,38,124,0,2393,474,530,171,526,2689,129,480,642,2792,1045
3477,50,1885,990,163,4052,116,1646,2883,3621,2454,1245,303,46,831,1890,1948,612,1721,115
