-1.5855792424911883,9.514528392364309E-4,0.8888154606452757,0.8500554031365993
846,33,1098,263,1111,617,550,30,76,131,1500,18,3252,27,2199,365,1786,96,107,6956
1625,3,882,180,441,3045,472,7,112,26,78,1132,950,0,959,1037,515,90,2,42
209,4007,82,7,20,655,28,813,3407,530,1096,26,2221,2850,245,491,1593,515,339,533
169,59,116,362,522,583,1,3168,460,2241,1076,634,138,482,0,2432,2994,47,28,9
335,746,430,25,343,2106,392,2678,159,73,743,109,301,5,47,1466,62,551,160,23
561,0,824,183,18,541,437,614,2955,920,34,44,4,417,78,1425,214,888,1,287
528,373,385,3163,135,104,1253,281,151,508,23,769,875,427,264,513,1646,687,4243,6373
2462,2,399,2391,531,1198,83,393,0,1580,1132,558,56,184,2024,9348,8,551,578,1330
422,2598,108,59,407,1529,803,1,1748,1202,254,21741,542,0,1547,2460,121,0,6225,254
274,1867,336,377,150,821,43,219,53,2285,3,1817,73,6643,3538,15,3,15,158,13454
27,161,963,1413,186,724,16,149,118,151,1223,1452,1102,33,3087,300,96,580,211,111
149,4884,736,950,2,2120,1876,819,0,1310,2,681,3682,1,909,2479,927,80,22,6293
1277,1941,2535,23,205,54,2871,1171,8,24,399,685,1855,269,124,10434,215,652,824,239
960,424,476,1276,547,31,501,2274,4,3398,56,241,1120,1099,335,1936,34,26,970,209
508,477,704,1487,781,720,25,270,180,2928,304,0,609,295,317,81,1496,278,651,873
17,710,319,426,69,1,834,87,1,4754,0,323,1227,1081,161,1730,536,2154,15,970
17,945,542,52,664,56,9,286,1160,593,3,10,229,76,209,3289,439,1094,2016,866
117,287,1001,9,280,232,160,555,212,33,1677,215,65,687,2698,1435,13,146,647,447
2322,141,262,164,229,347,6066,36,2948,238,39,150,2307,1132,282,166,0,225,2960,10
627,262,408,724,109,403,711,2734,176,2150,19,10726,750,211,3289,266,730,3770,565,265
