-1.5324269815733453,-0.005199999260780544,0.8613021851675395,0.8590829430363197
1348,0,476,1350,223,891,597,172,1,364,1117,2,1276,54,1571,47,1850,16,560,0
1791,1763,670,454,1423,4424,29,249,325,359,16,2747,1160,20,809,1222,497,870,136,1942
91,0,1542,1055,6,0,1089,1255,1048,566,5,1264,64,1675,285,1539,3064,1147,326,1995
369,208,107,726,20,885,469,0,608,61,987,1085,146,1208,16,311,4866,162,17,20
284,2652,1411,198,954,1415,1071,131,4051,87,64,770,372,58,0,65,249,433,364,6
402,475,1368,136,1,786,224,485,3276,1778,1875,207,48,312,1032,539,184,1161,13,277
310,1168,434,1331,55,1432,7,253,92,1053,279,1298,136,58,122,101,640,945,6301,372
859,59,17,156,779,1710,122,346,4524,70,1784,1418,1524,2812,3132,9430,21,1935,182,400
87,97,594,121,1370,354,466,86,33,776,8,9779,337,64,1105,630,310,863,2421,100
1726,1459,1378,3,200,1425,504,372,3594,2317,33,22,1480,6433,695,242,1897,95,82,8759
59,1855,2902,214,236,3080,193,8607,53,1,4973,246,102,227,200,281,542,119,446,48
1703,4781,99,2633,1418,2325,1416,565,39,651,569,28,1312,243,632,2308,163,28,671,1032
329,225,506,3,157,105,1469,1055,6,232,103,2211,2281,947,453,10529,40,1752,0,435
105,444,596,1299,730,316,1898,1827,545,6043,30,8,106,47,11,238,706,16,443,85
467,4,549,1935,953,861,1467,1255,98,1345,50,214,694,1969,44,67,1537,187,95,631
7,146,51,143,109,69,1316,60,1259,4318,1369,12,2154,185,1672,95,1204,1470,2623,1590
66,24,2171,17,103,0,327,616,129,37,13557,1656,259,42,201,563,843,884,167,409
200,997,134,132,3862,260,291,682,87,670,232,23,132,1368,2280,483,216,543,282,46
567,742,470,156,250,40,4835,8,2105,844,518,154,5,246,806,3720,19,72,94,23
48,1012,177,1,551,514,138,180,36,1208,10,11612,84,641,420,3646,3,2884,396,227
