-1.750924870378083,0.006499743337010274,0.9498894976912694,0.8521320584480905
633,422,1647,587,30,1532,5,284,258,1,1044,387,1188,169,4,25,11,917,253,9941
496,84,729,2268,238,2818,61,83,226,1580,203,11,1772,3172,3295,80,3074,0,6,1035
0,86,787,308,297,641,457,164,0,1232,310,155,1642,87,1009,69,871,171,487,171
6,328,0,1124,204,1,3732,3,259,526,1,2664,6923,1691,103,468,3590,1644,82,4454
835,359,1378,1623,18,3,1219,76,514,22,61,214,15,1743,6711,1518,1,701,6069,2972
3,967,812,1,521,87,3,869,156,437,889,0,1377,981,332,173,2413,1233,5,0
1503,65,1259,3166,283,604,2,887,1724,2160,791,0,170,201,2248,126,640,665,2388,76
1444,1452,28,2,150,903,2124,337,2197,2252,0,100,3,0,580,0,312,64,68,2
3200,763,1077,2533,4,190,1357,1957,591,226,15,1137,724,5659,411,180,593,229,1367,1402
16,0,10,813,975,599,190,208,569,327,3313,970,1251,3183,1645,104,1,7,0,12588
1029,616,96,0,2,788,13,0,664,4647,33,28,30,1061,1199,2375,432,671,187,1128
886,700,36,739,448,1020,120,982,90,1453,30,1185,69,824,537,4951,1521,54,577,18439
2440,2,444,5,666,3,96,5,29,491,396,937,1,354,195,9335,7005,289,407,2
5297,12,191,4187,198,5,88,1151,246,1273,2336,4,3661,1937,314,1020,9,513,1736,150
2,4,2933,176,1,0,519,4686,315,0,290,365,50,124,549,19,1469,1518,138,875
1646,0,577,198,165,698,1465,1,4,755,817,317,20,2206,795,567,40,1272,946,446
1904,6696,130,11,469,494,132,86,104,177,58,87,95,651,474,1329,37,62,1008,199
4281,2951,2317,3465,263,551,235,202,28,6,662,405,5,917,3886,103,26,6,4724,1331
858,0,1596,2,203,15,83,415,2391,229,82,850,150,597,82,274,69,1946,3717,120
2,746,2102,191,865,1523,205,402,1,3483,1269,1157,352,1088,215,3431,1134,304,1845,93
