-1.1103928423523945,-9.799460072749753E-4,0.9004993973088777,0.9025874513483195
739,286,118,1255,296,783,4786,150,0,301,119,3,1002,838,1196,516,2246,1410,946,1487
395,41,215,411,2031,0,449,1974,925,626,188,444,1207,273,0,2599,23,1604,643,426
842,370,1082,1178,153,323,1,187,940,5,1128,477,141,3414,263,180,213,33,2556,548
557,353,914,870,1283,13,1292,451,831,679,35,516,1664,114,788,616,789,719,350,427
658,888,654,1567,583,3245,1256,1767,339,81,4358,106,237,273,855,6,421,2518,2486,311
1986,799,533,744,975,246,643,694,1044,1,111,2645,339,741,362,656,671,1020,106,445
147,379,259,1065,807,679,1052,314,129,6814,885,1496,293,611,257,625,428,0,9046,4132
442,978,909,104,89,202,1602,288,449,670,957,660,260,1241,591,29,1509,86,18,558
0,640,49,110,700,70,1154,35,3879,610,325,529,585,610,1243,608,1120,718,1146,167
591,1672,121,78,2118,1736,1757,115,1937,430,934,2402,147,457,1085,36,494,1877,1148,69
1962,532,167,832,403,68,569,110,457,5764,207,85,1023,1227,498,633,774,8,1955,1469
1027,2563,674,955,1101,243,1333,1542,5234,1101,756,1751,2317,427,822,0,1016,273,443,2468
707,417,763,583,321,1340,908,565,1276,1897,1342,1100,1642,250,1692,64,733,959,834,460
1418,141,459,528,33,28,277,39,69,456,429,5001,639,47,211,1442,701,219,801,212
2954,590,0,189,74,1157,442,454,1999,33,70,0,69,2390,4649,282,1054,881,1257,719
1614,628,1341,6326,1126,1005,1604,803,433,105,201,926,837,503,682,1446,634,608,92,784
750,4344,699,299,745,2740,6,1224,1770,145,417,8257,1291,1387,18089,228,15,3956,167,1002
499,163,1243,479,0,1261,1941,2479,553,3907,831,2395,540,372,1495,392,1527,180,174,479
1068,637,1459,835,293,1873,642,1056,858,61,100,1914,921,180,372,368,1329,397,346,1176
1040,39,332,485,2263,1657,2918,364,1887,1447,1144,569,1579,176,3999,541,300,212,206,64
