-1.9239865634982585,6.624710237074879E-4,0.9989484440388149,0.8440344557880831
1076,1427,1059,558,27,120,10,961,132,1,1681,2,1146,130,4,16,23,287,150,10341
148,84,637,2273,1079,2498,122,74,230,1576,209,10,448,4763,3224,64,3048,52,6,3824
7329,1128,757,1956,297,216,14,260,472,577,332,134,999,101,700,155,3769,77,4,1
4,221,1255,0,329,1,837,3,930,510,1,485,6415,117,341,1414,3096,1791,1,4457
870,299,510,1691,0,3,1331,131,455,19,130,1,15,3170,74,1346,1,61,6394,2548
3,5208,1244,16,201,342,1,209,924,413,885,0,786,981,928,127,94,2456,3,9
3625,1020,19,233,2610,604,282,773,968,2419,1248,3,33,249,702,114,1,553,3807,0
1021,2056,4,1,376,2181,2296,337,2549,2232,80,77,3,1,576,6978,2900,9,1,2
3878,759,24,2193,5,210,1497,2028,936,165,1,1141,724,5481,846,79,608,102,1274,875
16,555,33,678,586,605,116,214,6,0,3583,1879,1744,963,1645,104,1,2,148,4048
1816,616,162,767,2,653,1734,2,171,3,10,1,127,525,1036,2375,377,670,11,673
932,3757,32,667,66,993,107,1327,175,1780,313,1133,45,709,537,2778,1428,90,138,0
2540,2,426,1,679,5,89,5,27,20,0,724,1,190,224,10147,6641,143,343,2
5273,3,196,4161,0,3,1,1100,138,1404,2073,2102,2102,772,314,1016,9,1335,1336,962
2,4,251,63,1,0,519,132,178,602,104,344,28,71,915,16,234,1381,19,866
1646,6,413,19,212,1002,815,1,60,610,933,261,137,1262,311,567,70,1272,1038,1
1904,25785,167,19,0,865,67,82,79,177,79,131,95,557,474,1357,853,129,921,285
4027,1027,2303,3153,1686,33,286,0,195,8,572,3529,19,1461,2677,105,1875,172,4223,1718
999,0,1665,2,205,27,228,346,2378,122,82,681,4272,597,391,468,164,856,3637,120
3,716,2689,525,1001,1492,452,560,2,3163,0,1162,352,1908,3,3431,78,2011,1123,393
