-1.2813603829164104,-9.148494475403529E-4,0.8862684103224105,0.8517503170927342
255,17,281,375,311,1513,145,419,268,311,532,107,76,1624,228,146,4807,183,506,1189
1312,7521,194,1006,2342,3437,142,274,1346,200,112,3594,734,636,6242,6634,0,104,373,279
48,665,1710,657,1038,1974,197,340,22,429,4202,1735,2568,161,25,0,59,543,329,642
1239,133,9919,553,1158,581,215,2060,1201,11575,665,54,3199,119,1911,144,3,251,2037,837
200,188,0,301,12,1739,254,173,501,2407,755,299,191,678,209,0,825,746,329,1961
1,125,567,610,0,1781,414,58,3516,497,647,1776,132,904,434,148,1323,884,0,197
137,131,354,176,89,349,330,179,53,1076,2722,1792,1361,772,206,410,170,143,1054,504
178,598,3365,228,68,337,69,630,1176,509,532,397,79,73,411,74,471,42,1793,304
419,1976,3380,144,852,625,1243,125,238,1011,144,22730,435,0,882,0,144,3553,1765,265
213,2754,2155,7,2033,351,1152,1015,37,676,804,709,1226,4778,67,727,209,329,343,15704
2352,160,810,539,0,113,387,263,1078,98,3321,1461,153,7087,2489,179,510,1049,310,2
581,727,232,1907,144,1149,913,578,848,1343,643,604,1014,2242,352,1219,330,649,2566,394
766,679,1467,800,36,205,216,1050,241,161,56,1111,666,348,199,111,211,3201,378,3926
59,110,845,516,650,129,166,620,469,2340,49,961,588,9825,3331,278,284,717,5149,95
148,185,515,738,278,657,286,62,627,229,539,4,21,8,0,834,578,890,81,431
993,200,885,692,1525,1616,433,468,164,627,659,174,874,1068,139,769,129,1163,313,1060
4728,0,1795,2350,6,0,683,578,347,16,918,11563,28,134,398,549,586,236,1159,659
306,151,259,93,368,274,360,191,1205,460,6,120,82,2297,261,1097,470,0,0,187
621,2932,4,373,38,323,107,179,344,105,644,776,0,619,199,1182,1142,530,1968,217
0,547,725,568,0,445,209,1320,4,1332,691,1821,138,200,377,1144,251,102,7,1730
