-1.4434080093295008,0.011089507871664005,0.8454194187142704,0.9018381045793451
1352,99,1378,218,3191,427,288,252,475,608,1464,710,247,223,8,1646,42,288,94,522
1,109,7,1008,592,716,167,381,328,429,4605,213,48,96,1554,2,640,117,422,475
1343,1539,651,490,492,1073,9,106,3176,16,944,223,2867,1125,70,1015,448,110,103,928
19,16,36,124,2,226,243,340,74,183,578,63,392,169,1469,1523,3558,671,1,2045
12,662,1,163,671,722,645,2444,1265,3,108,64,602,1876,1765,3676,357,6980,2163,106
1097,283,84,1691,45,803,1559,0,57,760,363,1220,2745,903,612,3127,697,899,1515,1035
664,240,250,272,1369,775,1788,335,3171,290,1425,158,2783,1,0,135,1228,1,1300,803
367,966,526,1171,738,2316,5287,1380,616,2245,8,128,20,70,1599,233,461,76,580,1558
983,91,2155,2264,1959,459,1734,1906,258,2414,1081,3659,620,2460,2213,958,1020,1,226,422
74,1045,8,3571,56,34,45,1576,36,1528,743,1629,100,2505,2163,1831,3619,1943,189,2590
40,568,371,40,1569,301,1490,553,39,7762,2110,1270,1836,1222,4,0,396,496,1744,1
25,61,94,30,844,1791,2130,904,1800,356,651,9,4234,314,1060,18,3493,705,329,223
809,600,1106,20,32,553,32,4006,377,948,7600,1467,85,466,828,4625,614,2156,112,1022
370,582,1,191,3445,5,673,1161,1966,3189,4517,92,2832,2019,66,1565,522,240,1100,0
5372,157,215,1092,2269,9,1142,1482,4652,1153,3114,812,690,770,762,945,235,325,2026,1070
1118,120,21,1068,2820,478,2541,444,69,3511,727,15,1517,1102,660,682,11,1910,465,113
530,906,1619,85,1023,1937,343,323,1696,8,1121,2224,273,142,417,312,531,8,452,1772
408,606,442,1900,27,2948,1,22,2288,206,623,1484,45,2196,3267,501,2276,485,86,137
241,2042,406,968,281,2,637,435,2177,9,1889,0,787,540,1018,221,268,16,4819,9
751,0,1505,129,225,2051,34,217,1797,1417,85,243,1392,100,2410,1492,429,535,98,2759
