-0.8647669006434275,0.020704470116170354,0.8503761527984707,0.9500735473660122
369,541,565,949,2010,408,504,89,1,1777,458,420,129,1520,890,1561,1964,36,344,640
261,382,234,771,1440,333,96,1086,526,181,254,2036,59,888,157,2200,1151,431,339,442
208,1080,468,1819,917,415,430,1155,972,1412,2151,372,525,280,1523,1406,2306,963,249,970
680,1099,1129,350,2310,845,262,963,252,1871,0,2066,969,38,567,541,1136,1285,713,423
529,513,2623,1117,477,721,2145,710,741,1405,395,423,1178,6,1833,1569,1410,585,24,634
979,548,2086,943,848,884,1040,540,2021,667,950,838,1017,814,373,171,197,374,1694,773
253,385,1194,891,799,1576,389,1593,2509,1848,400,1842,2363,174,1671,1919,2277,284,368,1012
1587,883,641,2915,968,619,443,1514,2606,867,1429,2113,1835,1183,3714,615,645,205,1168,399
516,145,1697,1161,1145,1696,2387,61,1572,2736,2987,1657,1493,331,100,1875,474,2,1535,895
46,875,596,374,2038,2145,1810,459,514,1039,1468,1738,829,2231,390,281,2282,509,874,305
468,559,387,1080,724,1576,952,654,4344,1330,2592,2689,759,22,3074,677,448,1760,1210,304
826,1042,672,1069,535,910,2072,1350,971,2783,1047,842,263,2687,625,1716,428,4715,3066,361
1914,2329,308,1198,2295,2704,1220,1670,1083,467,3432,788,84,1823,1507,265,794,1460,105,2521
546,257,1111,1230,1020,374,2136,1570,773,2288,664,888,644,1636,127,1554,298,1080,302,53
661,531,1214,20,767,1431,732,2162,2914,3778,902,518,1688,678,174,834,192,1668,208,154
236,762,707,1585,550,164,88,1217,749,2204,626,865,1018,355,711,753,685,0,62,1292
661,342,660,139,1278,157,20,86,295,746,563,680,2108,561,528,1226,235,2801,816,1302
998,881,1095,340,696,903,188,319,706,525,883,2613,1380,509,66,536,1501,1154,521,2266
161,78,678,473,27,1276,2192,1517,172,597,1306,10,190,933,1321,765,138,410,652,1232
351,556,1601,743,463,2173,1519,1914,1068,769,334,336,828,308,1,786,628,1511,274,260
