-1.5946138583948244,0.002274110520198965,0.8872190265691261,0.9041173639364227
1922,5266,1902,1045,1458,282,3996,2,785,3078,977,3135,1400,9,1682,3684,1022,2,382,602
329,279,15,4,38,26,4,325,471,1044,419,3,533,0,757,229,137,2,2807,1173
317,359,62,1,297,1,102,27,434,4424,3343,1,281,175,1320,338,13,973,385,420
500,282,1311,58,1,596,3,235,1398,0,3268,3163,2151,2835,2470,180,1142,572,595,56
1,1496,1380,7,1,294,2465,313,333,0,2,1180,321,37,486,1380,1,6,28,7
463,572,0,386,1283,1634,78,1875,11,100,242,1782,123,358,677,824,462,1357,1423,27
1511,1401,1342,632,24,165,237,507,1064,701,2707,372,3229,382,1230,273,226,1891,1374,81
527,1594,3288,2,1607,1068,2041,1587,679,3545,17,2046,1601,2417,2906,905,725,1448,14,651
1,1423,95,682,3149,2293,420,899,106,2377,444,876,17,2811,1621,2718,625,2,1379,685
2011,1269,1145,399,2009,10,274,980,911,542,1,394,52,165,32,94,2284,1,1419,4737
422,176,2098,1251,131,1842,26,3553,3486,4864,135,1479,276,38,2140,6,0,419,63,404
732,1668,22,0,1508,2463,3884,1465,194,1927,967,213,594,352,2575,2063,15,394,494,207
219,1491,4074,9,3,3029,90,3841,1606,3942,1516,195,193,697,3404,573,82,2581,2207,159
46,9,1582,26,344,810,3053,1441,0,389,922,382,1543,1488,1,792,521,1930,332,520
2762,229,1373,1033,872,4125,491,2706,7,3650,2224,3,560,652,543,378,1836,6,818,1525
191,43,508,67,523,1264,3626,4,132,1223,2304,3328,111,1671,2805,215,2231,73,1100,449
169,7,2315,2794,95,675,1139,798,14,9,6,209,74,1295,1904,143,227,0,1504,820
11,1866,685,2,713,448,189,1560,645,44,1348,1334,648,1124,156,826,4243,473,490,1
748,797,1,2271,128,801,1,1133,1871,889,3186,154,2861,22,557,3,215,2322,22,74
4216,315,429,66,865,1568,944,153,56,2923,523,1754,1090,30,2130,2591,1038,925,2034,650
