-0.6976497706835412,-0.0034726193755492294,0.9547509712444343,0.9583349138009075
32,1026,244,698,1472,864,3632,80,1124,1518,524,239,679,2345,2225,239,681,200,575,2836
846,1162,1362,2123,724,1070,624,1389,402,1011,268,917,833,299,1739,160,650,1840,1309,2258
1449,675,1123,1087,43,156,69,570,726,366,1075,380,147,296,539,539,445,601,1306,509
4798,1039,1140,1148,578,0,496,730,511,945,1109,2636,1145,1475,2482,411,3291,631,1974,657
557,1108,301,1970,1091,602,659,1594,1958,1281,1826,1646,641,460,3481,413,1030,120,2013,949
672,958,1257,605,700,1081,826,585,238,924,450,1451,434,1075,577,2374,1303,418,641,0
816,1957,1593,1926,2293,1058,2294,941,541,1486,1425,995,878,701,1010,998,1201,376,1041,2529
354,1446,593,936,1835,229,960,106,1188,279,214,826,152,283,771,988,889,1464,935,312
1616,285,879,1648,2452,617,79,523,784,145,324,479,2747,153,437,311,499,654,448,866
1108,1534,572,311,595,1033,1839,1585,238,179,209,1521,230,2140,329,2286,303,797,446,2126
3047,1444,2083,886,1286,207,63,505,417,1084,1276,1535,173,928,865,1578,1449,388,617,1946
616,1736,354,862,31,325,2709,938,0,605,1232,471,326,132,299,248,1088,1287,1576,1305
401,211,666,1410,1622,1457,513,887,2644,212,1310,973,845,525,780,1220,1064,1095,532,2761
1494,0,156,2064,470,0,1890,323,557,2159,732,707,593,662,794,571,735,1884,1573,1130
625,1137,1680,232,1039,966,161,226,526,1322,240,0,587,1043,706,915,948,438,1569,0
1674,954,1067,1316,936,244,131,2065,2415,1093,2016,703,1131,1272,1038,1117,1252,478,3021,429
1431,1574,520,535,929,1108,511,132,1317,1341,862,1446,386,344,851,345,667,491,539,2428
212,2151,1151,1498,2081,180,107,632,1833,264,1741,756,1090,394,1301,1343,0,844,1340,352
1896,1962,984,1359,1251,222,857,833,1819,635,661,1996,393,1351,1793,760,1453,1649,906,3072
97,615,799,2042,868,1174,797,1710,302,1266,1299,873,1212,1222,694,1625,714,217,1317,1394
