-1.350513433482715,9.525223247065388E-4,0.8225099432091528,0.8474872272847818
582,54,392,1185,538,508,597,80,558,944,143,290,88,2404,1794,650,1748,536,1022,1344
600,0,11,2562,36,4637,17,137,31,368,103,24,318,451,8,2239,265,1185,1398,169
844,16,7,0,605,982,34,583,3919,893,555,677,0,296,426,31,85,325,0,720
139,354,879,969,712,8,893,5655,1702,208,367,1906,13583,333,227,715,1330,32,480,1519
657,9,282,362,1442,261,399,836,111,2655,2222,579,223,1644,386,1217,99,495,269,913
170,882,1063,262,113,210,1117,894,1850,47,588,1804,139,1143,366,12631,115,1008,239,561
1,36,318,178,96,0,232,165,929,2,1807,1128,1360,456,193,31,8,1449,91,894
23,198,426,150,119,169,539,1731,273,1704,2408,6592,569,0,720,36,986,519,590,442
215,2096,932,571,1065,808,251,440,148,0,476,21711,79,231,50,1696,16,237,1041,9
2308,606,14,2405,946,408,550,583,80,1595,217,140,58,833,249,154,241,815,360,364
1091,158,503,166,434,68,2264,300,12435,450,615,2000,560,715,13277,75,1570,2149,354,106
26,231,893,2147,71,4214,719,185,9950,564,1815,1467,1047,3335,427,590,702,1881,39,520
60,741,2055,377,196,11,697,77,962,332,752,323,29,757,1029,374,343,230,2396,311
375,1140,485,34,444,2768,81,0,184,1623,200,512,744,452,520,563,7,5300,2626,121
634,2,1755,85,1547,241,1123,894,768,619,178,1083,1315,1080,3257,2906,415,12,0,1284
128,1431,95,1564,139,83,183,15,0,15845,26,1740,265,1644,851,2880,45,248,689,49
824,328,836,3510,299,80,32,729,617,142,1222,652,428,1647,3,21,712,768,1638,539
80,2104,1081,0,124,943,61,1660,90,204,357,3050,509,389,1017,7,97,53,759,459
685,118,1969,0,1242,1548,185,69,75,54,816,623,81,145,406,304,340,595,1485,855
957,52,534,0,187,4403,545,270,640,1522,630,1054,35,0,2000,466,927,105,468,3687
