-0.6001014594270354,0.014146193861338613,1.0002661991300446,0.9615728045973476
1089,2355,299,905,1603,1835,637,1936,295,329,1423,3147,1279,661,1093,1084,1434,1543,1073,13081
1237,1877,341,233,1084,952,625,865,957,463,550,1232,2103,264,635,496,1380,2360,2273,2340
1391,1008,1153,736,514,326,914,515,941,844,578,628,1690,645,1112,208,1509,2192,1489,1614
1174,2150,831,610,845,388,839,432,372,309,1032,799,461,314,0,769,757,737,858,1004
859,806,374,776,1001,801,1294,707,370,1300,541,886,288,643,768,739,498,967,449,1406
1900,1357,914,398,736,590,839,1141,1406,1620,651,1011,1061,2150,2585,1005,1005,1388,1757,342
720,2242,1100,766,385,1022,832,742,738,786,1165,1172,68,773,991,943,980,625,327,718
1352,857,2028,871,1367,501,614,517,786,1036,544,35,548,1193,370,1436,609,534,583,923
3785,42,0,766,525,1777,799,614,1627,318,491,800,890,546,934,139,1156,1165,596,1345
261,692,1586,1828,266,645,210,362,405,1084,504,34,927,655,163,1230,412,399,399,197
1176,1246,747,995,752,1113,733,584,746,420,282,519,1290,657,725,585,580,1105,977,878
1267,978,916,933,428,771,710,792,1090,657,214,780,1432,494,860,1331,1164,2039,955,778
1269,1226,872,1029,534,1127,134,757,653,1025,154,740,967,882,267,731,641,394,1422,552
908,1947,2842,736,657,339,255,557,861,1394,578,707,1144,870,983,739,429,505,855,940
3664,820,807,454,985,1873,586,828,912,183,678,1788,1002,1252,543,967,877,1563,1274,1203
865,486,1440,171,497,818,974,634,441,1093,511,842,788,1358,2030,796,461,555,1544,1074
2040,2546,1414,1051,2692,352,223,558,888,585,640,415,718,990,388,1184,485,901,708,335
945,938,1078,757,743,1293,1255,1165,418,648,1052,465,137,930,1050,2755,1388,943,2215,3082
993,1238,639,846,481,470,1099,822,936,857,517,710,818,2516,1469,430,821,404,1310,741
2830,1278,633,1898,109,156,1297,415,3003,1413,912,1772,463,2985,354,1446,545,2178,688,2062
