-1.0176439148437237,0.0036091211013256665,0.8380871539167611,0.9050529803895229
79,277,213,1232,453,172,55,258,2121,2225,893,36,289,1355,2202,1098,0,704,222,379
619,953,32,159,1921,649,466,414,470,3286,0,629,450,390,267,266,395,1236,542,2633
256,396,80,979,466,722,1233,1017,103,364,1077,972,194,2422,185,884,3,337,175,170
259,451,0,822,447,310,669,332,1184,585,893,781,140,641,1078,367,115,107,194,954
206,378,846,630,1392,3490,4210,11117,2013,501,201,1326,1380,330,131,140,320,404,123,460
1761,125,108,16,331,1162,39,333,871,1879,1305,2306,809,1615,164,212,478,283,1268,790
286,475,799,686,224,1165,1990,489,191,8378,1980,352,675,3587,289,202,4,1263,870,4765
10,2204,302,302,304,1198,1241,635,1346,457,1897,626,1812,17,206,212,3826,488,333,246
1913,215,138,834,820,500,457,295,9999,2167,1036,428,2125,1220,763,1596,2953,3311,454,265
2914,607,1519,155,1063,706,493,1694,47,1065,1142,1489,782,292,1677,355,1720,1951,249,576
264,591,318,253,1080,39,2588,373,167,6018,457,169,207,133,718,1204,337,247,209,826
394,860,7504,600,4434,742,1239,683,2019,1044,1317,58,2580,945,709,965,1281,479,93,2345
1377,408,1315,225,913,461,1634,939,466,1091,1690,777,1838,195,721,1426,0,160,2116,302
362,2265,1669,474,898,2383,352,3572,1588,648,1465,2494,1004,687,411,1785,162,982,769,432
194,711,518,220,263,170,487,1559,790,1084,235,357,218,156,7347,1530,419,375,462,430
126,772,932,345,1152,682,662,297,602,788,9369,2204,887,1633,831,439,551,2,0,1630
821,316,933,200,114,3667,270,509,216,393,1519,132,1411,908,10713,461,1038,1985,300,808
1976,1180,524,1088,982,1463,104,681,359,1216,395,1194,509,156,303,740,1314,345,3534,617
911,205,107,1215,184,861,411,66,426,353,933,700,532,889,368,329,518,687,24,194
313,472,504,353,616,1363,261,2478,39,392,1091,286,1096,359,912,836,510,305,217,352
