-0.814478065442305,0.01284171789245581,0.8537957792647771,0.9414971448308087
227,302,1163,597,578,1006,459,586,346,298,212,393,561,565,864,843,1399,406,333,489
940,734,1277,574,0,527,1117,499,313,1108,414,571,1219,467,489,830,1250,1348,1268,266
302,822,396,784,864,338,178,963,764,916,258,788,716,1562,4286,489,252,519,433,913
1322,1633,311,459,320,67,1020,1607,442,487,351,332,638,1082,316,640,637,1497,0,265
195,456,396,1491,1040,727,3477,650,764,899,2354,514,317,564,1074,615,854,1895,398,1335
118,1158,388,902,1954,1169,812,1006,721,0,1635,1127,1115,393,750,85,228,3483,553,269
1459,1725,194,926,1433,559,1915,1197,60,0,180,954,2295,1022,363,588,4718,957,573,1094
2801,238,184,956,1284,1487,3109,776,2043,663,515,3782,2660,1123,322,625,420,1100,322,1376
655,6530,685,690,2822,949,1520,955,1627,6497,484,3757,1222,302,185,1085,0,876,26,429
1147,0,687,4221,1661,90,826,246,225,1664,856,953,1620,3664,774,1279,3363,841,922,1358
1401,234,465,3130,444,1476,764,119,4443,2138,1176,2471,149,1039,269,740,690,117,389,165
723,673,637,853,3247,309,723,1580,1661,972,171,1819,2518,1494,584,0,908,26,1098,363
2637,1613,817,1814,1692,1602,4679,1479,925,1311,1839,366,1023,4341,321,1928,1364,846,409,1473
210,318,1947,1088,546,946,1087,605,563,1584,1134,872,1749,2275,1024,1163,522,1004,1544,830
49,235,1025,122,892,2062,43,3020,1026,0,494,469,682,1496,754,1230,375,603,704,813
982,1599,469,916,2242,1067,1015,286,1131,927,1323,473,99,337,4046,1058,1746,2811,670,126
1253,59,1708,241,2431,310,167,266,672,94,1200,405,297,3560,281,104,1522,548,884,728
775,299,61,1074,316,1039,1057,596,353,1205,1657,1131,664,419,438,733,276,403,586,384
809,757,329,346,16,626,1139,1321,681,2656,909,767,1132,863,458,186,188,1453,445,598
340,271,266,15,1318,306,422,2011,2342,471,1068,547,532,1808,223,243,1267,1134,706,1742
