-1.9152489529246581,0.00306533835049184,0.9841074000438806,0.851981821068786
1057,1427,1059,521,27,120,10,105,132,1,1681,2,1146,224,4,16,23,287,150,10341
148,84,729,2273,1079,2498,122,74,230,1604,209,10,459,4763,3293,74,3048,52,6,3824
7320,1128,776,355,297,216,401,260,472,577,332,134,999,101,700,170,3769,77,6,1
4,322,1255,0,329,1,837,3,365,510,444,485,6933,117,341,1412,3096,1791,1,4457
834,299,510,1640,39,3,1331,131,455,19,61,1,15,2177,74,1346,1,61,6394,2548
3,5208,1244,1,201,408,1,209,839,413,885,0,786,981,410,117,0,2456,3,9
3577,1020,19,233,1906,604,197,767,968,2163,1248,3,33,249,702,119,1,553,3767,92
1090,1887,16,1,376,2181,2296,337,2727,2232,80,77,3,1,576,6978,2900,9,1,2
3564,759,24,2193,5,219,1497,2026,936,202,1,1141,724,5481,847,14,608,153,1274,875
16,458,33,678,586,536,116,214,2,0,3583,1879,1806,2564,1671,104,1,2,148,3911
1816,616,162,767,2,627,1695,2,171,3,10,315,127,525,1036,2375,377,670,11,1116
932,3757,31,667,66,993,107,1327,175,1780,313,1133,45,709,537,2778,1428,90,126,18439
2540,2,426,1,1107,5,89,5,27,20,256,724,1,190,224,9704,6641,143,440,2
5273,3,191,4161,0,3,1,1100,138,1444,2239,1744,2102,772,314,1016,9,1316,1336,962
2,4,251,63,1,0,519,132,178,602,101,344,28,136,915,16,234,1518,19,866
1646,6,413,19,212,1041,815,1,21,610,933,261,75,1262,311,567,70,1272,946,1
1876,6846,167,19,4,865,67,82,79,177,81,192,95,557,474,1357,1709,129,921,285
3935,1027,2303,3153,1686,36,286,85,195,8,576,3529,19,1461,3670,105,1875,6,4223,1718
999,0,1665,2,205,27,228,346,2378,122,82,681,4272,597,391,468,164,1009,3637,120
3,716,2536,567,1001,1474,351,560,2,3163,0,1162,352,1908,3,3431,247,2011,1823,412
