-0.47662252991210247,0.008168242462973558,0.898929846213809,0.9784317400957746
2102,591,823,241,958,102,886,1618,851,403,1968,2143,0,1280,1720,1165,979,889,870,824
635,638,772,907,2183,584,493,1249,887,724,979,467,933,761,526,1600,901,1302,743,950
1117,891,1205,1172,1391,1763,417,715,640,612,924,421,0,377,672,1577,845,396,704,1016
1294,1217,1003,632,213,1217,776,837,347,810,1151,837,1316,302,1467,1018,392,2017,1431,709
870,1539,664,763,1364,413,1265,1644,1967,2282,913,551,1755,791,1170,777,458,1064,1126,615
1509,770,1227,1347,1197,1106,426,1108,800,677,884,1225,1038,1748,581,1021,2049,1489,1721,1116
1743,1688,1598,924,1209,354,1041,1777,1053,1316,1912,408,1357,546,1098,924,1297,896,319,552
1034,932,328,1074,1235,979,1750,1017,640,568,389,1491,478,1467,774,1961,764,1000,1355,86
1183,587,992,899,1125,985,3214,992,865,787,661,2311,577,1334,2450,1513,1046,787,585,851
698,241,591,413,573,1561,1158,642,642,1720,1396,1665,1648,1971,1288,1765,715,994,888,401
808,1791,1011,132,435,1556,329,1219,1216,1526,1500,1252,1054,558,1626,0,471,1104,1062,1136
1675,1521,2559,2102,1329,493,810,1071,693,2519,1118,1179,1952,744,1789,1398,1014,195,938,991
881,1186,1109,1027,381,1297,985,291,1191,6,1054,699,333,1127,1381,495,333,920,29,739
290,1104,1393,1820,713,954,686,1044,1093,909,1416,2116,950,1403,1169,1620,1134,507,649,1186
1417,970,739,1684,575,655,1477,412,1689,1856,1888,1405,688,1982,1289,1404,691,696,530,1298
1751,0,672,831,949,939,1076,614,708,959,608,936,854,1542,770,768,1105,1163,1396,888
416,691,679,1082,886,256,526,504,555,467,1215,1887,1065,655,615,1129,1343,0,312,1354
876,746,1268,1064,499,1072,837,1094,772,1076,825,2060,711,717,697,749,1627,958,1489,169
686,440,1117,915,688,287,511,1058,554,1246,243,596,1684,538,307,725,880,929,415,570
1861,1029,313,1030,1445,876,1175,905,589,763,808,820,1241,848,693,1226,665,692,838,801
