-0.7038016484508562,0.010706911433155658,1.0036291796385937,0.9478187315470405
3018,913,679,1243,4456,867,571,890,414,487,844,1158,943,379,1323,876,1175,431,823,15160
928,323,1100,1447,951,862,685,647,308,568,948,1960,1456,575,1459,243,244,1248,4759,483
586,1226,538,1050,234,1092,751,1331,637,1088,925,746,175,677,783,1178,1614,1102,813,253
92,1469,524,1652,604,141,648,1020,1508,44,692,191,1020,1158,1302,962,909,2128,102,2022
795,1042,1271,1565,330,503,921,1451,958,652,523,878,1201,529,303,1033,1339,705,918,1127
569,705,613,678,374,1605,435,982,652,374,1348,481,231,370,1120,923,2061,1506,396,423
472,1138,105,821,915,1819,133,906,1090,1565,991,805,693,525,228,1843,464,73,508,1367
546,931,941,370,887,908,357,344,2119,701,453,302,490,1234,589,1503,737,2543,3592,543
574,417,943,797,1165,1056,400,0,709,863,462,339,1141,423,598,856,1803,914,556,1992
483,1810,295,653,1749,2044,1318,1236,1289,583,305,694,426,103,447,623,1080,1306,646,956
762,393,510,593,1245,325,145,953,102,767,1042,438,1070,365,904,1244,175,794,1590,905
559,2614,3152,311,1577,340,1145,563,296,471,1128,743,881,471,117,661,418,1117,852,853
1503,1525,681,390,401,954,1758,260,427,231,315,16,322,888,622,191,225,240,2889,1640
426,755,547,556,526,604,82,1923,1052,285,494,815,419,731,512,457,681,591,744,482
2324,957,189,1016,837,1217,843,209,751,810,975,996,399,744,2441,677,177,1396,296,862
2584,1478,466,637,587,2811,457,242,139,1073,732,777,632,711,1799,1211,534,279,1390,1132
1334,1126,2075,1045,1802,833,170,670,878,971,227,810,491,1128,619,899,1274,2263,1514,602
1890,517,6062,871,810,1099,248,1196,1472,415,532,266,1248,952,1127,1813,1834,775,710,2329
770,2105,5222,1893,1359,1376,480,1562,730,303,1829,335,1209,2742,669,2253,688,886,4679,977
42,946,842,227,649,643,286,418,133,1223,1562,0,965,2364,1338,2743,591,310,995,1843
