-1.266188096859147,-0.0023733061837601746,0.8440850474595987,0.8489691266251729
10,131,3964,312,1078,54,327,57,657,1480,347,183,9,707,1855,672,4291,150,417,146
1089,253,485,1110,944,862,373,6,130,1319,184,7645,0,47,2358,1205,1083,1841,106,646
53,1412,1720,1062,297,572,62,273,1873,1155,849,493,0,11593,22,59,515,126,81,877
381,244,255,1755,122,12,383,4160,615,1146,15358,200,326,330,2811,955,21,43,1,187
920,526,143,24,229,499,1170,1044,304,1285,286,2007,534,289,152,316,2463,2994,220,172
621,867,1160,1218,24,694,634,176,1407,17,2199,0,198,0,88,12485,1019,98,200,315
160,431,624,896,261,357,779,342,2579,684,167,106,258,398,1299,829,2160,87,54,1089
1613,33,360,67,252,11,12,675,1286,1344,1604,80,81,713,108,485,1743,392,2894,272
316,415,11256,1004,998,1882,974,87,107,282,135,23284,420,634,1295,1007,104,332,843,1897
1051,396,174,1457,2765,115,246,205,131,847,127,1295,328,1725,401,222,461,1203,1878,3363
1017,178,171,1296,35,2935,336,954,1263,191,3591,2092,1977,2288,2525,130,103,111,12,274
13,4261,27,22,217,311,538,271,1945,418,952,7,596,0,1162,2305,164,107,366,569
1735,83,140,244,200,52,0,521,486,787,187,567,2773,655,1889,174,216,223,358,1356
532,492,937,1015,387,1632,442,1450,287,2713,963,218,1427,875,5693,1640,543,1676,4339,15
95,225,1354,232,907,921,685,2086,1169,1003,495,22,319,1186,628,0,183,616,291,620
654,165,602,891,555,431,323,51,472,14676,124,140,275,2894,978,115,228,175,49,1131
354,36,0,943,431,269,12,177,0,295,89,11824,1259,475,276,142,567,265,25,422
95,115,1448,113,386,500,624,517,2818,539,322,360,117,564,1443,86,1982,22,1051,764
502,185,817,2700,717,671,404,32,270,117,583,658,200,163,563,1279,344,334,2407,578
224,132,206,468,183,0,470,912,80,1625,155,830,420,1456,861,749,475,868,253,0
