-1.2999478119558485,0.0022298796191681076,0.8726429115176599,0.9054593460145164
1291,463,614,279,4881,535,205,467,125,329,1618,2496,628,98,70,4085,2675,0,631,518
4,909,7,574,676,16,192,349,76,410,218,126,4,29,2387,1244,140,621,659,163
1397,748,2309,336,722,452,817,494,3176,24,1252,1,2786,1845,374,436,86,127,469,1525
5,63,24,172,107,411,471,422,2753,988,245,63,200,171,1877,1902,555,991,132,1178
9,662,0,1851,398,725,5507,2418,1572,38,66,90,648,2209,1504,4165,2337,5012,1547,189
1497,560,84,2039,19,438,0,215,76,746,613,1273,1792,247,1516,3323,367,1279,348,1173
1504,258,486,175,145,697,1096,329,1689,256,2896,430,2400,113,412,437,1619,1,122,937
280,490,481,1,493,2053,6090,420,599,1516,430,99,29,169,561,28,157,815,495,416
1366,1345,2284,2717,2832,554,1539,1852,217,2425,1307,2234,611,1239,1594,1402,1355,1021,227,291
20,1019,7,1954,69,104,129,520,1,1421,629,1270,865,5570,856,1697,366,602,194,114
0,869,176,52,2006,1172,1571,149,39,2567,2212,862,1685,1012,803,361,461,119,1536,226
776,101,210,362,940,1142,14,161,1234,611,651,89,7785,369,73,14,3117,1156,1071,195
0,0,793,3,994,620,44,2411,60,369,3720,863,106,304,929,2956,575,2395,931,496
389,322,0,466,1835,98,516,1310,1252,3189,4422,691,3131,1776,3,896,97,379,1053,308
1839,207,418,721,3318,31,262,1135,1947,982,8229,503,1012,10,238,1254,220,294,2159,1033
981,6624,122,1616,2883,559,2343,988,637,3079,784,352,1658,369,810,458,2034,2100,129,1914
332,1566,2167,1071,1337,2145,511,109,318,3709,445,1672,118,381,685,113,515,262,455,621
319,436,208,1249,651,3311,1,24,2160,124,6,2101,39,1548,3394,252,2086,472,485,25
224,1887,69,1474,131,18,99,1161,706,2669,1338,775,2239,59,484,73,790,66,1993,9
194,1984,1977,298,18,1701,495,481,1644,1880,59,146,203,376,4541,2223,32,1152,335,0
