-1.8993511954639826,1.7473401221529365E-4,0.973796296675762,0.8569092503508287
1057,1413,1036,521,27,120,10,80,132,1,1692,2,1146,203,4,16,23,287,150,1906
148,84,729,1965,1084,1231,122,74,230,1576,209,10,409,4763,3293,225,2401,52,6,3965
7320,1128,837,355,297,216,401,260,468,591,332,134,995,1012,700,170,3150,77,6,1
4,328,1255,0,291,5,837,3,365,510,1,485,6933,117,341,1412,3096,1688,1,4457
834,1380,510,1691,39,3,1331,104,455,19,61,1,15,2177,74,1346,1,61,6383,2548
3,5208,1244,1,201,408,1,209,924,436,885,0,786,779,410,117,0,1449,3,9
3559,1020,6,233,1910,654,197,767,849,2163,1248,3,33,249,702,119,265,451,4304,179
1072,2056,4,1,376,2181,2296,337,2727,2232,82,77,3,1268,574,5713,2597,9,1,2
3561,1062,24,2193,5,181,1497,2026,0,202,1,1331,724,5481,248,14,601,102,1320,1034
16,232,20,644,586,605,116,214,2,0,3583,1458,1309,3216,1645,104,1,2,148,2889
1816,1037,162,767,2,9087,1699,2,2621,3,10,1,127,525,1036,2375,384,670,11,1116
935,3757,32,667,66,993,107,1327,124,1780,313,1133,45,709,537,328,1428,90,127,15221
2540,4,426,1,679,5,89,5,33,20,256,724,19,0,526,10147,6641,143,1279,2
5375,3,191,4161,0,3,1,1146,138,1517,2239,1744,2191,772,296,1016,4,1316,1336,962
226,602,251,17,1,0,519,132,178,602,103,963,28,136,0,16,217,1518,19,970
1663,3,397,19,1220,1041,815,1,21,610,933,261,75,1262,311,538,70,620,1636,1
1904,7274,167,15,0,865,67,83,79,137,81,338,92,874,460,1133,1505,145,921,285
3992,1027,2303,3153,1582,36,286,14,143,8,438,3529,24,1665,3670,105,1875,6,4223,3025
999,0,1665,2,59,27,140,346,2378,122,82,694,4272,597,402,468,164,856,3637,124
3,716,2689,567,1001,1492,365,560,2,3163,0,1162,309,1908,3,3431,78,2009,1823,3630
