-1.8258716338368712,0.007475879353753026,0.9532580965985498,0.847927973597454
1057,593,1059,575,44,121,266,84,258,1,1142,399,1195,222,3,20,25,272,236,10341
343,84,729,2267,225,2402,138,22,226,1580,209,13,1772,3172,3293,80,3048,47,6,3930
0,86,787,267,297,961,458,164,461,1100,310,130,2087,73,676,58,1362,1383,3,1
6,328,1203,6,359,1,837,3,259,510,1,1371,6923,80,103,468,3096,3528,82,4954
793,359,844,1481,18,3,1368,89,774,22,67,1,15,1888,5,1512,1,61,6331,2540
164,1193,1244,2,195,3,3,172,139,428,654,0,786,832,332,189,3658,2229,238,61
508,1028,27,717,211,1355,2,881,849,1483,791,2,7341,234,2248,126,1,574,3807,78
1131,2056,4,2,394,273,1924,337,2727,2234,0,77,3,0,580,6978,333,9,59,2
3200,763,33,2742,5,227,1591,2028,502,199,25,1135,718,5301,846,121,600,0,2283,436
53,12,33,813,975,1629,190,208,562,0,1638,1879,0,3811,1271,104,66,116,156,5969
2503,518,96,0,2,788,42,0,157,4872,8,1,27,1061,1199,2375,374,171,172,0
932,2716,45,656,448,1018,67,1072,97,1683,1,1133,79,732,537,3539,1547,90,1838,18439
2540,2,529,7,862,5,74,16,29,491,0,724,1,42,242,11022,6533,292,407,3
5252,12,175,4160,191,14,1,996,138,1338,4281,1738,3849,226,314,670,9,216,1324,124
2,111,3151,172,1,0,519,77,337,629,270,373,44,100,590,19,1662,1518,138,703
1646,0,594,25,210,785,1380,4,44,770,836,317,57,2294,403,556,74,1272,946,1
2100,6687,65,19,0,883,77,153,104,201,110,96,98,441,474,1357,552,62,936,285
4307,2322,3385,3465,1686,31,235,256,44,16,656,296,18,912,3764,80,68,7,4703,1331
802,0,1665,2,203,21,228,415,2378,135,82,681,2788,531,88,483,52,2201,3703,120
2,716,2049,587,1038,1546,351,1720,279,3516,1269,1029,352,1908,3,3436,1135,322,1408,58
