-0.9765502391638525,-3.5920316002755295E-4,0.8507684754079502,0.8976858331926506
100,256,355,2273,767,190,179,452,1970,1629,1022,0,99,1329,1562,55,630,532,473,261
318,1141,164,23,2114,739,138,917,1139,306,0,586,971,672,252,234,552,1247,514,5721
255,373,250,780,243,722,1233,1347,157,377,1105,679,246,2334,314,544,488,915,130,263
439,492,0,818,950,304,1634,60,1044,585,267,591,194,827,499,399,131,549,180,601
50,422,741,665,895,2954,5186,1283,523,272,152,1674,812,60,151,327,336,308,0,106
3061,595,329,1262,560,469,96,281,856,1739,1393,2689,918,1718,290,793,417,283,577,847
0,739,574,784,141,1002,1472,494,134,9103,1685,476,855,1609,291,397,916,495,454,4309
94,2154,588,290,390,1288,1734,594,276,414,2852,1490,2600,32,216,258,3803,793,0,185
2544,452,138,734,820,455,642,214,10411,0,750,491,1342,779,583,1497,3532,3097,373,323
3117,580,1555,11,973,1163,493,1117,123,764,985,1521,295,556,2111,376,1060,1930,441,540
137,688,318,130,766,4733,892,427,173,6463,360,196,2117,327,837,1301,331,1354,448,817
292,870,7509,472,647,1053,1040,274,1540,575,1385,348,0,745,582,1338,1133,595,33,3054
1467,22,696,246,1041,746,1003,1278,366,938,1630,989,1666,761,467,1748,1555,388,2164,353
138,238,1493,679,898,224,647,3540,1565,753,322,5066,785,653,275,1783,556,1687,49,201
216,979,216,194,180,1174,513,224,520,637,217,16,69,274,7393,1588,295,662,879,469
247,1022,376,242,1154,566,4495,288,49,2688,9852,430,864,1649,1476,281,883,302,0,1846
113,325,1371,111,72,3638,63,31,743,2684,0,534,1332,784,18388,670,1023,1804,713,647
1563,623,1737,2201,858,1427,382,1297,314,480,537,905,1055,174,272,408,2749,462,935,752
812,763,658,0,786,355,430,291,344,219,1241,702,431,725,357,369,961,426,398,359
342,274,529,1283,703,625,145,764,107,362,681,310,1119,273,1436,779,318,386,166,259
