-0.7221872189295753,-0.0035912609498524204,0.9376211340158782,0.9461729334669291
1205,2916,1155,538,1701,961,852,180,473,840,949,420,2406,1537,957,737,549,1161,382,119
457,408,2625,126,1508,1489,642,543,357,1919,369,3314,1247,2438,1375,1169,2230,617,4598,1014
1100,1870,424,318,262,1258,541,477,844,513,1830,352,633,697,970,602,1889,0,802,1192
398,662,1149,1094,594,0,593,1448,1006,351,341,303,954,1615,2016,284,766,3744,784,3390
786,590,574,179,1095,611,1305,632,641,1561,700,329,691,901,286,777,474,229,954,0
1088,578,218,994,365,1189,976,1125,556,38,583,813,555,3179,1342,582,569,1034,401,650
1316,212,394,662,2204,303,525,1101,741,1423,688,617,1068,161,0,650,478,545,1064,1295
1452,1461,892,673,2453,1567,702,14807,128,921,1148,680,1413,677,1700,1715,460,2014,2589,2135
1527,195,842,275,624,625,1324,835,564,797,971,1873,1670,845,601,1225,802,1,696,758
334,572,1385,135,119,473,452,1662,792,497,618,632,585,677,910,1243,567,643,482,571
415,1699,408,394,465,683,1047,954,1316,350,2082,790,618,714,1741,1339,2078,878,226,280
1142,2626,1281,865,2090,1054,2710,392,655,409,601,451,520,0,899,350,724,961,503,1972
1454,307,2431,922,266,1606,985,387,331,1157,789,0,292,40,114,556,520,77,965,1075
999,637,2339,812,2460,1370,270,1500,296,493,488,606,933,857,1004,304,1548,630,1735,781
46,376,1280,956,976,631,623,592,427,769,1153,1333,101,854,4750,973,428,823,451,362
1415,368,512,1206,521,2503,431,1543,941,556,1162,2179,535,928,535,696,1539,833,641,1057
1121,475,976,1311,1823,311,929,1644,370,0,1013,736,279,766,263,45,361,608,271,749
3445,2949,5361,602,69,1283,633,1076,2771,815,456,536,1225,1159,1374,2118,2011,1341,912,766
342,643,1083,1205,432,1149,434,710,84,970,214,1676,1608,459,736,535,1449,520,203,881
572,1299,1414,3550,647,885,350,766,251,347,559,592,491,112,1021,1276,594,352,1878,2237
