-1.5373876892379177,-0.002474270888612246,0.8395095321991152,0.8490834789472769
1348,0,463,1350,254,899,597,207,1,364,1117,2,1468,54,1629,92,1850,10,560,0
1838,1796,790,454,1423,4424,55,152,325,359,16,2747,1160,102,809,962,467,878,136,180
91,0,1530,1055,6,0,1089,1255,2447,549,11,1340,0,1675,285,1539,3064,1147,326,1934
369,177,107,563,5,879,411,1786,608,0,344,1085,146,1272,64,2830,4866,162,18,20
126,3314,1411,198,852,1240,1388,131,4051,87,64,770,443,152,0,571,223,494,364,25
402,555,1324,123,4,734,226,485,6140,2511,1800,196,175,312,1013,575,184,1161,13,277
283,492,513,2832,55,1362,7,30,92,1040,279,1298,126,58,113,67,109,945,6301,362
859,59,12,156,785,1710,89,390,4533,70,1746,2517,1524,2812,1770,9149,21,1822,182,814
54,112,558,121,949,355,408,69,1,776,8,24421,337,125,1358,1978,310,868,2431,184
1001,1459,1405,3,214,1493,1079,372,3594,2314,16,26,56,6433,695,242,1897,95,23,8757
59,1855,0,1470,236,3080,3,8577,399,98,4973,265,102,227,781,281,542,119,522,48
1281,4781,115,2843,1418,2325,1407,565,39,2818,540,28,1312,115,632,522,169,25,714,1041
380,225,526,4,212,104,1469,1055,3,234,53,2224,2182,947,453,10529,40,1249,0,415
21,444,596,1299,2211,824,343,1764,545,4536,33,60,127,130,11,308,222,63,556,131
446,5,1165,1900,953,861,1467,1255,98,1564,50,214,694,1986,44,67,1620,187,114,414
7,61,231,143,109,69,1267,88,173,4318,1369,12,1917,166,282,216,1455,1470,15,1590
85,24,4,0,103,0,502,547,129,37,1,1398,272,79,201,563,843,873,281,409
198,622,80,53,3862,260,269,682,87,670,329,26,106,806,2526,563,461,271,478,46
567,742,470,173,123,39,4835,8,2105,844,518,192,5,272,889,3701,13,413,0,82
48,1012,177,2,563,620,140,265,36,1207,12,11612,240,641,420,3646,3,2884,467,227
