-1.4833662008178579,0.004467455881013463,1.0020322350831952,0.9015723655335188
1037,1118,486,1279,275,134,5816,2346,377,1214,941,663,4331,1028,46,2115,404,1244,1341,5847
5950,4238,3930,11,2432,193,1543,25,1,258,805,1438,147,26,5087,556,1165,490,655,1528
648,4285,442,2125,169,750,325,60,23,374,1120,2521,566,247,935,1207,9,3782,990,156
2748,395,51,742,3061,1136,311,137,2243,2355,4,694,1715,67,11,1039,1377,100,637,1898
865,1,1,758,1306,55,756,1426,385,856,79,173,171,3813,165,1290,20,24,1894,295
1,3,25,922,293,26,475,157,317,287,118,65,2806,579,1650,328,228,6099,1237,16
2771,83,180,77,517,691,66,193,1411,1591,526,1211,30,12,1553,1134,832,137,34,1504
2602,2386,815,91,776,2243,467,831,1340,321,1430,8,288,365,212,2651,1247,771,1710,2681
1330,1011,2,2037,4,214,2857,492,10,1810,491,67,652,372,160,58,1527,808,604,1604
756,846,2,806,1678,1,121,47,283,5,457,167,352,216,280,2095,1823,1890,6,84
70,914,141,2714,237,218,30,3,166,833,683,40,137,1247,2124,914,1014,3448,770,210
1675,554,3794,1038,249,310,1575,34,593,172,645,701,918,645,950,705,759,2726,20,272
426,972,2476,1169,1331,14,7,102,689,589,3,336,42,75,58,838,1266,113,176,29
1557,857,3,965,1448,2201,1192,2231,80,1384,1095,600,901,1342,130,40,1,3721,238,1885
1078,1997,4814,1154,1772,1,41,1101,210,19,1416,2108,337,213,3506,299,1469,630,50,691
2072,181,1,3390,940,970,1573,192,1572,727,51,8,2987,7,5,1887,897,304,42,87
679,8172,3552,142,583,431,167,124,575,248,2441,1046,83,395,386,654,254,1823,777,1267
475,190,756,39,30,51,295,34,536,28,1448,891,1056,1247,3518,2,816,1359,1095,277
242,366,264,33,52,3837,1449,839,291,2865,516,856,2618,2,479,473,865,3549,995,2291
1099,5690,1586,718,1647,1056,913,1141,9,2659,6,265,544,5350,2568,1762,748,29,307,308
