-1.0918783125295288,0.05109880149714916,0.779612719738972,0.8991714492766525
0,581,397,863,1234,150,1361,264,105,817,378,47,514,2081,141,304,512,477,83,254
1385,1715,1239,3,1893,1244,292,4426,317,294,1458,511,1731,681,372,133,400,1198,557,815
0,245,891,1602,1451,552,787,392,656,432,6,244,2279,0,655,10,865,114,1005,455
1524,142,1088,155,205,1289,0,764,764,764,339,329,0,809,304,1156,248,12,737,456
651,68,763,118,397,514,4404,492,34,598,422,2262,535,540,860,216,1597,802,1768,805
229,200,170,2285,81,423,416,511,318,265,1101,1712,186,785,2417,1304,327,402,2092,437
221,571,580,996,305,197,1668,1373,93,943,376,1110,600,1087,978,19,122,643,24,513
855,316,383,2469,222,416,233,86,686,1078,79,2039,191,44,1159,171,327,1473,1057,461
936,877,540,729,298,34,9,1546,2563,333,6627,553,1502,684,0,299,522,93,244,580
4,623,382,85,412,633,213,6440,3147,8941,4104,1100,960,1035,693,781,2657,548,5,990
264,543,2113,1510,419,871,526,3177,2672,201,5949,2735,5191,840,2024,677,1100,1859,615,444
238,575,2641,75,345,80,914,441,706,11989,1710,8105,1924,579,3374,57,1129,597,1393,290
464,671,133,770,1233,2666,1388,579,7019,12068,1323,6835,3175,268,1170,1081,662,586,222,316
997,455,405,1329,92,1105,6819,4173,0,623,877,708,192,318,2694,601,0,261,321,1236
33,176,410,88,1201,288,552,892,1458,886,732,624,1307,306,270,878,2693,817,307,553
766,1074,526,128,2,21,524,1121,810,401,12,474,1252,477,203,1351,1604,350,1618,102
2000,767,29,693,0,1180,1012,841,415,315,1038,319,242,1167,735,307,52,605,723,348
3,85,1300,5,562,253,1816,596,65,452,254,1435,630,991,427,1814,4,1659,381,791
934,1026,97,1192,846,383,863,523,104,383,1524,555,1209,2356,608,830,513,218,1091,640
298,1501,424,491,1600,374,617,790,1893,0,464,1289,746,333,347,949,642,409,228,691
