-0.6339912475259906,0.05024310083411362,0.8005322540518961,0.9575186669997562
106,272,1138,498,352,466,1364,268,753,706,738,559,852,485,1016,861,387,1212,473,458
702,1223,617,482,466,615,633,1226,953,1977,438,1197,615,112,1130,944,469,616,339,309
350,642,345,683,798,1110,726,1255,807,479,1622,1313,141,263,345,476,363,830,601,337
346,298,389,741,411,875,845,1467,1403,1076,1535,873,1104,661,1725,612,888,367,204,622
1348,940,531,490,257,943,756,699,500,681,1603,2056,1672,17,532,565,777,1139,649,1145
271,715,918,1176,1441,1162,1550,1337,1572,1463,1025,672,1108,669,1788,264,1217,747,805,782
796,724,701,1515,1319,1321,1506,374,1408,2019,1097,3481,2154,1050,1174,825,763,727,758,787
669,447,1041,633,641,1657,1791,846,368,1473,6812,1629,1459,1207,1652,1104,1481,305,355,1096
369,98,848,480,1014,808,1483,1454,1457,1212,912,1932,1209,1584,438,1753,2315,285,1226,835
1075,275,475,795,407,973,894,1199,981,9208,1500,2171,1828,759,2240,376,498,814,829,1044
229,876,667,868,1340,1095,2088,2869,1560,2223,885,1563,3,1151,847,1155,1440,1711,792,399
291,686,475,806,821,1419,625,1612,4036,1450,1602,1186,1301,1053,9598,461,713,90,388,441
723,573,695,855,2098,777,1372,1626,3101,894,1655,2265,1833,1912,3847,731,1391,590,790,180
155,1466,261,553,1147,780,2161,1191,935,2880,1690,658,1622,812,876,699,336,763,447,875
693,774,422,634,922,661,653,347,753,978,2369,700,594,628,1208,1308,701,1597,893,366
941,338,979,1083,741,767,519,1620,870,880,1175,904,1164,1289,170,335,867,985,399,1059
312,240,307,892,1044,700,843,778,211,1298,381,1198,731,1166,1261,974,1275,736,595,1005
758,594,456,454,780,1232,426,196,818,988,218,421,776,2012,744,477,379,252,522,494
402,267,720,551,456,333,774,285,664,363,1191,740,624,385,1106,768,548,962,590,1022
556,669,583,371,272,411,495,335,264,214,1239,563,720,722,640,867,362,336,359,709
