-2.0752075158438235,-0.0027844224019934693,0.9526019021082005,0.8499372333609728
2726,3155,598,46,2873,582,3368,146,1858,5,702,456,25,0,86,1,1,221,3,3
5,3,1797,85,1225,1,1,4,3,1347,11,1422,2098,234,891,7134,953,2104,1,1158
145,1375,2781,898,0,6,1133,86,94,1,0,155,3,157,5,426,1324,34,1196,2288
630,32,23,450,1,4,2141,4,2,426,1822,373,386,484,674,2190,4,1354,1,6417
900,53,733,733,386,3715,1197,484,3,276,173,349,0,1809,8,398,2,380,2185,24
4,9597,770,1,107,2575,161,75,34,2,1,1,1,277,1713,1323,1488,280,457,22
167,4,2694,2,672,327,4,864,375,37,215,5540,356,3999,2177,277,1885,3,4501,1753
11971,4664,52,7,1479,374,1419,256,5,37,115,66,21,3239,558,2,1198,2989,611,555
3085,1239,50,1006,1823,430,1007,767,6,5,7,2731,378,3,619,265,2170,175,90,2006
23,156,311,4,2,85,3670,499,170,4175,3932,984,8,5908,493,1395,2037,7,371,3775
1853,437,20,276,324,255,3188,1,2,1522,64,172,434,22,489,424,197,1802,45,72
34,46,401,3159,5200,899,310,3,40,1,3149,0,487,284,1555,2450,83,335,1912,190
960,18,1807,51,134,10,2180,1,273,117,419,245,3094,173,1721,1208,1,962,19,2772
8,86,658,1435,1633,601,10,7,224,65,351,452,555,2002,86,57,12,13,0,3429
83,83,162,322,3150,1,228,4,1367,1076,663,97,1773,9751,6303,7,700,2562,574,1437
1898,982,549,1,3012,332,1,2394,12,92,43,2,5002,327,836,1015,1071,5,2318,1
6648,1589,2618,10,0,1002,456,302,1850,300,192,1,1606,1,115,7,14,468,3,77
636,3000,789,17,116,190,1811,92,155,2166,37,2984,313,486,5692,1406,5692,1133,278,1
1231,12,2719,1574,442,1829,186,642,2,729,256,42,929,122,330,397,77,17,1,1
78,580,156,2007,527,2220,140,928,169,5865,1,1846,1090,542,10,21,574,9,1,7921
