-1.5275294138843458,0.050214833526064505,0.8117027188729821,0.8944161729417875
894,269,2658,297,13,345,1090,157,9,80,5,2603,1725,662,1303,987,1737,460,336,1
462,78,2682,331,439,236,3,481,280,96,663,22,38,625,98,1266,520,421,313,255
612,277,1034,2,126,2,1,462,306,146,381,95,86,1792,188,124,542,271,167,670
38,1550,89,134,90,407,775,248,17,261,179,1519,93,421,36,1244,936,176,610,1965
2371,468,3,13,748,262,947,39,2032,656,335,991,1293,130,8,455,1434,551,723,25
1399,3,1419,151,1003,248,38,3486,22,87,303,11,1276,1880,498,1328,2067,95,5,398
1279,937,519,1618,18,364,231,381,1540,79,559,371,1253,574,6129,1,1396,2316,22,16
398,43,544,1232,4,1652,8,208,301,661,2605,154,271,370,673,3448,308,275,267,1569
1260,1210,15,251,144,901,146,1431,1797,126,457,3571,2296,212,2880,3190,3229,269,128,227
2,1275,26,220,31,131,1263,1678,1602,2328,3400,529,615,699,4031,760,657,1640,1810,154
295,1274,789,230,271,234,64,2352,3595,31,4582,7700,3872,1869,4484,15,142,79,21,391
20,842,1211,2311,17,520,343,1196,3295,2572,268,4149,5778,2917,1129,1015,807,1075,3681,4
519,224,403,6,492,1653,171,574,1860,2540,4797,612,2026,44,6006,1920,2065,3303,4676,512
294,0,386,2,2201,23,51,844,1439,404,1500,3754,612,644,846,4178,4078,501,1102,4565
1,28,6,1658,411,941,1918,937,2871,1,413,4664,3028,754,155,997,6,48,2779,1319
0,1074,2681,616,1152,1100,361,0,1411,155,10,3725,797,2,4,2932,245,478,3289,854
3444,1437,779,340,198,1116,595,1224,1031,51,219,325,1160,924,5,1018,3,1385,287,2197
6,283,188,117,2644,375,595,36,411,1744,1887,376,2212,627,171,315,612,10,652,3
549,4,5,1898,882,796,0,1077,89,415,347,842,210,2360,21,700,1487,310,1535,3
398,5,506,917,1456,0,3799,5322,894,345,1438,1017,1208,281,183,616,60,54,1719,89
