-1.970823901317565,0.011858358518757746,0.8523360959274812,0.8505880713370348
1127,45,4096,1224,1280,5,0,155,1588,2,1116,1996,217,475,198,308,3900,2405,3,549
462,127,2062,58,1301,1543,1684,450,157,1708,482,215,1,36,0,1499,119,5,4562,623
1084,648,1,683,93,269,2626,1161,118,1,1471,1617,645,12,496,28,19,327,32,734
24,4,339,3471,3,32,2380,56,55,271,43,1900,2,5,1354,1351,8,227,1127,1
24,790,1649,304,11260,1014,2,99,569,287,111,630,531,2212,10,223,692,918,6,2110
2,515,147,6,441,2136,1,1185,286,93,67,7,225,2,6,230,2,1,2372,118
1,1149,1377,30,9023,9793,68,4790,836,4639,457,175,142,2287,1629,27,13,245,1777,67
1095,2245,4085,704,58,2161,9783,4966,1,49,5279,13,50,407,866,1622,19,1275,129,5
2121,2154,1016,1,2058,21,2,1980,256,953,5363,136,223,636,20,143,643,468,2256,226
560,1163,2433,4950,150,4647,32,122,1758,5,1017,2,4,119,189,907,47,44,1,1
4335,68,1,1312,22,1455,1340,5,1959,294,1,380,991,8,3439,167,3,671,460,739
1108,104,640,81,1,1107,15,2,1,6320,3162,96,1013,1038,161,225,827,155,160,684
13,383,1485,900,59,136,955,119,1874,8134,5245,530,48,420,616,158,108,180,96,1
919,233,98,1517,5989,3231,118,274,889,81,477,26,42,149,1563,16,6213,2532,87,981
549,91,1910,8953,119,1376,707,42,2544,1433,2462,1505,5189,2228,3539,45,331,5,547,1509
8,1002,17,105,69,1535,47,720,328,3,709,308,431,6,1472,26,19,30,3491,20
500,360,2189,1,257,693,54,1260,5,233,680,364,915,1,1372,1,4,402,126,2
130,80,15,377,1709,2,4540,409,5509,1,34,682,11,1,195,2117,4406,9,4,1444
1955,194,3238,65,355,120,264,276,389,346,1286,1563,738,32,610,1321,165,185,320,182
16,737,1020,1697,343,1651,34,2499,2375,8,22,214,445,1918,392,1,427,8,1212,1116
