-1.0494669861555161,0.050635663301640606,0.9007957611249047,0.9003531333149019
975,737,1011,586,2465,2542,621,62,6877,622,696,185,1191,1328,298,213,106,741,1693,813
535,38,40,135,99,270,0,834,1175,839,238,126,0,806,240,390,785,681,895,613
30,1152,921,787,639,352,567,271,303,882,923,349,281,1126,2,476,36,91,872,313
486,112,499,1839,830,660,213,253,667,430,0,138,69,284,505,859,998,322,375,482
493,472,53,23,1036,2028,1583,637,320,633,1713,661,1509,750,76,1010,124,569,1065,1003
1913,786,488,1888,306,134,2226,352,406,200,658,101,332,570,70,12,746,778,1142,412
3147,733,1082,239,301,691,106,395,155,361,266,679,821,804,1671,715,395,202,311,92
993,454,333,1521,1531,545,0,78,738,79,161,1293,147,540,750,185,438,403,982,265
190,484,481,717,244,1413,199,1503,142,1053,217,638,1001,404,239,8264,241,1284,624,319
2392,939,353,1058,479,1154,1693,577,403,784,764,235,2786,434,2858,10750,8284,1114,301,236
657,11,988,790,2104,2007,69,107,544,832,1138,148,214,2183,5622,7085,10183,6011,373,2877
575,267,364,526,2767,1957,58,782,2151,83,863,99,1006,214,1101,2261,7338,1790,197,368
975,2513,686,911,113,79,1059,801,377,612,682,1720,654,438,1331,5865,6708,2229,1789,5227
1900,2360,922,746,193,487,199,1120,122,588,317,412,491,126,440,309,727,526,796,5019
1589,1364,2455,3738,483,434,935,99,1133,772,22,901,261,476,400,99,1834,0,130,447
628,374,499,1196,16,90,353,1797,100,1020,963,575,730,938,757,993,727,242,364,976
155,758,665,220,1351,1244,853,1219,484,2197,768,195,684,562,692,508,2143,106,754,331
230,527,700,176,1219,241,94,1,730,209,46,1856,621,610,94,1328,507,286,333,217
2421,536,327,178,2395,869,1052,1403,554,392,1438,2715,1018,1072,940,700,663,2181,3020,163
7400,200,813,1284,1362,27,660,1024,972,249,508,47,462,0,248,518,271,1491,921,2985
