-1.6000069178703495,4.7260900469564986E-5,1.0504632536178145,0.850629816965942
26624,299,12,1885,5,58,32,396,651,244,2091,53,165,579,692,1004,2174,3342,212,6371
825,1683,2583,17,635,250,1312,13,0,1188,97,324,559,1,388,1811,181,3,452,102
66,2538,4,510,266,882,866,1968,1183,24,1,19,441,2952,976,1790,2115,0,214,931
128,12,80,128,1,725,77,112,17,793,4,327,815,183,17,6299,64,2025,992,7644
281,1344,1103,152,270,661,91,1147,9,373,834,58,31,336,534,3258,258,634,0,1121
1050,336,89,1609,975,138,159,537,1035,186,2232,960,4698,81,2857,0,240,242,645,126
0,1355,2,920,267,128,375,34,581,1125,975,588,513,34,4311,70,60,171,0,244
309,0,8,180,0,1066,560,1939,532,1166,144,577,29,366,1513,560,1073,1011,1446,142
8287,681,1056,345,1137,781,1509,906,179,136,2722,1194,735,984,4,79,406,5164,2100,30
421,1731,82,1415,1,1,77,58,320,2219,1660,2236,241,97,1148,165,2254,1139,2083,43
378,155,934,1195,28,244,3,102,1110,128,1,410,1212,686,617,1,1845,686,819,811
310,1028,1600,18,705,91,187,129,1362,937,264,1552,559,1504,0,302,251,234,185,341
350,308,567,858,282,239,285,667,299,192,419,87,36,194,434,323,438,343,520,471
1073,312,62,1,716,603,606,867,121,3143,13,1958,95,1514,327,188,881,25,37,1733
314,17,1379,808,466,36,56,1282,172,0,697,0,1285,413,446,158,2013,1828,2487,192
4030,6096,969,2221,4,782,13,20,1217,957,216,561,439,142,95,2480,11,1798,990,794
262,3141,1,1370,364,145,3519,1,5464,117,21,616,961,413,110,4033,1174,74,2200,23
1177,1724,91,2506,2131,382,57,3,1413,40,163,2572,79,8,3416,1,28,3495,193,799
2914,806,110,8,15,144,3110,206,0,517,0,582,731,25,638,117,51,1206,1923,1695
75,12193,148,3664,1256,489,1789,7806,57,1220,1,7566,111,2191,286,4763,125,5,89,8473
