-0.6932878351121597,0.009745449296895501,1.0014491988595116,0.9545527085251369
2170,1343,2338,4028,878,315,1075,1776,1890,1185,2961,812,1297,873,735,223,2658,1403,1008,12301
593,1012,288,1446,1492,0,1149,1835,939,355,11,742,1327,991,919,1581,1145,398,1225,1413
1085,2713,488,1029,748,918,1425,945,261,254,563,565,930,2732,1227,622,1252,1304,380,681
887,1134,609,637,1386,879,2017,96,53,1067,294,498,930,503,1127,656,1345,1419,1971,1577
1198,1051,1434,0,1348,1429,1757,1013,549,1268,289,703,1023,376,996,695,442,1168,2009,562
1020,461,512,150,420,342,690,557,201,639,235,321,1419,209,610,1128,953,1159,1361,405
825,1048,621,648,815,1071,0,295,1961,518,312,304,476,193,714,211,1073,393,1220,766
502,1117,542,260,135,593,293,2262,1525,13,897,476,1129,1099,686,891,1389,1974,1139,2217
1706,955,2503,694,505,323,194,754,165,785,872,371,3193,344,794,245,580,1193,369,819
603,1903,131,808,736,411,650,646,1484,643,752,687,459,1047,2604,979,1073,425,339,12
1247,2055,2042,482,1011,790,125,472,545,670,447,1058,1032,827,446,493,618,1310,834,1092
2173,219,474,16,440,1021,724,1499,627,389,577,1415,961,609,527,1092,1318,138,1187,325
813,378,39,89,676,848,1351,339,768,631,263,303,607,781,134,2009,1360,561,1199,349
986,1307,1440,1108,528,1099,1062,455,560,326,536,237,1065,1902,1678,331,304,1318,1237,545
382,856,662,780,243,518,480,687,746,754,526,641,621,704,1077,964,96,937,1145,2136
813,675,607,1024,697,1461,1407,711,255,433,1829,1092,962,0,760,660,689,1745,613,504
2521,1644,1288,731,412,577,1071,23,1062,1860,1262,616,481,83,599,564,2023,619,2618,745
419,1373,369,446,995,2870,279,744,904,1192,437,1966,775,189,1457,706,1420,1174,1096,1975
2886,810,1169,942,1421,1117,346,1669,991,793,2256,339,901,2242,2296,505,177,1658,744,3833
1079,987,1499,888,1907,971,1269,650,840,1251,357,0,912,1003,2039,0,682,187,1698,3064
