-1.6281855064755766,0.0032642715179810786,0.8155682566906501,0.8408369348245683
220,3172,27,214,2170,64,808,789,378,17,916,1,4878,332,422,137,1,449,76,421
92,1405,106,259,39,69,802,867,773,288,3545,1124,914,2070,325,10,53,31,60,639
474,490,775,43,258,0,27,3868,15,71,265,664,1638,483,914,110,435,59,22,166
23,632,2479,5172,81,455,163,389,428,648,1005,7,61,79,332,225,397,512,1058,18
98,9,1661,119,11,5305,779,378,15,89,230,31263,891,0,3165,84,91,482,119,9
8,647,3960,1938,338,2307,2832,1975,120,2166,90,677,684,1760,228,192,55,58,260,133
223,360,172,279,416,11,292,3007,493,2234,3417,1505,8,31,1273,5081,1416,883,1774,398
83,782,962,216,0,4542,14,2994,3747,1108,501,1457,13,323,959,210,320,6,962,83
1838,639,153,373,2558,438,2756,4,12451,874,1543,4,77,221,131,1545,360,28,252,35
0,8,435,32,14,707,2921,497,282,290,6593,9199,807,1167,526,1250,1552,7652,7,182
3031,902,2045,306,135,285,2118,2,147,33,6982,284,577,140,1923,50,939,360,1959,560
434,3122,63,97,161,5,1197,80,3657,1031,1558,956,0,2397,28,3,540,386,131,1512
103,508,74,674,1200,185,1381,2490,146,275,2386,236,854,33,245,120,751,554,837,470
281,247,570,2121,683,20,131,101,5234,113,146,2089,1385,565,2646,1554,515,2771,138,1
24,631,41,157,0,662,63,2221,545,57,192,3321,219,2257,2827,260,174,27,1731,356
1508,263,1,163,1,8,24,1399,2947,1143,31,1,8,321,6,107,4672,1031,64,272
157,152,61,1931,238,3,374,1,43,455,994,5766,724,538,0,14,2183,110,100,500
1766,50,760,372,1460,194,383,1031,2058,983,1126,874,26,93,347,9,122,54,3199,192
250,151,686,8,11,1205,488,16,384,86,492,1,1624,1609,1247,108,164,0,1896,2753
3614,670,139,228,0,37,1436,745,63,1205,607,75,314,842,9,213,70,914,2916,2342
