-1.3726726225577106,0.05096309271568609,0.8960868643554213,0.9060074559076339
7,3029,3557,1899,416,558,1708,1382,87,759,12,1627,1813,50,0,1305,289,665,256,1894
117,2068,1056,1120,1867,222,140,161,1658,238,694,255,389,1,3,747,348,2525,18,3000
10,762,3191,45,0,4,1481,1337,1701,50,115,414,1361,359,3366,366,1120,798,1437,1107
414,70,748,588,2236,120,50,923,703,17,484,1660,1993,829,4051,6,55,2152,2,498
419,245,1042,693,122,489,1108,28,1059,781,1735,1,970,3419,783,1127,489,144,769,580
256,246,22,516,1779,610,863,1682,45,70,151,1967,3215,2324,691,110,15,154,1614,405
77,1639,673,617,447,200,511,630,486,279,261,283,1817,1041,7,4378,1630,1795,1841,2566
177,1268,1565,4,311,237,29,97,75,594,3944,1268,376,0,158,4,3165,2429,812,516
1232,1440,1246,58,2,1,150,151,350,751,95,8,20,202,1656,4400,1065,4199,1714,2835
76,151,1336,2133,172,1,37,69,351,75,44,289,678,689,6041,686,2961,378,984,455
235,152,58,1858,0,714,590,2254,8,201,1689,124,159,285,5315,3609,2167,2121,323,241
22,147,812,249,269,904,1882,1880,274,847,456,1742,114,467,4637,5182,6105,1154,2018,6245
63,543,1691,1623,35,2627,184,765,638,486,907,224,1310,1328,0,1967,3774,0,926,4023
222,65,428,1198,1661,1738,149,1782,81,760,1,391,1640,195,179,625,1106,3152,376,2521
2502,195,245,432,395,0,159,885,466,38,1,1442,2626,499,1339,2161,2664,1140,335,664
2435,45,2,392,829,625,307,729,136,1722,3,666,22,1539,399,1074,496,668,2549,22
165,1086,560,95,1643,340,699,2496,13,3451,85,54,578,2563,658,2880,743,4182,597,1057
583,732,419,1247,0,34,508,813,1242,374,181,399,909,628,1349,2601,1704,1091,403,2663
1023,72,1,1200,20,556,212,1683,180,1536,804,650,570,126,702,3153,587,2100,455,24
368,26,514,30,316,215,270,1279,776,409,23,243,479,1841,600,1237,2373,4193,336,416
