-1.4417028121556343,0.0037347527696270553,0.9811232105223352,0.9116341383209641
2471,2974,269,1751,206,981,3242,1304,629,1749,2058,29,2157,3262,2160,214,970,36,1560,153
2943,646,6158,1620,2704,11,573,2554,1429,107,1587,15,1628,481,824,2277,4212,1704,1678,864
876,2408,2322,29,1556,647,1223,110,1119,323,167,292,257,11,1104,207,7,781,443,1852
1803,248,671,256,856,7,4,2032,1137,703,817,231,1738,17,680,709,180,985,2677,1
673,1,236,1023,327,654,895,611,73,1293,155,718,1576,605,1159,2560,580,1004,1805,155
33,92,855,1034,70,171,890,520,726,1264,1683,80,27,484,2850,1674,1272,933,243,563
122,1561,683,6,1045,2,405,583,495,749,1828,572,3567,289,893,3535,1772,326,771,368
1219,119,1541,867,2686,972,1347,603,6,521,1067,172,410,122,2531,250,96,174,1662,1014
2,983,416,78,279,12,173,2,856,2726,201,10,981,316,4066,1437,1106,97,126,200
34,410,1497,70,4,1,428,40,2,288,10,451,5,1050,137,1429,1173,1592,342,1866
1038,1129,1985,696,860,8,1146,4,362,184,314,472,1629,560,8,2219,1807,9,2409,2453
200,191,2576,41,320,427,170,1639,1070,1921,84,147,1737,2965,812,835,1933,50,1202,40
708,1668,2416,96,178,3597,172,6,1913,452,537,4,318,1335,67,109,8,46,1487,339
89,2113,5,3907,244,688,2591,1646,1768,366,567,1440,4103,43,271,133,327,1395,2679,1087
127,2408,617,2736,235,8,2,1,285,196,1120,369,17,1670,3842,431,120,40,5036,30
820,1810,765,175,225,605,2472,1366,2058,818,314,1,1537,9,155,553,245,2077,2,1328
0,2710,2555,221,2187,3,431,626,1098,95,164,324,2247,20,25,2247,462,4260,677,458
3772,3296,988,1687,622,1454,274,10,1592,1349,0,9,927,11,4812,167,732,12,20,1097
3457,1680,476,371,861,1604,206,12,456,1109,1560,13,958,563,261,1,55,744,849,1968
2871,468,515,1546,1846,1093,655,223,2384,2142,718,953,197,587,7314,2686,406,2023,387,407
