-0.7597449258359951,0.04947309592411584,0.7997674555851112,0.9503468148587642
505,272,380,428,292,960,235,1877,1104,948,664,1198,849,259,146,666,991,160,457,345
242,428,1021,424,100,492,289,609,424,1586,604,1342,777,829,793,472,701,319,627,1045
755,1820,839,1498,212,839,383,91,1060,582,473,699,298,1251,876,660,622,1164,323,1123
190,175,745,298,208,1693,1108,415,1145,2672,594,930,333,1000,792,592,1241,166,579,250
316,84,815,657,379,1235,1180,631,678,306,1371,913,1030,172,1200,762,1031,2276,850,79
487,521,716,1130,1542,4027,530,971,709,2288,964,1259,417,1262,3492,691,962,1255,706,461
486,859,816,466,487,1558,1306,2330,736,819,991,441,1064,1883,3267,1063,781,488,329,4
470,265,847,662,934,2529,1970,1867,744,1345,1718,653,746,1122,762,443,784,332,1660,357
493,726,888,413,425,720,860,1638,2821,1687,1182,2636,2955,1884,1801,1199,946,852,632,512
1138,1535,1006,795,1794,394,2679,1392,1142,2620,1702,2503,1826,670,819,2430,2746,555,1704,481
766,638,816,818,549,3164,2205,706,539,4329,5281,3290,1579,1605,1558,1658,333,1078,1518,1349
269,1288,481,575,1530,19,776,640,3050,2447,863,813,755,1153,9534,551,342,668,486,1359
479,367,1581,462,2538,534,2161,2425,1601,3118,540,2418,2187,599,623,1078,741,330,664,786
737,690,1358,380,1095,694,1391,494,599,971,1210,567,1268,669,445,1035,302,1273,515,257
677,1154,621,1163,601,1075,1362,1386,418,2653,2434,1101,1017,1115,1113,740,335,683,462,373
766,1376,521,1286,246,689,1355,1196,2097,1546,2307,1266,355,219,1696,175,582,290,985,697
251,495,262,588,448,142,1523,2727,1273,347,443,173,270,494,407,296,818,1576,1156,833
75,712,239,218,320,875,581,516,158,1274,700,1782,290,940,114,298,708,368,274,153
807,238,596,567,60,728,781,2309,506,2222,297,285,665,477,647,903,60,404,216,370
93,409,24,77,58,542,2147,359,637,1734,1389,340,216,418,928,778,704,51,124,1151
