-0.6055922541088908,-0.0022520662251836023,0.9743679656638944,0.8891830078687565
361,538,1624,412,1066,1136,699,1285,1190,653,12,86,620,714,520,1311,253,304,684,505
1066,728,471,672,41,1105,1021,601,2514,1245,656,1058,116,77,1049,853,1126,851,530,520
1214,1535,846,429,1441,308,555,766,1807,0,465,859,696,326,1200,359,756,1449,418,59719
746,254,271,697,1379,811,1077,1190,1632,353,742,597,784,1907,421,1007,925,1308,387,667
448,911,1102,636,1260,589,732,785,492,1167,2192,1579,247,437,326,117,1321,862,1024,722
0,538,872,920,1088,1253,162,689,833,482,673,735,671,551,463,770,832,987,493,731
499,192,440,558,498,1170,1406,381,1408,626,354,616,369,790,579,992,1110,297,1363,828
850,820,744,2125,1293,623,899,1802,1252,249,415,808,488,1250,316,1639,995,298,706,396
1401,146,486,622,1217,122,971,723,1181,1314,1064,1381,1349,973,1012,880,751,1046,633,697
431,352,606,487,457,1402,1121,458,1921,945,1085,417,197,0,1293,603,1878,23,785,1664
444,1366,934,394,0,946,1054,1191,1098,557,1403,225,40,696,394,716,606,677,1009,263
777,0,917,937,708,412,211,939,590,365,92,299,520,631,356,235,1277,313,232,467
661,833,589,734,865,757,1827,591,1068,941,961,455,1503,328,1047,1421,1402,801,1395,1296
547,705,873,734,388,2147,149,1140,375,1371,594,558,500,1541,753,978,34,0,322,705
164,1243,1641,627,873,365,716,606,843,571,602,327,941,162,550,208,662,1548,301,441
713,1463,1657,282,752,785,841,726,636,865,346,1648,869,150,759,597,998,1535,702,168
265,363,772,950,295,916,326,744,634,1015,828,704,595,648,689,1053,644,843,470,552
1280,1490,1167,822,1016,454,794,826,1110,1854,1335,1066,1247,422,774,510,347,2160,436,728
732,604,742,1455,1195,822,372,963,352,1108,254,792,786,518,522,182,2232,1310,348,630
1042,2557,570,1278,1022,488,623,1475,394,710,858,411,785,0,431,934,1386,670,500,790
