-1.4258990792641253,-6.594322566041822E-5,0.9592224097746155,0.8508804799596008
114,308,652,598,376,253,858,488,11,913,5466,25,102,23,117,4686,140,191,766,149
643,515,833,1903,5851,14996,162,83,2419,1000,1664,2080,479,4339,5,15,619,904,127,0
1755,0,24,57,444,421,691,55,294,0,52,4719,890,86,1840,178,1176,524,505,873
1623,540,89,417,3577,9800,20,697,56,64,590,399,5726,87,147,4327,172,738,26,16
88,1112,485,457,401,168,398,539,831,39,723,16,433,255,220,598,130,14,380,0
0,1066,93,343,0,2652,87,573,2044,881,321,22,440,372,39,737,2006,633,11,832
25,381,189,117,2200,522,35,988,334,268,610,193,57,1201,296,267,210,3086,2006,0
161,707,256,160,491,1290,73,671,4483,43,2851,433,223,19,806,2513,1134,275,42,329
19,621,93,636,1254,556,751,12,1125,3712,15,243,50,105,120,0,84,37,1636,11501
992,302,49,189,735,584,770,794,54,97,1869,9384,273,158,46,36,564,813,168,1140
1,456,2178,306,34,117,390,612,160,250,349,1439,303,0,2,834,2733,291,2,1492
2465,499,192,834,127,98,386,78,58,497,494,570,204,6,26,1217,287,891,1011,173
95,178,365,187,232,1414,210,705,2729,1003,1375,828,1911,789,1323,4041,1252,2,144,844
300,1424,276,3672,268,75,360,219,850,704,594,533,25,170,593,827,50,531,2108,622
56,822,830,46,955,1703,216,1128,3252,571,29,1708,0,1259,231,324,2348,269,646,376
1197,282,25,1944,2861,6,485,37,1006,113,479,28,126,1329,84,47,224,880,156,661
772,11871,3951,495,721,2996,72,211,793,399,4350,318,122,446,420,25,253,1096,611,91
1862,2244,735,1258,302,492,980,790,77,1182,76,129,168,413,11099,3215,2165,1615,1880,197
714,218,8,115,220,561,77,110,15,1490,2116,2368,7649,455,5110,219,1072,4369,2122,604
848,78,10825,93,125,1013,36,372,34,628,8059,255,219,1712,416,160,504,348,2157,63
