-0.7919244118174636,0.050390360205440285,0.7992257707030842,0.9505595387563787
187,379,812,570,1252,142,736,1156,1962,1019,631,1765,604,315,289,800,90,73,26,365
689,806,1220,668,371,369,239,494,904,410,576,359,811,540,271,850,1199,434,423,1013
665,1013,612,849,199,734,893,23,608,1230,267,426,372,2283,778,470,685,1313,273,1170
695,296,101,763,82,1908,1562,924,1178,2847,98,1309,570,802,830,917,983,442,439,194
382,491,980,880,180,484,1020,231,1196,1370,940,1905,944,1156,1034,605,1043,2096,566,17
741,275,315,266,1547,3417,97,818,672,2836,736,1528,1382,1765,3393,789,566,792,398,274
89,606,1266,475,1020,1161,828,1738,1523,1432,1597,691,251,1844,821,894,267,798,308,465
180,465,954,35,459,1312,2010,1108,884,1137,1033,780,1209,1652,501,890,1721,445,938,1390
600,512,2112,654,432,1201,1860,566,2560,1472,709,3730,2695,2091,1781,763,1563,811,1029,497
1562,1599,810,1011,2238,498,2268,945,586,748,2094,1815,1489,813,327,1421,3179,1020,1793,843
366,946,840,474,240,3409,2271,1253,550,4927,4423,3816,1373,1000,1763,642,854,1563,684,244
558,653,657,866,3018,3,4,1761,1094,2720,1345,891,906,1620,7040,364,2465,950,479,671
711,925,713,1544,1677,313,1089,1047,4333,3058,3475,1015,482,1285,876,533,511,466,724,1490
272,667,1039,307,697,636,778,644,851,967,1655,1052,1376,1187,558,1074,658,1898,348,1
468,1086,498,624,1034,2007,1396,1415,246,4517,3565,602,537,933,1478,423,873,598,701,558
406,640,744,819,518,651,1211,1191,1725,1627,2068,1024,769,253,1452,822,1305,159,988,992
496,820,94,739,270,231,868,1428,1038,278,243,626,288,518,527,321,609,1207,821,1425
55,622,432,532,1095,1432,677,323,2271,1182,1924,1247,258,1592,111,377,867,437,424,113
273,201,618,237,628,642,259,863,200,1282,160,771,1414,572,532,888,311,428,365,274
118,517,93,300,269,221,678,981,1364,1114,1049,167,241,239,249,1246,634,396,213,115
