-0.871906863945212,-0.005469038695894072,0.9769469929037414,0.8494205436163977
689,507,698,738,834,1165,651,657,294,967,1189,896,1302,1119,642,19081,1111,586,262,575
32,627,486,361,133,778,488,1300,738,55,904,370,82,641,16,285,262,523,569,1814
1270,0,434,631,1488,713,1336,1347,860,532,554,198,343,255,490,623,1020,299,1781,388
494,660,378,544,427,496,1276,252,792,752,730,665,302,358,592,1856,209,622,364,2402
0,270,489,1089,874,1143,763,188,43,364,588,810,1193,1270,685,675,3419,464,952,631
185,237,572,870,165,325,914,1153,171,351,1066,447,1069,400,496,879,975,353,1186,1372
301,277,129,502,15108,322,974,235,518,584,97,985,271,122,1230,480,915,1517,906,906
390,0,803,329,26,118,1167,503,665,610,1001,451,1525,665,948,705,194,419,394,520
1031,557,608,623,701,210,645,451,663,182,985,299,242,631,185,777,626,58,97,434
460,16523,570,381,396,541,837,242,125,615,989,1232,739,333,327,120,1005,0,387,349
1033,606,739,208,401,1207,185,1775,84,4169,40,18503,536,1732,973,1009,355,830,214,634
199,438,393,1225,1111,497,282,1046,596,433,0,0,764,205,1085,547,764,1118,1040,14996
589,959,884,695,696,214,307,1117,93,373,760,491,1343,195,878,105,679,566,889,149
1273,397,956,447,1219,557,1147,472,549,520,385,701,1003,4,1269,1740,1073,1079,1144,141
829,678,386,399,1156,1099,365,181,1931,865,785,375,0,1958,439,446,496,729,122,380
1240,1238,192,607,1,230,194,559,1222,325,436,1392,333,399,757,1200,915,61,477,328
1187,625,105,284,568,626,1424,446,269,1738,712,1036,504,530,251,483,254,1498,116,213
673,621,677,1016,473,360,791,926,656,304,399,628,336,669,419,433,2229,777,612,558
22628,38,385,416,285,575,454,219,56,526,701,540,96,641,407,0,1303,808,802,730
689,476,2290,226,69,257,320,275,403,97,340,2227,807,0,1143,918,21570,757,205,359
