-1.3323409316319987,0.05074144932825112,0.7984912355596028,0.9001156528361224
173,560,1006,54,398,260,47,22,165,176,119,2216,1839,923,907,364,1152,360,375,73
390,178,485,202,348,473,138,907,175,842,707,51,29,1945,266,561,244,271,657,317
48,4,659,2,778,41,165,10,562,894,750,314,358,2399,157,11,66,126,393,796
127,367,79,27,267,280,957,298,30,49,554,612,179,822,14,368,631,137,2952,1521
1189,75,3,93,666,490,547,265,2031,761,837,1939,747,503,37,307,1174,542,1614,433
1733,286,745,34,841,373,51,2247,185,186,310,42,329,886,154,14,928,57,89,1323
1090,3378,58,843,29,415,345,482,3283,85,974,239,712,427,5974,431,371,2205,279,26
274,133,609,1105,10,1433,13,16,1059,866,3187,135,375,236,640,3072,812,449,690,1126
289,1102,357,424,255,1653,177,5282,2101,286,699,3610,1476,247,2457,53,4555,1285,516,559
257,271,459,5,518,308,1511,2899,2030,1937,4107,670,0,1492,3843,545,518,2144,1309,8
20,472,1130,54,553,393,1116,2336,2106,404,3926,7798,3266,766,2145,23,834,278,561,704
15,923,548,959,140,443,151,1783,3123,973,369,3951,3509,2905,3407,1024,1624,1615,99,234
1359,179,874,6,932,972,209,1928,2331,662,6082,3889,1479,167,4671,4991,3039,4581,2924,236
244,314,624,449,1536,0,31,2688,590,237,2352,857,243,260,770,4707,4951,706,887,1090
21,20,581,46,1228,18,2214,6,1677,308,1419,5574,3882,378,26,1020,176,6,387,729
1169,932,1686,823,388,796,753,918,738,182,1310,2897,11,1,53,2734,502,506,2881,792
2916,1253,59,858,102,361,589,144,346,371,680,294,914,2002,8,635,153,408,936,943
51,277,723,28,3830,213,828,15,612,2196,3218,757,1607,687,519,1186,987,88,787,1
208,3,150,1658,867,1912,92,1388,112,166,211,1028,125,1712,175,1942,2065,810,2867,216
174,1122,716,1000,736,374,4061,6121,1149,685,354,1550,1606,3,280,14,533,225,1714,220
