-1.1814913499096764,0.05699616290610167,0.7812828743179273,0.9010784738470892
522,439,1043,525,534,268,5,0,576,177,268,8,29,2376,688,1202,248,3905,109,147
642,1189,451,1501,1134,119,50,160,207,557,290,18,536,205,435,1494,380,1160,244,103
0,362,553,21,234,89,532,402,239,307,190,196,4316,241,135,221,28,188,470,383
530,669,92,315,882,256,1137,4405,1834,83,892,150,527,1349,513,878,352,626,603,224
1382,14,1,119,3,561,934,1013,1671,64,837,1145,1805,165,3251,318,262,700,1014,280
374,456,1557,2422,1602,672,690,364,73,248,1087,345,378,1681,183,275,1358,1356,103,149
69,1198,262,86,700,815,139,6,160,73,2227,336,1789,110,325,1202,502,50,1352,466
7,914,221,683,490,2608,447,529,49,1727,999,23,20,429,5895,1143,292,595,618,157
1250,430,2277,1159,660,2686,923,1704,496,454,485,6,2062,2775,414,393,0,1024,53,253
1097,0,272,471,116,303,2090,2341,333,2612,3574,552,3919,3178,392,3353,1099,63,1311,278
347,323,1542,494,31,415,172,935,3115,105,8495,9599,2766,2056,904,929,352,346,1435,1126
111,860,221,165,21,0,113,227,2319,3631,270,7670,2751,3615,1968,572,0,3027,1021,833
80,368,103,464,229,329,442,686,5044,173,6035,2553,2812,3209,2404,1415,3913,2816,3539,331
85,684,403,74,3460,99,89,1873,1060,2823,5204,1577,1656,619,2647,1807,104,66,321,892
522,323,1448,267,786,3359,934,879,501,342,1015,3333,5017,455,98,1642,167,2727,509,1038
683,1643,0,1058,1326,1805,2231,670,3611,1252,731,0,171,1757,2005,1622,700,262,1201,1053
39,232,0,86,526,312,139,107,431,271,832,3332,1471,512,258,1237,875,458,1618,148
167,417,723,313,3140,1169,242,11,277,3491,938,633,456,137,628,387,1142,785,56,43
901,595,1140,1218,583,1235,1056,162,373,1514,377,732,113,780,248,1514,2304,162,2434,639
36,1256,273,1441,183,317,277,717,0,463,480,219,20,441,158,447,482,1391,918,139
