-1.0666710794784842,0.03867303861549383,0.7837373465945808,0.8988769321556536
413,560,397,863,1703,229,1411,264,105,398,927,92,597,811,141,304,559,477,93,254
1385,2196,372,7,1893,208,248,4426,555,294,1248,511,1853,681,372,135,400,1032,583,101
702,320,891,2034,1451,604,762,392,377,432,9,437,1346,0,977,11,139,149,1110,576
1530,136,629,310,160,1128,0,246,443,764,782,329,0,1195,396,424,246,726,797,592
651,295,763,118,418,754,4404,492,34,447,418,408,399,344,860,275,2004,802,1768,805
174,233,382,7067,0,5,310,269,221,75,1810,1336,177,877,96,1886,922,324,879,626
3,437,580,578,1558,403,1182,1338,118,943,248,1302,600,1087,1003,62,213,651,805,513
855,316,214,2098,222,8580,107,105,686,1010,349,1223,542,911,1142,171,732,1653,888,186
238,325,830,1413,957,34,42,1752,3081,333,6627,516,895,810,1358,299,334,0,244,580
4,765,230,300,412,524,213,6247,2556,8941,4287,512,83,727,665,784,2672,523,10,990
475,398,2104,177,458,871,585,3616,1232,713,6415,2735,5126,1035,2010,677,2114,1834,1022,444
280,778,1518,75,219,27,800,340,635,13025,1710,1141,1924,595,3374,57,949,545,1393,1623
545,710,1,770,1011,2507,1404,884,7019,13680,634,2872,3174,283,1172,426,662,192,222,316
398,455,410,1054,83,651,6865,4210,1310,2103,967,5,835,326,1137,352,394,33,321,1236
33,73,677,815,1201,424,1788,892,792,962,629,624,1459,306,532,605,2682,897,332,553
544,1074,624,158,3,56,620,1121,847,1221,974,422,2033,347,256,312,1207,278,1618,102
1134,995,1174,678,869,1180,967,123,415,136,955,319,589,825,732,309,52,605,723,434
3,0,1300,821,632,201,1748,138,40,552,708,1558,630,1011,427,1718,113,1659,403,742
932,903,273,411,300,705,1044,353,593,381,1550,555,1600,2401,25,909,513,63,913,929
298,1290,315,349,1600,374,875,279,810,591,464,1289,839,670,443,949,642,33,604,691
