-1.187892115296549,0.05072771237286002,0.8085420151580281,0.9152077123941618
291,200,939,41,339,439,79,84,32,162,128,2029,1848,1607,411,291,747,323,351,4
491,145,501,275,346,528,138,957,180,568,1308,156,41,1538,418,908,457,288,880,137
32,97,2041,1044,727,460,145,250,349,305,276,128,140,1594,112,352,750,129,372,651
545,687,115,1103,185,265,227,49,92,228,1584,344,604,285,15,82,797,97,2399,1154
1011,110,11,30,383,490,733,257,2031,710,464,1450,1251,547,15,169,847,2201,1266,487
985,959,1810,708,1035,373,165,2315,200,68,488,53,726,725,161,770,679,117,184,4
869,2418,208,6,76,423,174,456,2928,591,2274,209,1227,440,5841,110,536,1966,1859,9
239,422,632,1534,7,777,11,1070,672,1327,2254,632,810,0,732,3126,1670,861,1443,1325
718,709,727,360,200,620,315,1783,828,470,739,3328,1505,185,3191,93,3439,1388,367,1048
635,409,200,24,532,1606,1386,2071,1624,511,2480,675,133,1561,3593,486,607,2144,1250,145
24,527,1179,155,71,882,393,2960,1887,856,4009,8083,3209,564,2021,35,939,189,611,1634
15,1007,1088,1330,516,461,151,2608,2763,1884,395,2246,3515,2332,3432,517,1646,999,411,796
1236,127,448,6,1435,973,417,2177,1523,614,6082,3420,1481,102,4730,3753,2083,3021,2126,520
731,54,445,289,2084,20,2038,3001,856,302,2502,1548,107,844,882,4707,4993,688,422,1595
25,19,1474,27,806,93,2162,319,2720,258,643,3398,3460,970,47,782,51,0,106,850
1179,55,1033,804,388,659,783,624,738,168,259,2184,2945,232,279,2692,390,436,2905,559
2314,479,260,1003,211,735,893,813,1432,1676,1610,285,869,2209,964,912,214,760,1566,1167
49,151,1834,5,4001,0,480,75,362,2458,3184,697,213,554,348,211,1362,68,1151,1
197,252,148,1824,4,841,75,999,34,166,172,1030,1891,3039,751,1122,1475,761,2867,176
53,1147,284,1578,659,181,3349,2209,1318,590,408,1130,625,3,224,261,599,317,3245,266
