-1.0001922526011506,0.05239611288965724,0.8005329447389437,0.9239388249352201
413,758,953,165,356,464,1211,1545,764,1279,49,512,1002,31,183,798,1533,305,668,85
582,486,257,1128,155,411,56,158,497,948,1851,214,0,1753,356,91,38,1332,1223,109
320,74,270,323,915,68,448,774,86,2381,958,910,1186,63,254,375,1193,342,348,967
306,873,221,744,233,365,849,543,2077,253,966,830,446,362,1934,351,69,827,3143,504
1636,802,1077,427,2489,308,855,908,224,1110,3482,218,186,404,613,363,324,653,255,665
1303,290,298,267,817,748,1116,2208,2249,642,1270,2325,255,1141,27,217,792,222,1769,173
1239,419,173,38,269,748,1981,575,2016,156,404,1857,1213,1185,2416,630,85,368,0,874
1402,767,490,648,545,2067,1054,625,318,1642,0,885,1137,1341,907,1025,445,393,1787,2121
712,514,360,2589,0,24,872,233,1593,2215,2475,666,335,2347,2562,180,278,321,290,2144
504,88,259,1382,2135,387,1274,1134,2295,5200,4035,893,613,795,2512,584,263,266,130,237
155,1838,507,268,954,696,3429,4152,823,7959,7024,145,2716,212,646,803,729,270,665,226
56,485,2746,584,1913,1728,94,1737,2376,2880,3602,5311,1603,1045,769,434,1297,193,277,144
1035,241,732,367,1684,1698,1871,506,4270,4128,495,501,1764,136,2012,1041,1380,1788,660,634
17,65,4,595,1522,1006,5559,269,821,3122,1105,592,957,766,1340,287,866,272,893,343
4,1423,1080,316,3555,212,1141,1367,772,4884,117,388,560,1353,2248,1223,141,592,1352,1404
592,429,918,816,124,665,421,370,1103,2641,1655,1326,311,0,702,0,188,1364,2028,336
71,561,188,190,107,2444,1656,206,1530,2039,281,582,553,316,3264,468,662,700,897,293
388,1214,424,137,449,3506,48,855,20,1689,1369,608,1970,850,1600,177,187,379,71,126
761,313,354,1083,1106,332,286,501,88,1442,994,15,137,499,869,305,620,556,819,466
439,90,499,292,910,3914,490,2477,1124,64,964,2969,974,879,45,171,12,234,1058,1293
