-0.5292745017094759,-0.0021033991594698637,0.9347689479418685,0.8971047515454924
1138,857,1071,346,529,1000,722,777,316,516,757,273,400,1212,591,541,176,944,1690,650
426,1254,680,233,313,523,2219,564,1343,763,534,874,626,854,438,1045,1029,588,817,1039
406,434,1160,59128,1080,0,688,551,803,228,1484,177,361,1888,1161,407,1338,677,1230,643
966,1002,1172,1027,777,319,1052,710,21,940,554,584,955,1340,378,704,1012,1180,793,1113
278,1489,600,1316,862,1246,881,976,860,603,1761,973,1100,1386,1194,704,1001,1513,776,349
726,1196,612,340,1152,1441,517,731,1001,1153,1070,342,950,320,970,816,586,613,346,767
1456,628,627,758,768,574,626,440,946,820,1130,827,731,490,1532,1050,939,908,1174,716
1052,618,333,617,633,551,879,433,938,259,0,1439,1161,533,706,191,630,411,1232,416
549,313,1405,706,1093,789,505,923,935,357,456,393,1032,302,397,481,522,969,505,719
436,1015,393,996,580,510,1519,522,494,212,284,558,707,588,419,627,170,339,350,879
583,702,591,1144,714,786,712,265,1340,1261,250,652,658,1166,1280,1300,345,1036,600,371
480,1081,304,1385,657,427,1070,980,372,1263,659,848,1023,767,1206,1273,749,560,2066,1743
1817,860,1175,755,1412,405,352,1211,903,370,444,1405,1084,109,1379,855,410,1161,901,1347
1708,1150,346,198,740,801,486,533,977,524,1178,1491,1499,1468,507,1208,1288,602,807,270
345,312,466,673,687,837,673,1274,251,753,577,1245,448,936,913,1326,947,1375,870,742
758,890,1159,786,599,655,1009,532,1150,212,766,1014,475,1075,590,441,695,175,1346,500
1088,597,835,11,534,951,576,942,836,432,816,872,668,735,1015,401,1292,442,364,414
746,857,257,715,1292,726,255,856,1066,698,557,1427,664,991,265,672,853,1382,968,594
939,478,881,73,1070,2348,403,1933,300,1349,801,362,964,1120,290,689,1156,538,487,537
941,321,644,829,704,701,862,893,825,653,912,280,1009,845,187,961,446,2151,334,1345
