-1.8725572354352038,0.010998435498593225,0.8021377766267457,0.8530585971655648
1202,53,7,39,2438,151,255,1206,564,5,913,4,2061,58,1653,52,2,945,33,282
192,520,181,2,10,29,439,503,1899,3023,4438,980,2933,1836,285,10,55,59,362,3263
43,297,31,43,1,1,15,2929,471,5793,73,953,1238,328,76,147,232,640,317,79
2,374,260,2580,500,1070,10,1252,464,1,1494,1,1,118,979,805,2711,614,875,12
55,1,1,114,1,5463,1149,0,102,63,99,11092,446,2208,187,244,20,4,90,11
167,814,1244,2038,263,2293,3673,1720,153,5389,357,747,60,3472,309,39,547,94,500,398
266,283,576,396,1,5,368,3471,613,131,1940,100,3810,28,1705,3136,729,44,2358,146
147,5,1974,921,3437,4538,36,4514,153,1122,2411,1451,75,1848,769,168,825,3,269,82
1177,1000,296,219,2458,165,1128,1,11336,3731,903,2,107,404,1599,1473,196,1219,626,46
986,135,439,3429,2,472,1817,488,76,565,7448,9199,929,1482,3,1000,2220,2309,9,1499
3,912,309,414,3,153,3528,7,165,496,3998,1,210,77,1734,71,744,3902,1715,422
786,61,205,283,1,4,1480,24,3546,1205,1742,839,17295,3484,10,3,39,235,260,1940
171,749,58,1433,88,2,28,1852,62,17,2535,199,1345,14,104,947,133,413,350,624
681,174,60,1815,627,4,52,233,4606,11,292,514,2002,10,3341,1310,613,2021,309,2
20,10,26,101,2,1718,1041,2221,386,7,200,2675,172,172,3265,204,235,29,1763,457
4282,1,1,377,1,410,91,1203,1140,704,801,2,45,409,19,3,4501,9,66,681
375,60,694,1810,2061,29,547,2,519,31,974,3717,498,12,783,4,1757,259,77,1675
1599,59,587,293,3772,661,335,63,481,2591,1007,696,16,230,676,71,2,1,2847,1
794,27,886,3,330,1245,528,669,14,105,693,54,1353,1452,3512,151,195,277,1867,3007
744,896,238,367,828,62,984,651,34,1236,1187,74,527,418,7,160,88,73,2731,104
