-1.340189880669805,0.028986187850492097,1.0500526262731666,0.9067533978594119
5112,485,2100,373,39,30,497,56,1754,191,98,592,0,2859,598,128,143,92,3307,6527
532,882,4572,3562,378,1322,335,205,64,422,108,1199,3002,129,3,2101,1429,1901,96,2856
1747,2115,2096,864,105,376,18,132,175,1914,1751,481,899,1027,2079,324,1441,6709,255,2982
0,345,33,1095,1272,5261,74,51,1085,1314,67,58,1525,231,7,895,49,2809,46,1983
620,878,1044,510,27,834,748,668,1670,2190,620,613,288,131,3,1222,214,1766,2914,611
542,1460,2,680,388,627,2428,872,2003,665,986,2202,86,529,105,402,6,34,1457,442
76,857,1645,316,958,238,530,110,224,2217,237,999,188,211,14,56,31,631,3669,831
2621,1400,337,674,313,44,68,242,511,330,623,264,2271,1185,1,271,3293,551,82,1779
387,613,725,58,297,433,881,2,578,387,356,101,932,291,1198,1170,1261,939,884,570
870,4449,518,2251,1285,20,62,1631,579,217,100,101,2,1496,1355,1121,246,497,346,1691
844,4050,1132,193,1026,108,2095,22,348,449,288,1472,200,324,724,526,31,574,2360,161
2,1268,166,1557,582,547,31,549,102,54,2124,529,409,657,0,57,241,2272,278,150
1918,1146,1099,17,1885,238,678,474,149,408,599,429,362,691,110,93,34,48,1532,1478
548,1962,179,1,987,1196,1390,3,1291,0,3,726,710,125,40,372,1553,859,854,314
2460,1944,353,107,103,1770,1516,210,414,290,903,263,1019,2,175,220,269,2,875,864
625,245,313,2081,43,399,306,379,66,27,5,27,673,687,89,2,107,1051,520,2769
1588,334,973,1,679,1102,58,964,117,2394,418,516,2099,1262,1900,1430,916,606,399,2056
1780,920,785,1020,1958,1170,187,149,696,34,63,634,3037,1530,236,874,1695,1600,530,120
4949,1212,2497,2264,14,2009,2391,513,186,19,850,511,577,112,602,1672,2756,2450,3984,1478
5171,2398,6197,4636,3729,3058,739,672,865,53,477,3045,16,1518,3334,4583,2819,3049,915,373
