-1.2297664553447645,0.0583002103132053,0.7966440117171243,0.9088678441239889
223,550,1006,41,339,225,0,18,32,162,131,2337,1848,2512,411,291,861,323,337,4
491,145,501,273,0,528,99,957,199,568,588,212,46,1542,391,959,278,439,817,1551
42,97,479,94,701,436,145,4,345,305,1589,234,340,1586,120,389,360,129,901,401
522,687,45,27,192,265,611,178,92,228,1321,193,595,730,362,263,791,29,1896,1555
981,21,10,30,383,470,79,688,2052,912,542,1347,468,542,5,210,1107,391,1266,450
1156,934,1477,26,1035,373,226,701,200,623,488,80,0,810,161,875,926,117,184,4
869,1816,240,6,1,399,385,384,3283,133,2274,224,1227,440,5841,115,403,1966,1147,9
361,422,632,1534,10,1560,84,1070,887,1327,2258,632,784,167,408,1567,1517,1725,1362,1325
1180,730,308,388,147,620,278,3799,2299,452,739,3328,1484,62,3903,89,3196,1388,367,1254
429,528,769,2,452,263,1386,1910,1624,2033,4104,805,50,1561,848,509,607,2425,1250,26
20,804,579,201,79,812,253,2094,1887,856,4009,7804,3439,2983,2021,35,861,139,611,1463
7,1007,544,1330,632,423,151,2608,2763,2136,395,3951,3648,2858,3251,5206,1694,907,411,845
1359,174,329,545,1131,1055,457,2045,1795,614,6082,3420,1481,0,4551,1886,1907,1825,3290,520
268,75,624,289,3280,20,346,3001,502,302,2502,1411,901,155,882,4710,4993,723,863,1051
528,7,19,134,1013,93,1205,319,1198,258,2189,5613,4594,970,47,727,69,0,302,850
1172,2553,1532,857,376,659,783,854,738,160,248,2866,601,194,279,2692,390,436,3006,563
2314,1168,256,1003,146,805,726,850,589,1562,1226,285,838,2209,73,1164,214,382,978,1167
34,154,1834,5,3820,0,1024,75,362,2535,3184,612,427,554,603,197,1059,68,516,1
226,252,148,1828,4,793,86,999,36,157,146,967,266,1640,728,1065,1662,890,2617,182
366,1010,220,1578,659,159,12,5679,1297,701,487,1130,800,118,358,330,38,429,2890,266
