-0.8883063531150215,0.06441038622753335,0.7981687443416224,0.9493765364883575
197,337,92,323,444,1957,223,1611,204,387,393,260,880,229,331,275,619,156,65,319
272,638,442,469,1032,641,362,1661,70,1613,472,1263,1481,674,30,9,1115,1102,134,172
504,1420,355,444,816,1258,975,2010,1118,529,772,250,554,98,357,290,890,264,129,629
1162,1129,457,1249,766,679,857,1097,802,897,232,2057,633,369,985,407,466,213,19,747
37,1117,698,1760,375,987,1889,1315,2418,267,1243,1054,1691,1131,1115,1260,549,478,277,782
513,1570,322,1263,199,2942,1667,1568,2785,1721,593,2213,1940,885,2300,1579,186,702,1722,44
676,743,590,781,2,1258,1361,794,3464,1012,188,1490,1618,1524,135,918,723,48,650,758
242,489,996,414,702,101,3420,411,986,2894,2297,1633,1473,2202,837,1084,865,2011,661,985
434,6,1729,3171,801,991,1327,2030,131,1805,2627,1675,695,430,930,1297,514,251,162,296
90,172,1580,318,1496,1923,2017,1389,1281,2731,4415,1683,282,868,3184,850,1186,1847,892,17
1937,527,1194,25,904,1354,2448,1031,930,3114,3096,2837,1971,2760,1799,442,1688,1065,1331,220
17,80,705,1305,1754,1254,1801,1033,1902,2477,2559,2980,1568,1135,304,2102,4174,1814,842,389
963,357,666,680,270,1275,1139,1335,1282,1270,1782,1078,2302,672,2701,464,86,819,953,1339
322,494,1648,356,249,776,1378,163,1932,1368,1058,193,1354,1040,1222,822,741,903,90,699
897,835,249,1368,444,1228,48,1933,562,926,373,2572,976,1007,2780,721,1029,1194,1294,957
84,53,686,32,634,1579,806,1596,852,562,1474,2641,971,203,2707,1738,1209,893,222,735
586,758,1272,1322,379,990,934,179,2970,259,1144,320,533,249,944,1961,4,1520,1,298
319,328,709,918,603,386,756,1559,1096,603,557,616,663,1490,870,673,541,1718,569,0
486,832,462,229,336,1057,119,404,1462,1082,121,510,1018,808,276,1087,211,561,92,1296
301,925,152,578,669,101,249,479,188,145,851,9,647,216,2048,804,16,977,299,854
