-0.7772324123726084,-0.0038256238723234177,0.8816199934046882,0.8436027701699241
880,1372,548,258,1000,364,870,348,481,1428,512,702,429,233,251,634,1062,1163,0,463
684,1189,969,430,1310,1076,1016,406,676,797,1399,337,1410,803,953,1079,582,1373,739,1198
335,994,668,37,255,1062,578,362,477,552,1011,313,1199,3027,546,1223,301,1407,592,795
596,483,1260,0,851,266,304,390,219,726,116,1286,20565,434,35,89,469,514,985,1145
386,1096,879,4,356,691,830,729,731,342,782,1388,304,235,1904,243,288,30,804,1612
455,1063,1064,1357,1096,210,795,210,1141,685,979,1652,279,1582,289,367,298,275,686,638
1008,212,268,1058,753,421,1121,279,1480,357,540,806,878,820,1523,628,17,1194,795,949
223,26,796,355,516,1203,309,371,1537,775,710,968,1065,707,825,5197,473,38,81,871
0,1412,212,249,1512,219,1720,1174,1596,1186,519,1323,128,696,1226,517,604,1217,407,357
312,578,697,156,296,371,1202,666,771,680,0,708,667,883,0,354,1221,1150,1919,1561
157,848,1056,173,844,75,407,461,425,1072,1070,808,390,300,609,541,0,745,617,281
558,709,983,1393,1138,353,97,146,245,314,348,141,1159,819,313,53324,157,564,468,443
456,193,1112,743,510,160,224,757,1033,892,371,207,1191,454,940,701,51,562,1308,701
1696,582,135,703,1393,454,1033,0,1054,444,289,470,614,319,568,326,740,220,887,2134
694,379,987,459,283,779,383,214,693,833,511,714,249,155,775,417,550,611,706,479
706,928,578,646,369,471,1049,714,340,1485,675,1439,1252,392,734,16,410,592,315,617
827,956,1866,45,702,188,228,621,1177,65,222,624,470,822,843,341,0,565,895,322
599,353,701,199,463,961,1662,1013,572,397,687,1242,218,1992,351,340,1120,529,828,860
579,793,108,150,812,1186,778,1001,646,425,1095,2273,771,728,842,252,687,835,641,322
269,1895,499,2503,432,1365,426,883,1202,100,348,223,27937,358,620,810,669,584,322,59
