-0.5118557989551541,0.018591589787754062,1.0008323607657588,0.9692651254051144
2734,2216,2957,1561,721,2005,1171,1431,883,1195,1101,1029,845,1124,1395,1078,890,1557,1038,12109
735,1179,776,1449,806,1659,1028,1664,1542,1004,279,749,1378,1796,645,1577,456,840,868,1244
1512,1173,0,722,860,1194,728,946,827,823,590,733,806,1153,646,427,976,1317,884,737
1105,1433,606,785,1184,1026,2372,1730,1997,468,646,647,1291,575,584,1081,868,1394,1001,1408
1291,577,638,679,1291,1528,1700,978,379,997,815,1141,774,641,687,548,1409,542,1393,718
924,985,932,848,997,974,661,1542,281,1206,836,564,1836,587,539,820,1025,1729,721,731
213,1216,1016,424,270,485,1125,900,567,494,532,524,1231,683,88,773,666,2407,1084,703
296,1096,660,1093,208,559,640,417,1068,434,246,207,306,702,134,545,2020,2232,609,2035
3759,843,1835,493,1040,1549,695,515,262,329,570,440,1272,785,957,809,1111,1130,598,1505
1000,1515,479,1422,567,716,390,535,268,496,440,307,889,1599,1363,750,908,591,948,907
1431,385,1028,728,593,633,515,727,723,133,493,654,362,989,225,930,1881,695,1205,462
423,885,348,1200,732,983,1127,893,914,353,254,718,354,705,436,604,1033,265,0,1055
399,847,852,1109,1450,692,911,1044,373,324,302,191,541,603,696,774,955,627,730,1382
547,1282,1256,900,630,829,632,624,601,154,568,382,987,1399,848,313,549,1610,860,622
1393,874,551,1092,855,181,486,633,351,1343,532,596,618,572,1000,1297,1312,837,1406,1856
503,1151,1250,1396,813,658,921,540,736,467,1057,1386,1069,502,1202,498,763,1271,1159,702
1559,1354,604,1136,722,944,1502,800,708,1483,1441,1835,559,466,646,948,1399,545,1071,797
803,1527,1890,573,675,344,479,557,969,2664,667,663,827,536,1052,953,1022,239,1492,2047
1519,1768,1071,765,1573,482,0,693,762,841,1072,751,1008,442,1873,550,642,1536,1547,2119
1193,876,1017,1082,1549,965,1504,1155,693,1360,909,873,752,1068,1542,2073,784,529,1837,2422
