-0.6626932636051843,0.011671330970175506,1.0024385255009505,0.9592598653363389
2100,1947,2338,4028,901,415,1490,1776,1390,1185,842,1212,1297,704,735,1257,1845,1456,1008,12105
1101,1012,957,1099,1320,1,1149,1835,939,355,8,661,1327,1159,919,1581,999,702,1225,1413
1085,2162,488,1195,425,1934,1425,945,275,663,563,565,1170,2501,1227,457,1454,1006,482,935
887,1280,448,639,793,643,1920,2721,53,577,369,379,1098,691,309,656,1120,1449,1991,1434
1301,1051,1318,483,1221,1429,1051,1078,711,1133,484,794,918,413,996,431,181,1168,1495,562
55,0,512,1258,952,133,489,476,201,639,172,286,1828,209,874,830,1612,1257,581,562
825,1189,744,410,200,742,97,420,1632,674,836,299,520,363,509,191,1008,1024,1220,745
577,954,542,260,686,637,350,2262,1648,405,1162,506,1160,757,703,976,1389,435,1048,2795
3475,985,1265,694,544,2381,299,447,1707,893,868,838,568,344,540,245,1197,1193,369,713
1380,728,131,854,699,561,1014,734,1296,643,752,687,459,1008,901,570,661,400,339,354
1511,1152,1487,662,848,1097,405,472,843,806,447,1125,335,1373,282,1016,777,752,1346,341
578,209,470,16,497,562,355,1800,627,389,577,695,941,769,527,1311,1318,253,1302,422
813,1127,39,454,831,760,1271,332,768,636,89,269,530,986,134,0,1751,518,1406,476
1152,1682,1440,1185,528,1099,511,2595,494,378,536,352,605,778,1472,433,180,1318,0,853
685,856,634,407,168,198,504,667,819,754,132,597,846,1510,1077,1259,1413,1454,1145,2136
841,914,667,1410,697,1192,1407,794,969,433,1829,186,962,639,760,384,728,1745,931,504
2329,1605,1047,849,412,500,1025,23,927,1860,449,869,481,611,612,304,1929,696,2319,1398
419,1373,2005,311,586,2732,292,744,904,1192,437,1437,775,303,1485,706,914,1051,1096,2402
2451,1455,986,977,1421,561,346,2264,1350,665,2197,1214,873,393,2313,593,152,1658,1981,2925
1206,1389,648,271,1907,1031,1269,563,840,1771,357,706,852,579,1898,1683,682,187,1752,1941
