-1.2256151314968184,0.048906216995509615,0.8809346218454881,0.9005906576740653
317,1490,78,122,1033,469,290,4291,318,717,854,254,709,373,429,14,2637,1145,3783,785
831,195,1198,27,1555,81,310,543,867,3831,986,1693,181,1361,115,317,1618,2529,1648,1640
849,424,104,958,102,506,864,737,306,200,238,45,52,567,247,318,433,2340,0,2388
14,141,834,107,479,60,333,265,592,641,499,150,2911,432,333,44,1127,56,15,695
3684,92,307,253,936,238,64,1365,182,363,870,120,1226,86,263,727,1511,2947,1070,2298
337,358,398,817,103,111,576,596,373,1599,304,71,286,948,2091,1575,256,1037,0,850
351,1740,491,53,238,865,1161,416,255,685,298,1757,2136,167,1069,911,180,2076,1079,2344
32,648,973,416,480,608,597,378,2,206,780,1970,2446,0,20,419,341,925,536,1090
10,780,83,1569,340,215,45,3203,36,475,315,203,124,700,535,2062,104,68,281,360
636,89,45,1235,1514,237,15,0,1067,34,73,218,365,2007,4174,2677,157,532,2001,4
1320,25,1704,8,1,669,83,0,107,317,1029,692,166,108,9964,3576,4023,2176,5690,577
479,511,790,149,156,1750,1003,457,1616,608,63,461,3555,4221,2913,7648,2400,927,314,2113
117,1043,436,1714,287,926,421,660,48,411,5036,1074,686,389,2136,6381,5506,26,1088,614
162,614,395,409,105,446,988,1602,621,359,328,464,103,15,353,2958,4019,1582,230,4094
629,158,923,373,786,3507,26,246,1806,1525,1529,237,1168,99,889,306,235,1379,1631,3023
46,104,672,138,162,1136,358,1087,499,2676,1934,220,16,655,533,1813,1059,2670,134,324
361,170,405,47,236,0,620,321,696,1490,237,812,131,1387,1633,1687,1155,80,3912,432
3,241,767,654,487,652,979,284,212,1858,2092,298,698,3350,409,1113,3074,118,89,1156
457,41,13,419,36,828,2901,549,1229,5192,310,425,2413,662,18,707,324,803,4212,625
45,518,634,897,593,1011,6694,999,2249,1343,765,93,3895,1132,1601,6,2196,315,2532,295
