-0.512019254601655,-0.002604648203236053,0.8864697198156473,0.9546173210609468
1154,737,1126,1569,1045,556,657,1021,1221,457,713,646,591,997,1236,894,154,583,204,521
708,694,831,841,935,1605,782,347,310,1551,1109,1102,482,1272,433,1019,855,498,675,930
874,350,0,257,861,911,442,1332,782,1248,1084,477,521,648,1499,378,21155,638,401,468
729,785,678,449,686,578,1072,1877,1306,1505,1175,616,1957,738,903,818,607,600,74,755
1288,458,830,584,956,445,834,1439,306,2403,1665,786,140,362,1540,426,1564,886,814,639
1070,508,1084,718,535,366,632,713,1308,1524,455,1149,1046,780,1030,317,748,853,1232,842
501,1499,808,587,164,1471,532,731,1649,705,1998,828,917,1038,470,405,401,681,1200,1005
1089,635,1463,1073,269,851,1430,1214,1558,1141,937,1127,643,1217,808,301,234,620,1468,528
1165,1843,729,1147,1862,961,250,1866,735,1318,810,10952,374,863,772,768,1003,948,468,642
930,1159,1105,2208,1267,740,831,540,1022,834,1147,1159,943,1182,1353,1100,1419,582,658,761
1145,749,1549,566,691,975,954,1287,1224,401,765,2348,1917,402,1056,862,908,1020,1365,898
721,534,605,1927,1166,867,1608,936,797,975,876,2331,1528,1163,1546,580,215,397,954,741
337,616,441,1095,533,892,514,451,979,598,1123,1514,750,166,1077,1362,283,659,184,853
1020,956,1084,1169,1782,2084,537,1537,984,184,1040,1475,487,530,548,1257,885,328,572,960
651,373,890,885,1117,290,1226,504,1057,1819,646,1149,522,1153,1462,695,1021,458,951,1431
887,449,840,237,1283,177,1263,361,350,1394,660,866,905,609,1010,768,945,789,898,449
227,356,1745,953,1048,899,449,1226,733,1269,1459,1545,855,1568,938,1207,1192,1011,631,418
896,344,836,662,972,553,599,1174,564,818,1507,621,1181,955,971,414,541,668,459,403
471,318,1014,945,672,1178,930,282,765,260,552,844,912,603,760,539,1150,609,1080,1255
939,863,710,1162,1021,1055,1006,549,600,661,776,661,863,875,63,919,308,551,485,652
