-1.2542392293117506,0.02913125853892505,1.0488959230621697,0.9130958354374209
5112,465,2090,277,44,39,497,32,1754,294,582,625,0,1424,569,135,143,61,3398,6524
730,845,4926,3087,419,1158,1438,185,4,265,120,1199,2089,34,0,2098,1104,1492,96,2451
1606,4832,2120,892,128,293,19,836,1552,1914,1752,993,957,1027,1587,306,2259,6709,20,2982
42,196,31,1212,1272,5261,51,260,1465,1541,84,59,1525,519,410,1296,425,2426,41,2026
612,337,1027,510,28,817,53,647,1828,1573,837,613,316,131,3,1320,569,1579,2847,523
762,1448,2,1346,376,639,2426,954,2548,665,918,2167,86,609,105,362,6,93,1457,276
220,816,1909,315,928,277,534,398,236,1156,241,749,188,217,13,2,34,707,3509,2567
2372,1400,271,764,294,58,68,250,489,369,532,264,2271,1264,1,253,3073,88,82,789
388,689,1593,39,220,420,785,2,673,387,282,101,785,216,1198,1163,788,626,688,894
879,4504,519,2197,1050,17,57,1245,447,285,100,101,2,1496,1179,2179,246,577,250,1685
844,1251,299,79,2576,108,2093,180,439,537,288,1472,200,370,724,526,34,574,892,161
399,1585,166,1580,582,505,29,549,169,48,2160,395,1201,657,0,52,241,2489,295,153
1672,868,1461,17,1947,213,678,407,128,408,731,158,379,727,143,93,34,42,1099,1320
599,1871,179,78,987,1015,1470,3,1037,0,3,653,655,116,40,377,1763,856,929,156
2493,1944,1172,111,106,1770,1414,182,311,290,1173,152,1019,48,175,109,169,77,687,960
559,254,271,2218,103,393,650,504,66,223,146,93,748,654,87,2,107,699,666,2954
1664,866,973,1,496,1165,263,942,1005,2394,113,508,1791,1358,1774,1360,1261,606,586,2179
1812,1051,831,942,1958,1448,187,172,721,148,57,226,3037,1530,260,841,1883,1516,873,519
5175,1901,2523,2264,69,1409,1856,513,186,13,580,440,586,152,719,856,1858,2426,4070,1565
4036,2733,5145,3703,3689,3046,1039,942,915,53,467,1668,16,1428,3334,4014,2819,2596,966,1632
