-0.6803448910675579,0.05468601201071982,0.8968684268536007,0.9643559761397679
1003,971,565,1300,3027,1156,841,1745,26,1646,505,2003,1615,2399,1630,1405,2870,220,1955,456
823,860,794,74,585,1323,1114,1205,1198,1035,2020,980,954,663,1117,889,2302,1993,200,410
1218,724,1039,547,900,1032,1787,1593,1767,1458,841,1181,1174,908,920,446,3220,1794,587,1487
695,377,796,227,346,752,341,1368,2240,406,1405,1886,2198,2844,1907,1433,2302,470,770,605
2353,163,2,285,340,492,1198,1287,1005,1503,458,1007,2927,2241,992,708,1511,1457,1713,3676
251,792,418,744,1432,84,671,564,1007,1147,624,1953,1765,1751,2077,1042,1088,1637,1041,1228
1154,412,1268,1067,1422,244,857,1037,876,364,796,443,31,1107,3488,1178,1262,49,717,1108
1257,558,488,1141,111,1055,771,2237,755,809,710,1931,1036,1749,2259,1730,1214,1251,3691,901
378,814,786,861,265,1248,1015,442,2711,1785,583,551,2105,310,2155,1785,775,1276,811,1042
177,773,830,344,1230,1298,270,931,117,1181,10,469,229,819,2853,1115,1761,1767,1760,1086
2170,786,634,526,523,1447,2449,547,265,1104,773,314,309,664,2285,250,404,1490,1616,2611
1886,499,843,342,511,1568,544,965,676,1192,453,629,1357,1192,1661,1391,552,556,603,307
369,414,1059,588,600,842,309,1085,1006,86,541,963,338,983,1516,1466,573,1040,342,1124
193,518,382,91,618,1023,268,260,805,1004,1293,2013,442,1971,386,340,1174,454,519,1205
150,618,786,1221,752,693,509,1251,1463,1767,895,353,789,810,439,1509,1302,1543,523,44
385,202,1888,1728,442,526,513,1212,948,608,554,708,1010,588,879,1760,832,732,1088,258
499,1293,85,934,987,133,1152,646,543,505,1031,1017,2297,68,831,613,871,1376,1660,182
1107,130,1264,370,348,425,705,189,1680,1140,566,510,1019,353,452,1239,326,604,820,350
697,585,842,1110,683,503,1736,726,1283,288,399,607,500,501,745,515,704,636,755,475
226,196,388,812,1240,1239,486,352,508,476,448,1213,1611,550,247,609,158,753,826,1717
