-1.264185790215003,0.002755120804287259,1.0519261710093377,0.8573271884342256
36305,204,49,4331,191,99,154,317,412,234,4547,187,230,2020,1021,569,1898,324,1079,3405
647,39,25,696,1207,473,37,157,424,94,19,84,386,1732,274,2479,235,2487,655,1937
10565,1359,105,1196,101,1016,113,1013,468,376,163,263,98,408,1007,2840,572,449,26,1816
132,445,29,2882,295,412,278,94,530,327,8,215,204,0,697,7491,215,138,803,7497
20,1879,1914,438,3166,285,13,84,698,122,1721,724,49,844,436,693,3160,979,90,850
575,64,2430,1778,1855,304,5160,540,555,420,110,295,13,566,1184,2579,131,616,566,639
1458,193,10,1415,3946,1146,45,3081,682,175,583,868,1003,144,4474,246,124,2672,1080,147
663,1633,94,479,1270,205,324,98,141,1676,287,131,349,476,12,1132,732,321,734,463
1000,1907,209,325,1335,764,628,598,626,1052,1982,2896,436,561,8,2964,77,1926,236,613
859,314,1546,399,180,256,363,1,259,176,331,1383,1461,635,1994,54,1281,117,138,721
57,610,562,166,98,1338,567,55,1315,1813,172,19,691,208,525,1,113,128,106,607
2198,217,1425,399,824,35,384,385,1638,32,326,1306,692,621,586,220,231,1188,328,459
1044,2234,1291,724,743,98,411,89,70,1304,13,229,153,585,542,880,497,256,706,13
813,330,1129,1677,1978,1312,207,567,169,205,33,863,1046,109,359,3,19,129,497,575
148,1324,146,454,587,659,2192,460,423,364,1900,335,1392,581,189,55,217,743,668,416
1662,225,1176,335,600,469,360,109,27,451,397,2240,68,1850,20,275,3106,1089,295,0
955,2634,965,370,123,527,133,454,1806,260,13,234,764,597,1866,1843,7,1415,655,182
1566,158,32,4417,861,129,518,499,149,164,248,147,776,967,277,214,1062,527,178,4354
1711,484,548,251,662,343,600,11,90,897,206,220,2588,550,0,19,246,6219,468,471
225,1042,711,2286,1632,2174,1213,82,0,102,797,13103,732,374,535,4098,1873,2413,1703,6893
