-0.6463176720648409,0.049289885567994046,0.7997343475224223,0.9558654485922735
160,281,1138,498,352,382,1364,268,718,706,568,689,788,485,975,861,222,1212,642,458
702,1115,725,482,466,863,633,1289,953,1886,439,1137,176,133,1116,944,469,616,325,413
340,642,345,683,798,1110,390,1255,807,654,1682,1313,141,263,462,475,363,1094,601,289
346,298,340,741,411,875,845,1467,1403,1075,1535,1125,1094,661,1660,622,929,367,210,636
1348,1121,531,490,190,975,756,677,489,681,1603,2056,1386,17,517,543,777,891,649,1145
271,715,864,1110,1441,1167,1550,1337,1572,1749,1085,672,1017,833,1788,264,1217,721,853,504
796,641,701,1515,1527,1321,1392,373,1408,3939,1097,3481,2154,1050,1133,780,763,727,758,787
669,447,550,680,641,1342,2238,846,403,1339,6506,1566,1399,1234,1248,1104,1461,290,355,414
444,98,848,480,1120,808,1483,1059,1457,1212,912,1932,1209,1536,414,1116,2315,285,1226,677
1075,275,475,795,407,973,894,1162,1018,9860,1460,2171,1709,759,2240,443,498,814,799,1044
208,804,667,868,1340,1095,2088,2869,1514,2223,878,1578,3,1151,847,1155,1440,1711,813,399
291,1178,499,894,821,1553,625,1612,4055,1450,1800,1356,1301,1053,9598,461,855,90,388,441
786,573,695,884,2110,777,1343,1504,3101,905,1655,3166,1833,1912,3847,731,1354,590,790,234
215,1339,261,533,742,780,1863,228,935,2880,1690,658,1622,812,860,699,1025,763,547,979
873,986,422,717,938,593,638,433,753,978,2337,700,678,628,1208,1446,679,1597,893,488
1244,187,1119,1083,741,950,507,1620,782,880,1175,951,1164,1289,115,335,867,985,443,1105
358,140,317,887,1044,700,843,778,104,1231,381,1198,816,958,1261,974,1291,736,595,1005
758,589,766,420,780,1223,257,196,1247,988,191,283,776,1323,744,620,416,252,484,494
513,267,720,551,516,333,774,285,664,363,1191,740,789,385,1147,604,548,962,590,1022
556,812,280,371,323,605,495,330,264,240,1273,563,720,722,640,867,399,336,194,663
