-1.8071689544291398,0.0034915102729209868,0.8834240028299073,0.860089866056302
346,45,3854,817,1293,454,2,400,1174,2,45,1428,458,205,198,383,3900,4188,3,1992
475,574,2065,93,1308,1703,2028,450,112,1628,482,215,123,30,0,1498,245,3,4804,1253
980,648,2881,683,93,273,2431,1422,118,7,1471,2170,817,48,805,227,433,327,96,700
24,492,468,3471,3,48,2609,0,55,271,23,1900,2,5,1354,820,0,1183,1016,1
21,790,1418,304,11265,525,2,133,570,907,460,710,617,2212,756,248,220,918,51,2110
86,407,147,84,328,2316,1,926,286,5197,72,12,230,2,6,225,2,207,2372,86
2090,1205,1508,30,7849,2817,141,3709,802,3363,542,175,142,2297,1554,0,13,245,1547,67
1598,1206,1932,704,58,2161,10489,4966,109,49,5688,13,51,407,827,1915,19,1275,9,264
79,1218,3168,1,757,1,2,25,351,760,5363,132,283,637,310,82,465,324,2728,250
4353,1274,1834,4950,131,1043,32,144,1758,5,1046,0,4,398,0,925,0,52,1,1
1455,652,1,1312,22,1093,1385,286,1959,153,1,380,991,7,5742,7,0,636,37,918
1376,99,673,0,1,1339,8,2,1,6440,1883,49,1013,1038,44,225,743,155,160,915
13,383,1485,900,38,323,0,119,2076,8134,1981,237,48,2044,570,158,108,113,1187,0
919,233,76,1234,6044,3231,118,245,882,81,477,93,42,149,1570,16,4329,2626,87,945
240,88,5945,8319,38,2649,707,42,2544,1433,2462,1229,5204,2311,3549,1288,328,5,547,244
8,1002,3,794,69,1484,47,586,328,3,265,214,431,123,198,20,16,30,4705,25
573,360,2189,1,257,1263,26,1266,5,50,610,119,197,1168,1372,1,4,402,7,1406
138,80,5,377,1709,43,3789,593,3485,1,20,681,11,1,195,1576,4406,9,4,1218
1923,194,3238,65,355,465,235,276,389,563,159,1563,784,32,504,1321,164,185,320,182
135,617,1020,1765,116,1651,37,2499,2375,8,22,252,430,1949,102,1,319,2855,1212,1116
