-0.5370844328718339,0.04789935041466292,0.8459722204369137,0.9747234813946202
514,403,250,246,692,605,522,1500,1246,845,491,509,899,465,740,604,798,313,901,825
79,498,780,584,744,834,1903,420,343,465,921,706,151,291,1008,879,1209,1432,507,391
745,620,721,1285,991,1610,407,519,1138,1065,735,1549,1296,1274,1494,222,735,265,530,1590
1943,343,894,822,1270,948,463,1018,1451,2283,348,504,1679,909,947,429,1641,1203,676,236
876,1102,773,539,1006,795,756,2866,1440,654,785,1394,1548,1026,910,701,751,2852,1074,865
468,888,434,762,2211,1259,293,1271,314,974,1571,1310,2584,1302,568,2301,746,665,219,866
804,1345,1302,553,328,1054,1346,2219,1334,862,1359,2455,339,3182,1070,1958,810,906,700,450
615,449,949,1927,1013,1145,1517,536,1676,995,1236,1714,2122,615,2295,795,1517,472,776,477
934,538,802,678,1435,465,1956,1694,1154,874,1979,2369,1343,846,1400,947,1155,1226,530,434
978,290,559,840,1282,1056,996,1899,1413,1841,3086,1233,1790,1245,1238,1641,1090,622,1262,763
1024,466,788,690,635,396,1607,926,1532,1599,2563,1384,1302,1045,923,1208,1385,1011,717,658
1269,553,596,872,2134,460,1289,1300,1184,1322,2259,1413,2172,1364,2578,856,101,197,987,302
1486,721,862,1083,1403,1575,1060,1010,477,1984,1174,1894,2326,1291,909,1292,2734,496,450,1505
1074,503,706,1263,474,817,1357,671,366,1224,423,1331,222,409,957,148,1149,877,276,572
936,1177,540,580,910,243,564,546,1848,1729,1025,280,976,2217,732,783,1021,1096,1035,543
501,718,751,1767,1189,418,927,529,1584,1760,730,498,1001,883,776,602,395,1038,1195,1044
728,419,762,865,1137,789,971,1026,810,1148,866,346,1064,1869,729,1369,1742,748,134,375
434,835,791,997,492,739,839,1201,407,1014,2130,974,982,693,804,531,1273,420,637,823
377,1260,741,787,1110,1223,686,827,813,579,577,1161,290,964,1026,1138,960,705,45,478
708,267,938,261,280,782,537,652,176,643,221,1149,762,315,1496,573,582,381,183,505
