-0.93913288382889,0.05002516580407641,0.8480359441972181,0.9004875326896824
1277,169,86,1649,795,195,861,89,275,835,286,1174,116,2014,298,145,299,510,253,201
574,1325,1988,361,396,194,827,161,13,357,203,866,683,502,661,112,249,2267,270,739
568,304,590,443,364,1957,90,250,521,1438,97,274,382,1316,2798,49,396,843,1722,845
378,1346,1411,258,1449,750,1228,864,358,433,1298,469,1152,0,296,155,244,800,663,654
696,1394,297,357,921,246,76,201,1191,64,143,2363,214,468,586,398,1142,676,263,672
294,657,492,287,427,196,92,501,282,1387,628,231,1008,365,365,645,759,699,1018,509
100,496,747,213,132,1377,1397,404,287,1128,628,1547,621,530,740,3180,986,704,407,665
680,121,1243,514,422,94,1281,388,689,219,918,190,1732,1415,354,363,494,1706,417,2647
184,461,289,834,1236,369,1170,591,2034,365,767,602,200,726,435,9756,991,804,206,511
265,987,528,618,248,507,275,50,1167,2194,486,392,597,1132,1185,4896,1133,1169,4566,433
1005,364,822,390,607,1465,705,342,1265,571,520,579,886,354,7607,4585,4258,13145,1253,671
1076,710,381,1101,975,1065,630,2356,1314,1223,293,57,310,707,161,3674,12324,1212,565,147
257,389,550,504,40,528,308,906,0,358,1134,289,2230,1053,258,8934,10695,861,2350,4137
62,502,987,638,0,129,1504,1888,945,297,650,374,806,900,788,2201,2314,979,1274,604
1535,500,550,658,1656,119,139,686,331,151,547,522,1388,124,618,309,653,3684,368,214
1071,814,905,2590,758,317,113,0,779,1226,665,26,1325,143,328,817,5083,990,630,1399
13,249,451,702,2741,575,3487,621,2656,583,1255,395,1094,1281,272,438,275,637,251,729
2266,661,0,213,828,489,228,366,832,134,182,1190,1290,2491,235,798,751,1304,100,872
238,1538,778,425,503,379,336,550,332,1467,1490,483,1803,1885,174,9879,314,231,693,293
425,207,649,547,903,143,366,73,304,0,1772,452,2577,2140,435,481,569,2137,1288,290
