-1.1374096186745826,0.045295002483723354,0.916740540473497,0.9056294436005408
162,1354,568,520,153,2965,205,1872,1233,1155,740,503,3322,0,426,744,222,243,807,364
1857,226,1930,1238,786,476,1610,889,1591,827,1033,459,628,553,540,1295,409,234,105,747
514,3965,1286,678,1753,58,1148,207,1434,70,1304,914,1501,3092,766,286,2309,2132,245,1675
1229,274,1035,72,773,1632,222,1118,684,1908,187,2629,274,2818,3058,21,792,487,305,1209
685,2,291,326,675,1436,360,609,403,2616,986,1340,363,231,2,0,20,156,257,38
781,675,319,72,39,138,2334,1355,258,537,933,297,1992,341,145,564,1850,227,324,594
24,284,596,97,124,343,40,145,0,805,111,1129,177,2193,387,352,473,1884,1072,1043
258,181,408,245,1492,32,203,4138,174,25,86,1444,58,234,1003,306,979,1573,1019,38
275,279,76,1935,140,276,139,434,73,224,345,1188,496,1252,1107,2713,152,1614,936,193
93,64,877,197,1062,1579,31,1000,1887,476,152,615,1318,994,1471,5459,112,660,1872,0
244,225,759,521,2073,826,666,757,877,121,1301,1127,38,2570,4347,4715,7101,5741,521,3394
89,1403,1098,484,45,471,197,364,1198,101,500,992,117,136,575,1590,10925,2982,1563,4367
1634,1431,341,20,444,278,1038,158,654,468,1251,219,112,579,201,646,1110,4831,1771,10452
278,901,1465,44,347,824,233,61,0,928,424,119,133,129,2828,1183,136,1567,3836,6126
43,1484,132,833,447,383,2466,849,780,953,64,349,2411,348,503,47,2,688,582,640
2041,542,580,394,343,410,0,627,144,12,2459,305,124,23,800,577,5544,1428,343,1366
774,541,993,2175,832,90,1127,22,249,110,1656,874,1110,0,180,481,0,2,568,1721
61,342,921,922,170,633,929,118,0,505,2258,11,275,599,378,226,72,222,767,698
1037,891,2343,350,1452,565,1976,3620,49,1196,1833,874,1782,255,472,80,721,1682,696,336
1042,657,1116,166,383,2232,1299,594,1365,2110,1383,936,1077,2715,799,737,833,1734,3851,620
