-1.4214184711951596,0.05502809708574479,0.7986180057907283,0.8952330255547214
741,516,918,59,0,320,120,92,161,104,21,2531,3072,1163,237,247,499,269,329,33
297,78,856,194,477,324,136,175,22,142,51,555,0,1266,375,724,898,331,801,304
43,2,914,1,104,27,222,2,421,409,339,168,890,1743,113,253,608,93,1057,1142
75,325,328,30,125,990,1323,314,103,812,141,225,575,307,15,630,635,175,2867,1182
659,313,810,117,635,614,920,555,1610,755,137,603,580,130,7,1158,319,463,1137,809
1143,3,260,2,626,159,1,1416,166,280,471,7,779,546,30,608,1190,26,21,2
1136,2212,60,829,451,1485,435,781,1888,131,304,313,1519,878,6833,1,230,1925,358,7
684,54,653,1188,6,557,17,208,274,1095,2075,303,400,13,1239,2804,137,46,1414,1034
1661,3549,859,194,153,912,135,4297,1822,898,631,3201,1890,37,1989,9,1201,885,668,1157
88,311,360,365,385,224,1043,2426,2594,1765,2981,482,244,1552,4492,583,348,3207,2561,156
18,496,249,189,249,694,1063,2176,6740,813,3308,7660,3718,658,1554,607,342,273,490,562
20,1080,197,341,22,1,51,1038,4237,2308,4641,6592,3634,3129,3035,284,0,23,305,1174
1314,166,276,6,290,801,1436,819,2521,2065,6126,4273,7,65,4861,4505,3071,905,2762,524
178,179,498,918,1047,771,36,208,2798,442,2587,1087,565,274,524,1877,3751,766,1255,1090
1,2,54,617,1661,0,2370,79,2009,141,2482,6416,3230,305,1170,651,615,69,297,905
1292,1429,1825,1618,868,425,1068,2141,470,149,451,2756,64,2,2,1321,123,411,2262,988
2327,1905,57,857,447,472,499,682,366,29,0,334,740,2860,11,453,1,265,813,881
37,597,586,139,2193,1749,1867,686,1152,1428,515,778,5,402,2131,363,1004,156,797,63
362,1,120,7460,474,978,593,1195,1,1678,486,1028,53,3348,1405,141,744,1010,2511,349
151,2593,174,1641,519,581,4144,723,1065,561,397,2209,2071,115,139,278,206,121,2164,81
