-0.8467804606950778,-0.0034770650960085983,0.9715228168763493,0.8483757658863981
4455,993,161,999,556,190,273,526,350,282,502,1306,633,443,165,1184,1539,307,1308,26854
679,534,221,1555,1587,690,207,441,788,775,386,125,992,251,1909,723,482,1302,342,2816
1212,765,595,1221,276,382,801,104,769,0,853,1303,375,1426,1901,673,569,934,598,1726
1557,67,763,703,1002,812,829,1279,737,342,586,1106,48,476,104,511,1237,314,224,619
137,540,129,309,753,1833,550,332,1019,772,35,903,367,365,556,1605,491,291,1423,551
542,2124,1054,1489,481,1896,1179,727,930,443,729,365,92,604,674,229,298,557,477,267
852,537,2271,824,486,237,1029,486,642,702,373,1260,694,425,241,28,674,734,577,989
419,2129,385,1193,110,751,336,42274,169,44,291,1302,512,1545,616,801,985,1028,518,277
421,254,381,667,573,527,1225,703,81,336,923,700,26,391,675,230,2250,68,230,357
1392,909,216,540,58,924,367,1192,162,639,490,826,856,1148,96,1066,277,281,63,576
199,971,542,1221,453,866,100,283,241,1097,512,1024,498,759,989,1150,55,198,593,0
293,936,953,2755,103,933,768,693,738,710,0,1059,638,1276,572,0,961,1546,550,730
87,704,381,803,532,153,2602,478,453,381,180,921,325,662,938,462,1293,225,173,312
553,550,1224,193,1275,724,1558,99,472,328,1697,314,1917,322,5,380,782,1543,788,88
886,893,1081,1017,700,389,331,202,822,729,0,816,1264,1125,794,467,637,1692,206,860
338,618,480,257,514,592,1249,1343,179,765,650,421,469,810,37,985,2908,633,776,416
820,63,652,4491,185,1090,521,187,1731,1182,436,265,30,449,352,1174,736,153,890,1911
413,1009,504,292,864,191,931,394,1660,136,1000,722,1152,1626,657,182,687,1263,293,987
822,1548,290,216,1679,971,529,1175,566,579,365,543,240,925,1240,604,1371,30328,596,1900
1188,42,322,429,606,43,359,852,439,712,844,42,465,730,140,616,1291,1379,547,146
