-0.781363303506891,-0.001484220093495645,1.0697864854367796,0.8414294579271395
47277,374,468,0,577,220,348,230,278,413,368,992,631,555,589,100,1738,182,836,26537
711,244,645,1644,602,270,78,436,832,842,444,319,1079,562,1253,398,609,1845,397,1771
535,716,763,625,384,316,710,262,427,413,1168,0,384,825,1497,1018,941,540,700,945
540,87,720,577,892,812,1379,1480,271,310,245,1068,657,289,111,534,454,247,502,348
321,892,513,854,1094,1943,350,301,1751,778,738,903,454,246,280,345,462,472,1450,575
533,2318,1946,1519,419,1643,1353,873,728,476,639,1206,396,553,857,377,373,835,265,440
435,561,1818,906,1063,136,633,737,1092,375,1281,602,570,334,172,1125,910,625,525,993
128,802,409,1061,411,2236,251,665,1659,526,824,197,1204,1502,616,1310,198,889,288,155
617,254,906,474,896,681,665,543,462,518,925,561,493,664,619,249,3436,816,458,423
1376,520,420,214,127,542,126,1206,330,639,591,1396,591,418,273,817,242,450,114,438
350,736,435,1253,807,857,180,360,1057,1076,339,1721,270,941,633,1015,339,324,541,348
108,50,2334,2535,155,290,2007,957,514,534,189,1877,612,1166,626,326,1440,727,605,532
27,760,354,414,298,417,179,588,575,305,220,481,254,372,327,203,1109,289,500,895
466,358,1746,810,350,1205,957,791,200,385,2222,9,1455,18,282,353,557,325,808,160
812,184,188,878,731,919,38,397,625,588,1641,1796,1351,1043,788,718,1141,1435,959,282
752,590,463,602,38,477,439,684,509,500,404,200,476,594,97,1077,1811,465,102,621
875,351,144,4160,167,932,478,414,763,2748,755,207,801,813,454,1057,231,167,656,1166
1115,0,2120,1076,600,917,931,446,863,187,812,784,717,1690,1035,538,662,1907,0,810
775,1096,259,859,1456,1349,857,510,378,1629,352,251,721,632,335,1252,1165,31904,398,755
1794,350,560,447,714,421,583,654,433,0,446,95,853,292,331,674,1310,1409,307,297
