-1.1624326972627728,0.043971797441410033,0.8021176580565486,0.89904410363834
594,298,243,664,466,262,236,1570,2262,202,19,1602,791,449,816,1608,2267,389,84,0
896,399,58,125,385,144,2030,874,686,1481,232,23,135,112,284,14,146,3458,1777,589
795,426,1450,277,981,54,143,1925,550,664,89,575,634,614,178,3157,339,176,421,226
53,335,618,603,135,411,0,162,1259,1133,366,380,10,1785,498,341,0,87,292,1878
927,63,122,1249,756,2379,625,75,759,1085,1527,911,353,993,1125,5,1156,1185,610,77
449,1365,646,523,151,698,98,43,313,152,341,2121,164,1121,11,114,114,1158,6,426
215,103,3866,528,403,413,477,907,683,867,865,1893,113,319,1042,279,92,582,101,6
492,1055,1936,250,980,1043,850,2089,52,1645,1650,1834,59,609,610,734,2129,6,1678,1758
69,493,2225,543,2198,214,1120,3012,2429,1896,2199,1325,1214,135,474,297,855,1183,554,69
1054,1160,0,653,118,525,277,5241,706,4868,3961,2269,675,165,454,1863,1168,670,107,1194
604,81,2389,1757,639,0,2383,3583,2101,364,10021,2018,7522,1421,1050,261,665,333,1730,3021
639,831,77,735,937,573,1368,330,525,14185,7143,3605,1153,2465,247,217,29,153,894,770
1709,581,285,28,288,2252,1033,43,4602,10066,1191,1171,4022,794,1665,1130,312,28,1147,120
649,545,5690,52,1738,681,1395,455,309,664,1463,829,913,387,253,1737,356,11,436,1176
385,1094,113,43,169,0,485,254,21,1538,1096,329,850,480,387,2135,2575,451,188,1363
1872,79,1296,69,1181,398,748,1343,276,254,1113,1029,851,118,249,362,775,3,712,94
389,2757,2401,1065,242,442,4267,2601,180,202,32,1907,16,369,225,0,288,1265,275,1797
625,569,1295,1830,201,503,1233,563,44,1773,768,372,167,542,426,1797,1131,490,159,441
1153,1447,285,1992,269,149,351,254,110,1198,2189,1034,1743,612,1236,3528,354,386,576,44
300,795,249,165,2522,433,974,268,58,485,337,1086,781,4,2396,9,469,173,181,0
