-0.9996764207286678,0.0517963002696994,0.7782406339092032,0.9045980637696985
598,92,543,838,745,133,727,144,93,411,710,869,991,1911,121,328,588,219,9,268
937,1921,663,91,1361,280,396,3478,709,561,1284,872,637,1314,148,131,617,102,324,167
105,265,625,1925,1367,123,1319,375,635,873,498,1298,1431,1022,204,299,204,281,155,445
1704,38,2835,133,160,1046,8,247,935,1354,671,266,762,815,315,1375,581,635,707,563
669,275,363,146,338,63,320,681,29,369,961,634,413,92,872,135,716,469,1009,833
384,169,247,1459,893,1691,743,200,87,1159,1101,1532,283,658,554,765,415,676,550,634
259,437,605,1501,239,510,1138,1319,138,912,398,1080,600,914,971,82,227,655,795,561
791,322,237,2466,630,1719,107,428,491,321,276,950,902,1131,878,180,753,1848,2382,280
521,192,1841,2541,606,495,0,1731,2563,378,4393,967,784,744,1358,253,341,542,244,125
4,782,150,275,411,695,220,6467,2663,8700,2497,857,1024,713,832,0,2031,689,9,1236
505,693,1053,251,844,358,1232,3527,1445,713,6392,2256,5748,748,1800,621,2114,1766,157,969
141,807,328,77,215,64,459,1055,382,13269,922,6709,2998,1849,3635,60,978,630,2230,1210
478,507,1,757,1178,2490,1493,984,10074,14520,1029,6253,3001,1300,1374,427,441,455,227,213
338,370,506,1102,4,211,6768,4329,561,2291,547,228,807,271,983,214,615,876,373,784
700,300,936,868,757,424,308,938,150,736,392,688,1163,397,64,843,3150,700,292,481
559,863,473,7,3,58,830,1247,758,1046,382,574,652,1228,177,15,1335,200,697,161
1262,656,65,1259,471,573,159,1782,874,405,904,359,778,856,712,523,31,817,536,478
1560,304,1276,819,348,269,1727,171,67,653,659,997,503,932,374,1702,242,966,447,647
1016,393,256,1000,300,545,1537,268,367,398,1890,680,682,728,358,663,557,52,883,1312
1510,1266,220,1054,1600,822,749,774,1198,398,458,1292,1739,1037,584,796,697,1048,687,1655
