-1.5600764996543475,8.927458135250607E-4,0.8549246760454233,0.8493435698146478
681,967,82,574,243,22,1006,91,455,2630,406,1500,25,1234,360,1436,1836,87,11,157
526,337,790,64,231,337,1396,1811,424,160,303,0,699,112,505,134,0,344,580,571
869,284,20,47,14,0,4473,0,206,14,4110,263,389,92,2802,1493,16,270,1213,826
92,61,1198,4307,235,5,2001,8,44,192,702,1758,249,1137,544,787,59,168,353,39
78,109,749,526,6694,2268,193,236,177,607,843,23,335,180,28,425,131,81,20,2349
24,31,203,22,204,45,327,522,1082,19,68,679,595,16,7,108,62,53,8,361
31,869,53,32,336,15331,87,3788,640,460,730,645,555,893,3483,38,592,287,1602,631
3048,947,1663,1109,53,3496,6856,1985,9,962,5741,329,314,339,362,7832,310,1427,337,277
4061,2208,57,1776,1206,16,712,11151,7,99,3950,513,163,812,1259,309,698,5949,2524,30
572,492,1169,630,1344,8945,2241,819,609,19,761,22,437,91,5944,982,180,3,27,128
1381,40,112,2925,327,634,1579,49,34,100,185,162,1255,536,2122,7,46,533,2090,184
539,2,55,382,360,204,9,75,488,742,571,54,2298,14,466,304,1156,64,326,1514
556,7639,568,310,441,321,815,416,552,8072,4,27,900,122,95,511,743,260,309,1
159,432,331,2498,635,1982,842,904,0,1673,1962,285,122,330,2708,4,8846,4027,512,1784
57,190,418,64,4064,118,2603,74,1489,946,1515,880,5645,1173,829,22,1755,459,1650,5129
78,435,577,27,63,1325,154,442,471,240,303,342,166,85,223,410,12,14,4397,539
503,413,98,212,374,89,29,2539,1175,65,36,366,622,1,5323,22,657,87,114,845
657,528,18,544,4230,0,0,606,9353,864,55,582,4560,12,21,1170,4431,730,3003,2453
1247,1258,1004,387,463,94,120,7,203,15,1079,4247,116,183,957,924,588,509,1077,413
15,348,110,189,6,2059,1184,703,95,5,329,97,324,1504,54,178,1098,1,246,426
