-1.000008986488794,0.0018971772841338982,0.9613408458706492,0.9307297677001615
264,2799,467,2141,2423,3956,460,666,2712,3222,1199,2008,1056,837,38,326,1774,463,17,2249
1041,259,811,578,1073,0,1278,1770,425,429,452,962,887,316,296,409,187,1679,1520,504
2940,252,1315,667,758,1660,323,389,1015,1834,2852,97,1510,14,12,187,1822,3373,127,61
601,1555,1655,3208,1334,1566,184,2827,795,661,1330,1279,34,1128,2060,3155,4115,873,66,569
2093,1249,1471,143,639,1094,208,220,651,1095,825,12,324,2046,953,2138,604,1111,891,70
303,607,1120,766,1158,250,637,1248,415,152,59,42,636,794,175,700,1673,349,3112,309
65,0,1360,1377,1906,780,225,13,155,977,1528,203,1369,594,2391,3188,1861,2513,4867,800
714,23,0,287,444,483,148,1682,430,478,579,379,230,2014,2143,291,2329,337,72,675
2538,1229,1430,640,1082,1525,982,312,0,522,1072,364,585,575,377,3864,446,1437,908,702
716,1286,1665,572,51,3296,810,886,1463,114,930,21,461,0,383,234,1639,68,12,1158
391,1062,1438,395,497,623,0,1324,577,201,0,481,550,1008,104,4077,377,865,659,1937
74,257,173,928,606,367,567,590,1139,1016,158,813,906,4401,433,965,89,292,1413,2552
1365,1173,54,2035,1021,1222,8,2108,190,789,1714,1071,29,98,510,1746,1057,587,446,175
187,73,342,1567,547,37,997,370,1403,427,425,0,1620,501,59,725,0,243,849,1057
68,497,1147,971,95,430,440,44,1879,999,1165,888,436,1002,324,2735,97,2099,314,2751
1076,121,1279,1277,4615,9,1926,114,1244,5778,1533,1375,1598,370,856,1358,1491,654,305,690
0,1014,310,287,1027,454,618,761,2996,588,2059,27,1376,759,820,148,453,2527,795,574
2652,1201,341,850,268,416,214,1120,68,96,265,1723,919,369,1150,2928,1182,2377,2121,1148
558,1281,537,391,873,2008,111,310,568,57,0,97,1312,377,0,1057,3,387,1524,434
3562,2743,1729,529,957,747,1094,1743,860,626,1232,0,3395,591,3686,467,4322,593,2242,1884
