-1.1969666960100827,0.0031881970936964406,0.7948408140348114,0.8450672332747162
332,517,32,0,0,2710,465,1995,343,6,116,243,241,39,412,1488,0,1364,75,825
114,311,1544,361,837,1645,168,862,2752,19,1307,2354,1152,0,1617,49,369,79,677,1088
1779,559,442,140,402,3021,177,106,943,2066,823,761,2028,701,4251,14,674,1360,2713,864
338,2254,1261,377,945,443,476,1021,387,4667,395,182,1031,142,90,286,283,426,6,330
949,695,102,966,284,985,1307,2017,95,969,1961,100,318,510,144,1253,830,54,174,2242
861,467,494,148,155,609,698,2450,1138,2,162,87,2204,947,58,2337,1460,1826,1294,1877
124,412,364,568,401,2011,889,3791,686,802,213,1305,695,172,275,520,472,601,566,18
865,525,403,686,253,828,1214,162,1953,306,521,29,158,22,552,352,113,37,253,527
290,135,46,75,6392,965,1834,0,93,1353,0,4807,18278,13,0,629,34,2603,937,285
215,273,2153,951,209,387,2386,312,48340,4116,1348,3025,1797,3249,244,1222,296,0,1122,344
625,1281,343,165,951,3134,1029,111,2715,49,347,1586,1442,99,837,379,185,41,354,2117
711,156,278,94,1020,546,1313,872,611,33,0,1948,814,1879,45,723,1099,1240,57,287
2,1419,382,1527,895,536,996,153,297,1470,413,597,112,543,467,217,872,472,518,93
382,154,212,787,352,235,2,1141,575,1021,17,2325,22,41,193,337,399,1373,79,21
38,456,176,207,368,286,0,1038,520,2496,632,195,689,1017,78,1341,7,364,2636,112
37,2561,46,164,236,246,2120,1105,205,1346,1641,2239,876,513,462,143,431,1105,482,189
84,809,795,1043,549,508,419,266,1169,1003,57,715,1237,0,321,1318,0,929,5737,243
129,60,119,192,386,141,1550,873,298,1037,2055,110,742,1395,121,761,1270,32,1108,78
1436,1806,71,2423,397,1109,1318,279,194,244,108,823,278,10,1110,1144,1837,913,125,130
226,660,0,779,202,214,353,278,770,46,224,792,88,1481,0,40,347,645,1324,1471
