-1.2015981719277204,-0.002537004619962133,0.8653543472543823,0.8494639459295026
111,736,1288,1037,1162,517,1040,396,1191,405,428,2492,669,874,954,194,273,1483,45,246
792,43,3682,368,1271,2116,804,107,1582,412,707,298,322,466,2045,2991,479,185,60,239
153,401,219,229,65,921,886,72,21,340,3012,135,1467,223,1573,489,2783,1962,0,859
288,1620,1996,142,85,420,669,74,447,2290,621,1982,1002,86,1189,1298,82,1720,388,237
756,327,906,45,121,400,1775,146,150,958,4181,507,187,984,814,4,541,532,759,1028
54,314,60,484,109,3197,1066,420,525,1238,797,77,1120,1016,90,871,735,324,0,123
2785,804,2358,931,169,1510,277,1472,864,166,355,0,141,803,2440,2340,46600,25,22,696
345,1218,133,1451,345,1094,1388,569,2244,338,1766,240,28,890,2558,3339,153,245,203,2506
1215,246,346,603,106,588,160,1208,385,928,341,71,20060,59,455,113,32,1356,919,65
956,674,590,207,740,910,765,310,5142,1355,760,747,84,448,0,493,597,245,1622,60
2956,424,1043,673,0,37,862,5,559,920,68,819,674,132,116,1097,1800,538,488,4
1796,596,3099,546,978,445,674,3245,1062,31,216,91,195,0,1148,1,2537,332,1087,61
1052,0,827,478,1295,790,1946,275,1858,805,14,0,148,345,133,4,384,984,370,895
240,1519,552,269,271,5,119,1441,425,32,1300,4521,1513,0,632,4647,0,59,374,1811
562,110,206,155,1954,104,758,865,77,1476,1236,431,389,1879,77,595,424,257,1200,1927
24,568,249,261,2927,329,265,2603,1112,2071,241,1363,1004,372,3558,456,57,160,682,366
135,250,772,1098,100,1054,194,11,225,734,7,605,541,283,141,156,453,129,459,1813
337,378,47,1001,2014,1842,7,1297,944,247,147,530,142,354,2414,624,1050,899,317,750
386,210,386,302,322,1155,1,362,2052,932,10,653,89,941,16,947,163,213,211,23
366,1610,21,392,3120,1344,403,278,970,1403,170,1638,0,521,1117,144,359,2611,92,3602
