-1.391158683826238,0.008766797662352808,0.795894003325006,0.8500726524781985
161,120,12,155,1610,0,411,108,201,363,776,329,1632,406,279,16,151,40,17,0
365,248,472,36,328,1087,150,1095,262,1764,3167,106,226,782,3361,7,473,1469,1193,3766
22,206,168,66,134,508,395,5271,239,7041,109,192,1736,1740,12,181,12,405,197,115
471,979,72,651,92,565,1,1078,685,1549,3266,1,714,7,151,897,744,502,758,1139
148,47,1177,781,220,1055,62,1181,455,336,72,2669,1179,3426,233,468,265,996,725,249
169,1994,370,691,1388,1800,108,5,37,1310,93,32,33,806,1,170,281,865,477,827
419,111,716,194,742,644,302,1192,6124,46,794,0,4053,1217,1903,1267,984,366,418,0
454,44,1387,489,203,8114,138,6061,1447,14549,3757,33,214,1460,35,6703,795,2588,1057,140
2566,597,217,1596,605,423,174,122,12584,1266,579,151,455,233,1412,1124,1048,1085,65,182
481,143,404,0,100,113,1594,339,411,1479,8956,886,36,345,1672,530,176,4441,192,3429
336,1141,476,657,279,2096,80,139,181,489,555,3,1055,110,33,709,832,1152,4769,444
1858,16,264,2759,217,55,91,628,10650,834,421,1815,20343,3148,133,90,5829,2189,237,104
258,0,1007,292,5,272,150,272,582,615,3635,59,453,201,210,181,77,245,117,1991
716,175,1672,249,113,71,197,290,2273,185,739,849,690,55,2043,45,4086,121,211,148
135,1697,3174,118,2673,678,356,881,1617,285,36,148,113,145,408,449,153,194,1945,623
28,652,1517,0,1,233,847,1237,164,272,517,1835,299,940,212,0,837,334,944,239
1714,824,0,21,808,184,1464,22,23,1669,690,5340,769,21,491,335,986,52,548,986
67,460,203,65,2148,63,202,417,326,167,848,37,1205,1337,722,86,189,240,178,3764
419,339,1798,32,0,61,1198,225,1198,125,521,272,1547,145,1959,7,363,152,387,143
654,690,1844,1346,325,343,417,549,1350,125,1852,359,414,317,244,17,91,2638,189,6
