-1.2356157264723269,0.05307706917630103,0.7959979265856245,0.8993347861180124
56,325,1149,518,1035,566,1240,416,69,471,63,224,129,6621,257,1258,134,1454,29,452
127,195,1269,368,996,7,1980,438,20,101,14,1,51,249,555,1018,229,337,11,40
306,395,894,224,269,184,390,56,104,123,542,255,4393,539,266,1828,17,277,286,259
1,887,106,228,664,434,1021,318,1509,140,3,391,794,797,516,560,1208,545,1150,1794
1881,77,762,71,48,309,1381,4846,1169,297,1343,1160,406,124,192,10,1291,312,484,251
915,1630,571,703,282,588,58,1012,81,77,701,2,288,1611,323,490,687,44,252,176
435,788,237,52,416,892,1149,505,1232,330,206,1383,1094,1204,15,1322,127,421,1289,1077
300,1589,247,967,35,1052,779,808,281,1008,2733,71,21,456,356,3083,350,526,467,229
713,1663,1341,297,353,483,331,326,1980,343,510,0,2095,1728,2332,985,0,242,543,562
304,133,210,905,63,402,1006,2559,309,2116,4598,853,559,2138,1129,3250,2421,1659,292,996
545,1795,3889,354,441,638,158,2745,5581,279,7521,8935,3935,3651,435,1322,1346,70,2266,145
34,833,70,1444,127,220,161,158,1322,2699,755,6387,3728,4450,350,536,894,4144,1370,618
721,227,155,552,151,466,440,445,4013,576,5098,3854,3946,307,2903,1192,1413,4814,3165,382
55,1054,1747,1605,2862,1369,44,10,611,2298,3660,1690,2433,686,42,4704,3833,0,1006,446
514,798,1121,189,690,43,3929,1667,300,202,1368,4395,1559,136,544,1622,0,1007,1605,1592
832,381,282,567,141,610,3375,540,3659,2265,574,210,349,61,0,1086,1826,368,1647,731
584,70,255,580,271,577,164,497,646,94,808,687,1330,1799,422,1468,233,2048,1396,104
664,814,961,40,2641,40,897,3,1004,3721,777,272,611,212,43,33,888,746,133,230
1363,62,377,565,1087,788,1360,369,98,146,9,493,30,3323,656,752,751,237,3131,614
141,1217,86,1383,136,31,152,4167,224,93,358,446,15,222,226,289,1287,658,459,155
