-1.3597101039081843,0.04500050237525724,0.904557368847068,0.8994900839388371
236,434,1433,855,78,132,21,2992,1770,582,3308,31,2307,261,1366,5,2753,2288,3943,3069
267,1234,1795,634,42,713,3846,1,1336,4,2908,660,2272,318,71,109,0,119,32,959
2148,1425,1245,420,61,4,161,257,748,100,609,1778,245,354,1985,1541,1483,4329,1762,2311
840,184,1587,153,14,872,1250,888,254,1,131,527,18,427,181,6,261,536,2248,765
141,89,588,9,240,2140,973,677,50,893,453,168,1391,228,400,1171,757,2030,1004,1425
860,2824,1,1327,718,2109,32,1218,3,405,448,368,840,1190,0,2522,163,102,536,145
605,1026,303,184,967,1573,82,23,622,304,99,2586,219,1425,724,64,414,3189,1823,1184
52,37,1006,1025,278,1732,64,173,126,54,3988,1178,923,622,135,248,1005,2601,656,1239
609,1974,276,762,509,1796,135,405,685,1372,2404,115,513,59,9,900,13,4,2364,742
963,171,545,2225,153,60,325,110,24,160,1399,1843,250,564,1794,3195,3549,661,1712,1103
1945,188,1443,63,384,240,111,719,1467,1229,1728,235,179,304,4292,5463,9414,1955,6676,533
319,37,635,72,89,533,1178,213,2666,727,299,3,0,2638,4125,7997,2118,6797,269,545
100,1291,23,999,425,1049,1056,373,373,258,1120,259,194,180,314,464,4105,3,2102,3790
3,286,897,1447,86,371,588,2926,30,638,56,540,18,115,452,2158,3237,1531,203,2330
3094,2483,106,87,831,2445,519,13,43,116,54,831,449,254,554,166,4064,978,0,3766
886,227,151,934,175,207,182,205,39,2037,604,1639,412,1010,844,714,118,379,495,26
416,135,22,7,687,153,427,160,2129,1248,715,876,1581,1905,3783,4394,604,247,1225,862
201,2239,721,578,1028,23,1652,1623,56,448,1050,633,662,1062,218,1167,1540,729,276,1435
795,37,42,270,68,56,1240,318,5,3875,562,991,1949,379,169,1536,753,1230,978,32
63,1388,61,535,181,1035,50,719,129,490,10,188,3057,24,1914,3084,1299,547,306,28
