-1.449892864041484,4.6387703790721325E-4,0.9059722769220154,0.8515685746565134
296,1090,609,1688,773,591,1013,116,625,38,1704,149,939,40,3041,444,64,180,172,18
3054,451,129,548,382,136,43,75,1304,19,1602,88,10,788,12,237,279,4689,77,1311
1008,2196,1876,457,1293,0,72,775,2976,669,78,403,390,277,339,36,79,7,418,366
493,376,149,477,107,711,1250,638,988,241,182,1056,87,198,2753,1185,222,3376,561,316
682,87,444,44,3432,2211,74,36,245,925,169,264,534,1454,1212,343,447,651,38,0
4546,18,693,13287,20,148,449,694,153,48,174,41,300,30,2,1220,299,78,2913,3457
1906,47,487,296,647,8,4,667,347,20,322,1749,4,0,1218,3656,336,345,29,200
1880,609,1362,122,267,2014,11530,108,619,34,5832,350,74,778,5,143,952,350,2009,2
392,442,0,4104,309,123,788,6,231,3195,144,182,1382,337,2507,863,3341,1388,44,0
2314,1931,43,5676,281,147,6691,3364,143,2213,704,330,0,1624,714,122,154,881,217,1903
65,0,582,820,32,470,0,3793,5,129,232,46,152,707,0,1987,62,332,760,78
25,543,156,1370,593,757,1184,54,2751,2849,393,375,25,578,255,1269,89,11,96,238
1387,345,443,1179,323,1096,1150,474,2204,3,2017,1545,179,2106,86,64,357,383,655,1014
321,1452,2092,15450,927,203,566,455,1918,24,598,4197,594,0,391,247,773,1990,204,1898
147,27,196,59,9447,1606,515,197,0,181,268,290,2262,213,538,294,2351,23,513,1085
152,454,444,546,174,1352,13,420,887,281,152,0,753,33,4519,6695,1577,281,1327,756
63,0,480,618,1542,284,56,3311,89,31,16,0,2025,1065,741,42,2254,9,990,203
1060,396,95,2282,1885,725,1023,109,727,836,421,718,90,58,6046,3302,14725,111,26,706
179,373,1141,87,492,272,717,273,189,2398,1440,125,2,1027,656,924,336,490,397,97
950,8108,5500,1185,281,385,0,0,3205,71,1517,205,518,1281,17,978,0,73,4,0
