-1.9603456203439356,0.0031152635085275452,0.8584315527957813,0.8460726951756763
1131,21,4904,1224,1280,5,34,150,1588,2,808,1996,213,467,285,308,2383,2405,3,549
462,127,2062,58,1280,626,1548,450,148,1635,462,215,164,21,0,1375,119,5,4694,623
1152,626,1,683,17,264,2431,1514,118,650,1471,1543,645,12,726,35,49,327,32,641
24,21,339,3471,33,47,2572,56,55,885,37,1900,2,17,1354,1309,8,215,1127,1
23,790,1675,304,11260,1081,2,103,569,292,7,710,588,2212,10,794,692,891,6,2110
2,441,111,24,441,2682,1,719,286,66,67,7,225,74,6,230,2,1,2372,118
1,1149,1377,30,9023,0,10,4790,1414,4639,408,175,142,2222,1554,28,65,206,2977,90
1254,2245,4085,704,57,2164,9783,4703,1,87,5688,13,51,430,866,1811,17,1280,129,4
2121,2480,1016,1,2058,1,2,6480,256,241,4555,132,237,636,20,430,643,468,2256,226
522,1163,1834,5030,150,5305,39,63,1667,5,1017,2,4,119,6,1093,69,19,1,1
4335,68,1,1377,22,1469,1340,5,1388,212,1,380,924,6,4552,7,3,671,460,739
1108,104,640,81,1,1339,359,2,1,6320,3162,96,1013,1040,158,225,827,220,121,497
13,383,1485,483,59,151,955,119,1444,8134,5245,515,14,420,672,126,70,180,155,1
865,62,98,1517,1526,3231,212,274,882,296,477,26,38,94,1296,16,16006,2365,26,981
179,88,1910,8319,129,1344,707,42,2545,1433,2466,891,5376,2228,1639,45,371,5,547,1509
8,1002,17,96,123,1535,47,756,328,3,507,308,431,6,1472,26,39,30,3491,56
500,361,2189,1,257,693,51,1261,10,1,681,364,885,1,1372,1,4,402,121,2
130,80,15,377,3226,2,4686,1776,5613,1,18,681,94,1,286,2117,4406,9,8,1215
1955,194,572,65,332,59,264,249,389,2246,1286,1563,829,40,610,1321,165,223,313,40
36,741,1002,1984,390,1659,37,2499,2375,8,11,100,504,1925,392,1,449,33,1113,1177
