-1.1755170490913605,0.04870260268330705,0.7973510982468384,0.8968355377098516
594,1877,497,664,695,202,212,363,1956,207,539,1826,14,398,774,1608,2549,2343,84,123
902,405,50,125,385,163,1947,874,849,664,273,736,76,61,146,67,1169,1016,1307,547
854,726,1450,234,889,705,248,2039,686,436,60,461,634,606,184,3157,546,118,421,158
179,335,145,316,135,811,378,162,1575,1433,47,365,54,1837,303,352,71,65,292,1878
167,63,113,1150,698,2568,598,89,525,928,196,461,310,993,1037,227,1208,665,633,191
324,1365,282,533,151,654,119,11,1066,12,341,2180,372,750,39,696,83,1158,876,563
109,103,3838,528,403,364,849,791,658,1124,757,1893,0,397,742,117,103,148,12,1832
1114,306,1404,629,48,783,850,1752,314,2432,1531,646,169,911,227,733,1543,6,1678,1550
69,271,2198,543,2175,56,1120,3375,3022,1338,2199,573,1207,360,493,310,855,1798,818,93
4,856,0,851,70,689,271,5263,135,5483,4096,1792,256,529,517,1699,1373,839,190,1194
1161,825,2332,1757,504,243,2383,3583,1454,2148,7206,2060,7966,1284,727,237,665,669,479,3021
829,274,1247,735,592,517,5681,1983,686,14587,7143,3967,1331,2465,510,93,43,133,521,36
1709,668,729,36,2226,2252,1137,481,6349,10407,323,1086,4896,568,1665,194,93,7,1487,120
649,694,5695,61,1738,352,1466,625,309,664,1877,670,840,399,275,140,299,5,162,1257
876,0,186,15,169,154,485,285,43,1155,941,53,562,110,1255,268,2575,451,147,1385
1825,240,1296,15,1021,40,748,489,507,254,1113,1029,1503,175,125,532,611,3,1968,94
385,2810,2900,1065,438,158,3335,2496,180,202,141,2239,24,374,500,31,346,1164,2581,1444
105,720,1228,1830,421,553,1055,520,750,1773,1371,925,212,546,426,2247,457,511,381,284
1063,1471,285,1903,164,3,108,402,450,761,2189,864,145,825,66,460,93,600,744,64
161,745,249,844,696,13,470,0,58,485,337,1320,852,1228,2471,0,468,64,223,315
