-1.9159540352520703,0.01488739190768819,0.8477309043771821,0.8518548567691259
1127,54,4100,1001,1280,5,0,144,2272,2,534,1996,271,280,198,1164,930,2070,2155,291
183,53,928,58,1280,1703,1684,450,157,675,462,116,1,36,310,782,119,2,4562,1538
192,648,1,282,1235,264,2431,1225,186,1,3774,1657,645,12,842,28,624,327,32,395
21,4,339,3471,5,31,3164,56,6,271,43,47,17,5,1354,1351,8,32,1127,1
0,790,2628,304,11260,1014,162,0,572,292,111,763,1268,1673,10,417,493,918,6,2110
992,515,116,6,2424,2136,1,1127,286,100,67,7,225,2,6,230,2,1,2372,118
1,1149,1377,179,8876,9960,10,4790,2146,4639,1687,85,142,1891,1554,28,13,253,1748,67
1254,2245,4085,704,58,3,9783,4966,1,49,5793,13,51,19,980,1811,19,1373,420,5
2121,2344,1063,261,567,1,2,2421,256,915,5363,562,147,821,17,20,681,468,1555,559
577,1163,1834,3590,150,5281,39,437,1667,6,2055,2,11,119,0,1093,69,1017,397,1
4343,68,22,0,20,1455,1766,5,1959,431,1,380,1943,8,3439,7,3,671,905,134
1108,81,640,81,259,1339,8,2,1,6320,3162,96,258,1038,161,225,1282,155,160,586
12,261,3312,853,399,151,843,229,2076,7488,2365,515,607,420,951,86,108,168,106,1
919,229,98,3643,5989,3231,240,169,232,392,770,18,6,178,1585,402,6213,2532,94,981
73,88,1910,8319,7,1376,121,0,2702,1433,2129,1441,5132,23,3218,45,335,5,547,10
9,787,16,53,69,2981,43,737,328,3,122,151,577,6,89,26,23,30,3491,102
500,360,2189,1,257,693,77,1993,5,1,680,468,0,123,1372,540,4,142,127,2
130,78,15,377,1709,2,4686,608,5350,1,918,681,11,1,185,2117,2973,585,4,1055
1957,902,3238,65,270,106,189,276,389,346,1286,1412,829,79,635,1327,165,163,733,182
16,0,1020,1982,185,1651,0,2499,2375,6,22,252,430,1918,392,61,398,71,1212,1116
