-1.396479521247028,-0.0018743250972845932,0.9908430803864587,0.8478722446877892
37647,301,0,4261,69,434,689,32,422,1135,1006,158,112,769,627,78,230,1871,116,1987
1059,713,1020,351,565,394,559,1483,74,2157,116,2260,652,6,2274,1505,1370,71,101,565
2251,374,57,194,89,478,597,1050,1,0,62,730,77,0,2990,453,2495,464,149,1128
3439,1000,85,446,23,1785,478,0,109,2681,1,40,1156,160,3361,6719,62,32,3,566
552,2,0,925,3033,67,243,104,236,37,17,358,87,1439,558,362,472,112,1290,601
3144,985,40,44,25,224,620,1561,290,720,77,610,101,392,19,865,1751,2000,258,829
666,664,705,1806,897,70,4,217,1857,59,313,4539,448,36,1246,144,61,3375,45,1255
641,1371,650,160,4,182,220,125,641,409,801,961,271,18,939,105,2121,297,410,427
1422,3759,157,358,3815,11524,773,468,776,1452,2607,1757,360,28,3,634,976,422,334,715
392,4640,829,532,261,389,1226,1753,240,402,301,717,5413,139,492,636,1212,94,2044,1055
391,651,3270,69,105,29,648,21,1661,434,316,54,17,21,1132,291,2084,2483,141,1052
1001,1619,244,46,861,472,2,588,2309,507,2663,4260,6,794,513,611,383,158,506,61
123,1080,282,501,134,326,989,315,3819,511,227,560,886,29,322,907,855,53,1236,270
43,156,2169,534,413,24,1459,5332,0,5295,6,2111,195,1245,313,149,116,422,202,311
55,1245,0,1414,389,317,0,600,120,0,249,412,839,1702,355,1402,481,614,433,61
184,6108,2542,787,15,4,60,3019,523,875,799,1774,39,1292,144,0,1248,1039,850,72
685,1384,308,355,783,20,233,98,0,538,6,181,563,554,135,789,1872,1148,1896,585
535,75,814,138,182,825,34,720,408,388,1147,1048,488,886,388,962,358,1840,4,1096
903,78,142,1124,137,6,38,34,382,1,508,474,557,0,473,643,799,2708,472,1456
84,325,272,858,7251,1892,1078,37,1500,1726,20,13804,1550,1853,1323,1255,290,2276,95,4215
