-0.6207013820828065,-0.004005136778472077,0.9039541516709437,0.849222616381195
864,1503,272,164,603,590,689,325,834,1181,1060,854,899,587,548,474,396,335,737,225
655,191,747,1061,715,8,297,425,719,2030,470,155,556,727,1080,1303,200,1037,282,714
1136,895,637,391,600,577,663,830,762,600,263,512,1014,3745,518,942,719,483,500,1856
768,83,622,764,487,872,1162,602,82,1072,881,1178,0,1005,919,300,386,528,365,866
219,1623,573,19993,650,425,767,584,72,719,718,431,394,316,881,451,827,625,912,1097
924,386,683,496,1280,317,961,242,465,118,966,1173,525,510,647,757,254,578,1158,646
1051,836,650,751,652,600,1136,740,677,525,830,1166,777,571,496,923,279,577,329,703
1351,139,588,1454,348,1682,811,790,689,600,351,1423,807,443,854,256,741,1086,1000,391
215,1047,430,824,1389,685,382,725,609,388,371,1173,347,190,806,957,509,471,247,793
332,1614,459,465,368,1303,1181,959,914,863,351,1602,189,773,607,900,753,750,393,654
586,591,925,704,852,436,447,563,387,563,731,510,211,654,470,608,693,1247,368,295
214,515,497,1108,287,325,466,397,422,849,629,988,732,594,923,53332,1069,692,506,535
452,1228,682,1197,277,662,447,473,752,265,301,313,904,412,1111,896,111,397,1024,546
722,759,1388,529,653,482,877,498,894,170,751,348,721,588,552,343,571,497,609,1013
1457,587,764,273,953,781,488,665,529,552,426,627,355,182,400,669,830,521,1115,508
674,820,998,1606,351,216,1438,642,54,621,690,746,700,195,1435,625,1031,642,447,490
879,337,636,817,1063,237,422,277,566,1011,485,71,837,756,414,611,555,550,831,351
507,364,707,603,335,803,491,366,592,331,925,669,383,1518,383,548,842,644,297,989
576,836,757,211,677,88,764,655,2170,576,299,1182,1270,1400,1059,806,919,1185,731,1127
2365,360,688,516,776,336,1163,1741,924,578,780,263,32199,532,489,479,596,1136,626,489
