-0.45439242227083065,0.0012033201154981724,0.8483261915825779,0.9500730910186356
1154,737,625,1569,1045,556,657,1221,1221,464,713,477,591,997,523,902,487,557,387,521
1013,694,831,813,935,1605,782,347,310,1551,1109,1102,247,1272,433,1019,855,135,1026,930
874,350,517,257,861,911,611,1332,782,1209,1084,407,521,648,1499,378,737,638,401,468
729,785,678,449,686,578,1072,1877,1365,1505,1175,616,1113,738,903,818,607,600,547,755
1288,565,830,584,956,445,834,1608,306,1989,1517,814,885,362,1540,426,1236,886,814,639
1070,508,884,718,544,366,632,1103,1308,1524,455,980,1046,2038,1030,317,748,949,1232,842
501,1166,808,587,164,934,532,731,1649,705,1055,828,917,1361,470,309,401,681,1407,1005
1089,635,1498,1073,545,851,1430,1214,1852,1141,937,1127,496,1217,697,804,338,620,995,528
1165,1843,729,1147,1862,961,250,1866,803,1250,810,31385,800,863,772,768,1003,948,468,940
935,1159,858,1301,1267,740,831,1024,1086,827,1147,1159,943,1177,1353,1100,1419,582,658,761
1145,749,1549,813,718,975,749,1287,1224,401,765,2348,1917,1102,1056,973,908,1020,1365,898
721,513,605,1927,1166,1393,1310,936,797,906,876,2331,1528,1128,1546,580,361,397,1239,741
337,616,441,1095,533,788,514,451,979,598,1123,1514,750,342,574,1077,283,659,587,853
1020,956,1084,1169,1782,1293,537,1537,984,184,600,1475,423,530,548,727,885,269,572,960
683,373,890,885,1117,318,1226,504,1057,1819,646,1149,522,1301,1462,695,1021,1255,951,1431
887,440,840,237,1283,845,987,361,350,1394,708,866,905,829,1010,768,945,690,898,422
266,356,1304,733,1048,820,449,1335,949,1269,1459,1545,855,1370,938,1207,1192,1011,631,418
661,785,836,662,972,553,1072,1174,564,709,1499,690,377,955,971,414,541,668,444,403
471,318,1014,945,672,1178,930,282,765,260,552,327,912,603,760,539,1150,609,1080,1255
616,863,710,1004,1021,1055,1006,549,669,661,631,661,863,875,854,919,308,382,485,731
