-1.0844639045406708,-0.0031995166032116685,0.9590106369233717,0.842816906733359
186,2465,1694,19,745,125,912,702,714,150,541,0,763,1108,114,121,1790,153,1642,25671
229,382,1029,158,631,585,582,932,854,254,1072,52,44,193,444,1014,306,764,944,437
127,41,829,634,1501,84,9821,756,412,309,671,614,289,3445,278,1799,341,613,700,702
1837,142,493,1200,308,1098,586,805,1659,156,268,1111,557,669,0,620,290,266,0,272
1073,1131,75,283,802,292,2076,107,212,579,35217,971,1244,1214,336,3139,205,1617,0,259
487,1985,1246,1196,228,1554,695,614,520,32,856,942,1131,707,735,819,736,1549,511,19
267,93,883,1039,104,283,446,418,1079,1482,540,1118,362,439,418,48,102,4,126,1282
662,914,905,0,278,8,715,958,1298,1103,12,612,1265,3652,1340,1059,122,1189,37,171
1340,190,460,1025,471,345,391,565,454,951,877,264,1115,514,421,424,1356,627,39,579
1368,70,209,447,608,57,763,2232,2034,864,264,0,1597,985,124,754,1823,1079,297,71
343,1497,1339,1237,217,508,478,505,621,1038,139,352,9,875,589,483,566,253,890,447
826,635,1932,112,265,94,0,1284,1560,271,248,983,1349,1304,439,477,1298,916,32,742
228,1021,287,892,420,99,322,1465,1250,570,532,416,1010,783,15,90,585,196,1695,393
238,31,894,1642,837,184,1827,1093,1594,194,651,114,383,591,110,1534,479,860,23,178
901,581,563,639,1,2030,481,351,845,1288,43,6,53,223,91,319,1158,1136,170,0
1020,995,1393,1277,646,194,0,1919,0,1123,532,771,496,53,44,1335,1319,87,460,493
495,612,624,5632,0,287,562,691,1284,142,42,30,152,150,546,11990,16,453,483,2616
0,867,880,479,1850,1164,1460,772,7997,168,275,72,1093,756,1073,1126,2440,1268,41,243
817,458,360,208,2691,335,73,121,735,451,392,15,1071,631,335,734,42,21301,473,2937
582,343,192,318,1524,357,308,751,820,1672,0,20,722,412,199,803,1505,1629,508,255
