-1.0257208261217634,0.0538257435792456,0.8998992015678179,0.8975866577223369
2743,322,1168,1271,2263,438,581,670,873,195,127,610,1080,3206,809,226,3132,777,1556,851
510,397,175,314,792,991,325,1614,2618,1425,279,547,996,1049,141,735,481,223,1227,590
260,1051,51,336,355,222,312,589,397,2018,796,199,310,624,147,488,409,666,499,182
1140,1210,1039,1886,441,1067,227,251,127,752,512,245,48,13,484,1242,437,549,237,1428
537,1204,1017,1034,1396,1100,402,1647,325,1075,97,552,33,316,147,807,129,407,1420,1944
847,95,1098,1573,226,60,496,1237,358,220,943,331,322,44,317,50,958,340,3732,531
2957,743,363,540,1130,325,474,313,384,44,662,655,570,1049,968,2601,23,1170,579,387
211,465,293,259,47,961,212,0,312,331,343,798,434,23,462,126,1102,389,1037,527
553,118,662,35,585,547,283,418,705,2610,486,789,614,468,183,8204,92,81,1476,86
478,1468,1267,329,920,813,1542,1029,1380,749,0,263,3160,850,1185,9681,1281,480,51,686
329,76,611,175,72,1203,85,0,754,131,187,259,306,1455,12385,7028,9695,5054,805,295
875,863,182,2355,3185,453,656,1158,850,253,748,1185,355,90,1525,2407,9255,3427,1961,416
193,1099,233,788,224,363,525,1977,1257,461,607,859,727,1620,14,6379,6181,0,0,4170
522,664,65,842,464,319,252,2030,916,124,44,538,364,622,260,663,336,410,6890,5495
648,984,315,2579,558,2727,978,602,345,684,319,440,0,150,348,272,3688,2706,169,925
38,667,417,858,395,246,470,303,319,267,636,193,465,726,651,825,1732,919,617,3128
29,295,334,872,1694,1539,289,1836,274,188,46,388,770,588,1927,106,1384,39,767,537
781,337,1964,354,1177,776,925,329,357,779,200,1516,247,394,795,903,967,323,92,529
953,808,869,35,143,282,805,298,505,243,371,3271,376,651,1905,341,1481,3393,2176,186
5408,308,625,142,1856,171,717,974,639,917,0,207,639,329,236,1006,1889,1958,2838,2209
