-0.9786642118890632,-0.004654245658460668,0.9079371235640655,0.8598060526467168
211,0,353,1527,891,1216,853,1543,1255,552,323,180,152,412,182,1133,539,783,399,558
1510,907,655,131,737,1233,0,318,990,658,485,691,396,1080,944,957,550,338,10,347
51,890,247,336,269,1412,70,755,321,587,605,315,1314,4297,7964,1021,2499,1744,819,887
151,361,2048,1369,532,409,86,1470,172,1084,731,536,21360,590,759,1850,754,495,1042,243
620,457,1120,523,1613,1022,623,642,0,309,720,541,270,344,1140,2029,0,314,48,1579
1007,1256,474,220,993,505,1567,88,32,464,399,364,1277,647,106,722,339,600,312,1363
1360,378,596,2067,109,679,254,0,1839,193,563,1208,184,1092,544,1041,77,34,90,637
1572,24,577,1112,1662,1052,405,360,1020,1138,804,546,1939,366,413,130,594,463,39,750
1008,936,647,221,1583,501,0,126,574,806,57,911,391,548,679,413,477,288,428,98
315,434,37,201,26,1085,919,210,837,515,430,1868,198,913,5267,1340,632,655,1224,0
390,648,2028,792,431,1153,124,34,762,834,0,391,950,8,87,675,361,1812,643,397
710,439,934,540,84,410,91,17334,743,83,2149,815,1971,714,14,11188,1137,1259,296,793
219,155,1050,1268,66,1362,219,690,288,928,286,577,308,1,837,541,811,227,121,564
15,11415,72,283,496,211,1694,728,1097,498,423,1426,790,730,636,360,808,210,934,940
376,253,282,1339,167,1119,395,419,139,780,455,2388,448,550,848,198,602,0,150,662
569,640,358,1396,255,256,719,289,550,486,973,787,384,349,1601,614,591,323,651,1233
807,208,1324,1280,983,353,216,1109,229,364,34,4158,886,913,2453,896,723,28,798,969
1158,245,290,38,0,2013,1257,489,1264,349,46,715,466,189,73,352,572,437,1188,1005
374,2451,3221,454,343,401,451,1029,1341,906,1022,1931,257,536,900,79,724,1068,1641,1033
0,353,94,33,389,47,488,2125,1148,729,497,293,32706,1004,632,329,404,809,963,219
