-0.6088934450601778,0.010233243861499696,0.7809570707396749,0.8499614616264
1123,656,719,737,787,600,402,693,1586,320,489,748,899,412,576,824,698,758,449,395
355,248,1169,984,757,994,566,381,715,727,912,521,716,607,1810,520,423,523,453,1140
1421,1026,530,956,684,581,652,348,588,427,687,1170,812,4510,180,506,363,574,298,482
644,892,426,476,798,1222,128,1319,1408,1018,767,224,19274,338,496,1628,464,646,414,634
931,382,302,739,1194,552,1338,748,356,1085,630,474,487,904,578,293,862,424,474,888
408,342,807,856,1064,310,959,1172,287,602,512,318,478,350,423,155,641,364,602,712
879,1047,835,923,667,1181,965,1400,334,1876,401,552,561,413,450,442,303,357,747,1614
652,985,579,791,871,674,409,826,468,1333,1921,724,1028,597,1102,210,991,756,599,214
328,1020,221,727,687,699,223,694,1345,1673,631,52492,33022,624,361,740,2099,124,861,685
946,357,599,1465,614,952,649,1702,470,581,863,1159,526,564,901,348,1039,254,1262,449
837,741,657,364,1276,384,647,733,1178,292,1443,133,359,1066,467,561,570,212,1296,262
530,1035,1183,734,288,1045,677,876,1212,345,940,983,402,1496,152,761,416,719,1053,328
818,155,821,574,268,391,648,682,400,309,959,863,1045,656,661,371,213,328,479,472
686,524,598,709,1036,221,607,368,861,928,608,275,771,713,852,515,474,1007,891,848
430,673,393,1500,629,562,86,873,194,830,337,665,785,381,652,856,345,249,825,309
430,1063,771,430,358,568,257,322,599,235,418,419,329,267,515,379,542,617,1391,428
692,642,472,1319,384,607,882,202,455,278,299,718,904,852,1221,570,688,903,962,293
1774,329,404,339,555,1075,915,463,717,787,381,821,76,988,645,288,595,765,502,833
808,512,220,657,250,1287,412,962,288,189,800,1032,248,672,582,379,181,898,411,798
683,533,489,505,981,273,413,512,638,1075,355,901,1267,1233,823,726,151,360,1024,795
