-0.8792240291624636,0.060066294935145835,0.8014366149706931,0.9497787890351728
205,337,92,298,603,1179,223,1611,204,967,412,260,1066,229,331,275,505,156,65,319
272,322,311,581,879,466,362,1661,70,1613,472,1263,1481,674,30,14,1115,980,134,172
637,1420,355,386,816,1258,975,2106,1101,529,772,250,492,417,1060,290,890,182,129,629
1162,1217,481,1375,766,679,857,1097,802,738,232,2057,633,369,985,407,466,524,57,1226
37,1187,698,1760,225,383,1889,1315,2418,231,1243,1054,1377,1131,1115,1195,549,319,277,78
724,1570,322,1263,165,3123,1667,1568,2785,1721,752,2213,1940,885,2464,1686,186,702,1729,44
766,743,881,648,2,1188,1361,794,3464,1012,188,1490,1618,1524,135,918,756,0,650,750
242,489,996,414,647,95,3431,411,986,1631,2084,1633,1473,2245,837,1197,865,2142,661,985
211,6,1729,3171,970,1086,1327,1721,284,1805,2627,1733,770,430,930,1297,514,251,162,296
1647,172,1580,318,1372,1923,2017,1370,1590,762,4415,1805,646,826,3297,850,1186,1847,892,17
330,527,1171,25,411,1607,2448,1031,930,3114,3096,2434,1971,2760,1799,442,1108,1379,1331,159
1411,92,705,1305,1815,1254,1801,1355,1902,3375,2583,2980,1568,1135,610,1997,4174,1554,842,396
944,663,666,303,270,1330,1163,1335,1282,1139,1782,1078,2302,672,2701,828,86,594,921,1339
322,494,1284,732,211,387,1378,163,1932,1368,1058,193,1354,1128,1222,822,964,1075,90,818
463,835,249,1400,444,1035,48,1856,549,831,180,2572,976,1007,2780,721,444,1194,1294,957
84,53,686,509,0,1579,806,1111,755,562,3596,2641,971,203,1375,1640,1209,1906,1,534
0,758,1272,548,379,892,934,179,2652,209,1142,320,533,646,944,1835,5,1520,1,298
319,328,709,918,662,386,663,1559,1096,836,507,714,663,1490,1276,673,541,2256,651,93
486,832,365,229,372,904,119,404,1462,969,718,510,1606,808,1019,1087,533,202,190,1408
301,925,152,597,669,101,50,503,188,145,851,4,647,216,1837,804,16,977,618,854
