-0.8159379362175291,-0.004901169283316882,0.921181399757004,0.8498181752333592
929,1398,158,334,1037,778,400,17,522,631,1429,619,993,674,379,751,572,876,1035,477
357,230,733,1814,295,125,430,406,84,1864,1558,263,648,208,1521,217,269,1091,20139,536
353,794,762,99,1213,466,1174,548,1012,1007,384,359,1302,1614,515,661,212,887,382,1020
383,417,100,271,364,1249,183,547,245,1193,139,676,106,359,1406,650,506,690,363,844
982,1163,909,22183,595,483,564,163,371,740,1219,640,184,115,1849,1278,838,424,671,811
642,373,898,300,405,1035,1177,895,835,70,673,411,403,528,650,1156,1553,1032,1117,388
1103,1069,879,1378,1280,588,381,287,811,714,502,196,664,1245,1010,725,220,583,221,1140
1316,0,696,1623,524,1466,572,709,174,10,6299,1273,971,153,667,377,0,674,637,537
49,899,793,509,1136,312,114,400,1573,563,207,655,27,84,669,1646,500,945,939,309
524,1112,245,258,273,954,1118,630,705,544,440,1090,0,468,338,236,394,647,1795,645
271,476,607,660,1943,17,458,0,423,787,582,586,242,652,605,0,836,1226,116,166
1,329,594,1161,543,532,177,576,487,1593,483,1324,883,960,433,49296,1474,1167,376,279
117,2302,758,1053,1683,730,437,572,488,0,702,627,774,358,1130,303,284,453,1401,927
247,879,955,458,499,574,1209,446,828,146,466,224,819,445,408,299,609,496,446,229
1897,649,238,215,1237,496,73,573,829,689,158,776,335,232,432,606,891,98,140,420
1240,403,694,1560,376,419,631,856,611,1157,285,1234,837,980,808,1482,56,113,49,412
366,390,1096,465,342,355,415,345,1734,571,601,67,522,1085,414,1011,706,470,1333,975
343,391,0,923,622,1208,337,181,667,337,958,649,2084,1669,206,301,1265,716,226,1103
721,284,863,980,693,3585,563,669,1224,256,128,1517,1456,1413,971,377,104,1160,977,920
1063,1481,604,245,31,313,995,1303,1181,186,763,498,11010,861,188,664,723,1908,1009,597
