-0.9202761017914936,-0.004195622893985873,0.9797063265654974,0.8558539637697631
743,913,84,397,251,1503,1166,434,351,532,340,1586,238,1037,488,32329,523,291,990,237
404,442,305,614,262,296,31,106,524,27,897,657,671,282,282,253,246,3800,806,1339
920,636,242,61,2588,122,518,1445,333,326,1023,980,473,167,598,793,832,620,457,709
1054,1338,713,425,676,821,896,387,280,642,254,1866,119,186,401,261,504,144,663,1949
2470,180,280,808,1047,105,298,786,133,1663,831,629,966,92,976,491,2451,948,1545,443
244,155,778,1149,482,66,389,998,1218,864,755,188,1713,43,277,1593,736,580,199,1056
558,455,1141,1577,15350,334,4190,88,957,527,373,299,561,256,644,457,497,3501,881,1461
625,417,808,521,494,1459,866,486,413,441,1330,414,125,448,918,0,773,470,1101,415
669,889,837,178,624,666,565,447,1041,622,1484,932,265,161,596,775,870,140,627,590
78,2141,200,535,1255,576,931,250,854,363,2060,767,520,742,394,1519,100,1420,890,1012
783,1737,100,60,204,398,67,524,452,2478,410,885,102,1300,376,64,662,314,159,86
43,219,298,563,72,0,437,822,411,328,780,361,1907,384,14625,916,620,784,1090,11973
468,8,3601,1032,505,877,175,781,273,1449,229,698,1204,517,193,120,808,423,1015,914
391,545,491,520,144,49,480,801,551,192,209,91,858,816,1189,1337,2579,1444,419,199
439,248,50,304,895,553,303,824,875,757,340,308,220,1035,833,892,256,38,716,431
458,633,1290,1199,0,648,793,375,1200,668,831,740,243,274,835,52,559,616,514,442
441,549,215,241,988,700,988,698,736,331,1312,928,693,308,625,2299,206,1063,344,804
365,1161,827,1412,386,2489,1018,153,112,900,0,780,1043,20,267,495,1198,793,446,135
18615,342,661,406,751,727,37,214,1649,465,259,392,332,746,598,332,1642,560,328,1244
1322,557,649,612,106,2050,343,435,432,282,928,1434,2786,18910,816,2029,46,560,247,443
