-0.6377862051830655,-0.004675977321475086,0.8786928781379721,0.8993821515528048
29,1540,474,400,1137,851,601,119,1279,1809,1048,1578,273,477,703,832,982,628,2284,358
557,1898,1517,1839,551,815,418,732,1457,506,747,1139,854,298,978,843,384,1757,585,588
1183,791,143,973,714,317,319,1068,517,405,1101,978,892,1940,240,806,166,969,559,299
693,531,538,461,196,1284,831,0,0,974,901,1040,334,607,798,1630,1016,117,399,434
774,1166,1473,669,663,624,236,434,537,731,460,274,976,260,1522,354,1558,76,1184,850
1035,687,1577,172,1181,877,521,472,566,536,219,784,365,682,544,490,679,949,603,596
373,366,147,75,1004,1706,947,1262,508,1263,711,977,356,1325,1275,629,455,806,824,376
600,1122,450,744,467,374,589,1517,776,1096,550,1055,678,1765,1044,1239,799,744,2145,969
622,811,610,724,663,273,204,522,1094,860,42,66,1437,642,698,1673,301,460,1732,1025
616,485,1444,788,1367,752,537,51302,630,1036,992,1005,453,423,343,697,1719,1545,1340,1211
1493,693,1406,1125,413,593,1039,610,1108,330,408,572,482,1618,1130,68,1441,514,863,363
605,755,638,632,841,302,589,796,1059,1198,343,254,1402,687,399,1037,530,646,946,407
1151,775,370,992,443,908,666,800,961,401,269,1059,463,455,794,496,635,1811,1211,864
467,1258,811,1708,753,442,1306,861,247,1419,802,198,1107,185,662,893,468,520,216,1242
932,423,189,778,340,1391,779,400,722,617,707,466,1159,671,1342,230,1428,491,1060,953
726,695,1047,555,2066,987,53,280,639,726,640,1522,1725,1192,263,875,588,860,821,506
774,454,171,387,1209,620,844,1548,338,1298,607,945,281,845,359,879,412,256,332,8933
392,1930,972,252,1694,221,631,774,349,845,1077,298,1257,1054,359,1355,877,1262,1136,249
1029,1037,1530,881,1337,492,850,200,1320,185,1056,1428,252,105,383,0,1486,158,64,423
441,844,2446,952,309,1115,1232,820,324,1157,1782,405,546,495,213,1058,2329,663,1829,1378
