-0.6543466558261994,0.044681043637369834,0.8078634646256786,0.9555038608302027
160,447,1373,498,298,382,1909,268,718,706,1147,689,852,485,1016,861,219,1212,473,474
686,1114,711,482,420,863,633,1226,953,568,502,1197,615,242,1130,937,469,622,339,343
340,642,345,573,798,1110,390,1255,727,207,1682,1313,316,263,622,437,352,830,601,289
346,354,512,723,411,875,718,1467,1403,1075,662,853,1094,661,1660,622,939,367,170,636
1656,690,531,490,0,1256,799,699,500,681,1603,2056,1386,17,518,543,765,891,1096,1436
802,715,864,1105,1455,1162,1550,1181,1604,1749,1085,672,1017,833,1960,264,1217,721,853,580
796,750,701,1515,1527,1175,1392,397,1408,4085,1097,3734,2208,1050,1133,775,680,727,1190,528
669,447,550,490,685,1342,2280,846,834,1339,3640,1566,1399,1229,1241,1104,1461,261,392,414
444,110,517,480,1120,808,728,1280,2047,1212,912,1932,1532,433,438,1057,3288,285,1226,102
1075,195,475,0,407,973,894,955,981,9872,1460,2171,1828,759,1808,354,498,814,799,1044
208,551,667,856,1340,1095,2095,2886,1514,2223,1181,1563,3,1151,847,936,1364,1711,813,399
221,1091,499,894,821,1553,625,1612,4076,1450,1814,1186,1325,1053,9598,461,855,90,388,441
832,575,1230,875,2546,777,1343,1593,3101,894,1811,2265,1833,1912,3847,915,1366,590,790,225
215,1339,295,538,570,331,1863,848,935,2989,1690,658,1741,812,860,699,1025,763,697,542
245,986,422,634,938,593,638,369,753,978,2166,700,678,628,1165,1446,532,1597,893,614
941,588,1293,899,741,950,1505,1622,491,880,1173,904,1230,1289,93,335,843,1323,399,1059
319,240,1044,887,988,861,843,778,104,1231,381,1198,822,958,1261,974,708,736,595,1005
758,583,766,420,780,257,426,1926,818,911,58,295,776,1323,744,873,416,305,123,433
402,267,708,551,441,347,774,285,664,363,1191,740,789,385,1041,604,548,739,590,1022
539,787,587,770,530,605,495,685,264,260,1486,563,720,3588,346,867,388,336,36,709
