-1.422656962817998,0.05402053281570893,0.8071517068788493,0.9026092600700925
1925,492,1020,162,12,110,37,4,135,122,1671,1520,2913,1266,2047,221,436,460,329,37
121,94,724,395,418,166,3,1227,325,21,5,11,0,1128,396,231,605,389,1806,204
43,14,451,2,0,72,168,244,251,465,699,1804,973,1939,133,12,765,392,72,722
69,403,430,82,239,359,453,1223,24,95,268,680,712,1062,18,352,799,143,1894,2218
1392,287,0,21,814,587,961,32,1759,28,533,1122,4,169,13,115,873,671,3069,163
1226,3,1672,2,333,193,484,2291,3055,11,322,4,12,946,218,409,1520,0,152,22
1065,2255,234,796,5,415,322,772,2640,2507,752,270,1489,610,5537,1,279,1465,413,6
229,59,399,2066,9,684,8,10,589,1136,1846,157,265,1105,610,3083,157,115,1129,2823
1231,1489,43,250,697,492,208,4192,1613,413,1276,3551,1542,110,3356,5,1934,1559,586,1114
278,369,633,515,457,41,1204,2591,2278,2217,2988,439,5,0,3789,650,578,2086,1241,239
23,194,1200,124,232,362,1116,2336,2871,277,1705,7663,3484,610,2278,54,1480,62,53,622
35,1002,764,619,160,7,1,1218,3666,1982,664,3892,3854,1863,2888,1072,3101,1479,197,9
1162,236,351,0,402,301,769,1686,2512,2210,3792,4312,1866,1160,4769,3612,2035,1609,4507,708
188,0,696,797,2469,656,322,142,1107,307,2185,909,600,2864,762,5348,4166,507,1255,556
1,393,1,140,1380,63,2218,636,2007,388,2622,6559,1023,560,1381,3697,6,8,246,915
1380,733,1847,644,0,738,118,2629,971,214,400,2705,113,959,362,1997,188,558,3011,864
3702,672,12,854,535,941,608,718,775,28,112,334,873,2066,28,0,2,1502,733,461
85,39,801,389,2539,195,898,148,661,2253,2126,810,65,532,653,201,1036,147,846,1
337,105,172,2530,447,521,93,0,1,172,422,966,47,2327,627,877,1145,825,1619,2464
94,1023,341,492,712,884,3191,2653,964,678,440,1907,1843,2748,989,4,394,186,1832,351
