-0.6953872020050185,0.009314082090921631,0.7938400830377027,0.8488616278849755
876,2138,1012,737,787,600,402,693,1462,311,608,748,1055,1119,576,676,267,1208,449,442
355,950,1177,924,711,994,566,561,561,560,912,748,970,607,2224,520,500,632,421,1136
1421,1026,549,956,531,581,640,321,588,410,687,729,727,4510,53,603,363,222,298,527
981,929,453,535,427,1222,86,937,1408,219,770,224,17140,338,649,1627,556,770,58,557
909,362,495,548,1117,538,1321,748,242,1085,630,563,866,904,578,510,862,483,474,3022
384,405,767,856,1293,181,1576,1133,287,688,914,318,478,388,131,155,382,381,459,1241
703,1047,835,923,630,1181,1414,1400,334,1876,401,552,298,289,450,524,303,357,791,1024
665,681,579,602,933,1028,928,312,657,1306,1861,148,429,1038,1102,210,991,733,644,628
327,1069,102,345,681,1627,198,976,1210,2135,631,53036,30782,624,352,740,1881,115,868,325
903,357,599,1465,613,952,0,1334,453,791,303,1243,526,102,1549,336,1039,254,283,449
963,1150,657,376,1276,384,647,592,408,292,1443,106,359,1070,775,2645,581,222,1312,262
530,1582,1475,812,315,1045,809,918,1117,859,1055,628,168,1466,152,1241,717,591,969,298
818,382,868,574,292,391,384,733,512,310,959,946,1063,672,678,371,628,319,479,516
686,202,598,249,730,221,229,368,677,482,430,212,629,713,886,60,308,827,891,555
454,598,362,1500,629,562,127,833,194,489,409,665,291,381,563,1081,345,249,825,561
518,628,0,430,358,691,257,285,542,65,537,678,316,204,283,340,542,1371,289,1127
612,703,308,1359,384,614,164,122,445,327,295,718,753,590,1221,947,688,331,1081,265
1332,343,861,294,620,1357,909,495,2194,787,381,821,262,988,576,288,1090,765,1468,833
808,553,220,633,223,284,412,962,457,109,905,211,248,738,872,204,181,851,204,844
604,551,0,504,740,1048,336,512,948,626,355,901,1266,1467,823,726,151,367,1946,1163
