-0.5346899497630276,-0.004194506989909944,0.8618564174919546,0.8985182945097847
1185,1455,301,538,895,879,671,151,1375,1221,1083,863,916,494,593,421,771,190,1603,702
909,1168,1622,1305,641,796,604,316,739,722,1455,1853,1643,381,398,1259,369,953,903,1131
1235,374,425,796,628,541,1110,583,927,922,678,885,1129,817,683,640,223,207,1043,588
392,1367,840,767,506,1491,1014,1264,783,1723,824,879,885,693,1660,441,1258,813,527,665
1049,1686,668,807,562,534,1047,177,679,972,915,427,717,206,1141,486,1023,828,308,168
1240,731,790,642,1300,720,555,454,771,331,142,527,254,515,744,463,990,871,694,1381
361,399,76,1986,1127,1313,778,944,453,860,1057,793,1391,300,902,872,861,1310,1169,964
440,794,954,792,833,153,189,1264,434,988,191,476,333,1489,898,1629,1054,834,552,979
794,148,503,780,663,823,100,322,415,1044,735,211,563,957,539,1137,253,1760,1135,969
419,962,947,477,919,344,735,57941,1397,692,351,960,800,209,413,316,1087,696,801,1011
1325,719,1866,634,654,687,1033,534,1457,246,720,623,330,599,158,691,368,832,635,343
415,1834,785,224,168,850,1416,785,732,240,471,1527,577,570,381,763,485,775,1167,472
1051,422,405,1313,788,724,797,249,387,944,960,969,857,760,890,1084,382,1779,1346,909
498,789,551,837,1198,339,1373,1206,490,1890,442,540,1268,101,973,742,747,371,517,1581
613,438,1256,203,557,724,463,466,571,645,716,578,912,1083,402,467,771,643,673,369
424,859,1213,503,431,880,540,533,1439,900,574,1219,1376,524,428,518,283,0,1214,982
1061,862,427,790,933,1405,899,800,2070,0,511,882,570,783,257,1187,489,369,643,243
845,1158,1043,449,1513,465,864,1025,297,628,1294,1252,749,1491,705,946,1439,827,1779,449
1088,948,789,732,1048,571,987,473,565,456,728,1292,899,462,604,331,1452,1154,583,279
890,940,906,1020,485,1103,549,1239,393,1127,643,504,684,702,2542,1628,1986,902,1020,380
