-0.810355386283957,0.019501136985233328,0.9999121223458204,0.9521904969275224
1052,3354,1642,1357,1132,674,1387,1013,537,1069,944,510,1672,267,591,694,1382,349,1796,4971
1202,1186,2504,499,1768,1005,1177,1692,1818,819,1500,306,1840,1167,1247,567,1495,3862,446,1674
437,777,1421,1803,1688,144,966,1174,296,558,1147,940,452,275,1892,1430,485,151,325,737
405,675,2462,1257,4795,1493,826,1144,1218,887,1339,1819,481,1476,298,51,380,695,1408,672
1608,396,2438,157,1234,786,1244,2286,336,480,782,712,747,384,1460,1024,1460,3441,583,1414
895,1796,1277,843,831,907,177,1308,181,986,754,596,891,1812,430,1775,861,1801,738,498
394,381,3375,642,1448,625,540,1734,351,111,600,425,134,136,95,589,666,1457,312,1011
1728,123,895,716,1290,672,193,95,249,1408,800,379,2,8,368,920,226,928,305,91
1210,221,343,0,744,91,713,492,515,121,531,532,391,17,640,239,585,526,299,541
426,2185,630,273,637,369,652,218,853,859,385,151,307,210,4397,304,1708,491,1219,154
212,51,2727,602,1563,831,885,260,2728,239,327,1240,1583,171,348,848,230,835,1996,1675
403,1477,946,175,1358,255,354,581,508,272,1,329,147,418,400,1221,1018,1744,260,1336
2106,577,799,1388,130,345,228,930,1254,673,650,757,1075,904,801,651,435,1286,1078,1106
1738,860,1885,995,1876,558,542,750,761,1481,304,369,631,468,58,213,1127,716,1360,24
3145,273,695,378,563,575,494,170,1289,182,117,1245,298,1171,391,625,1237,1120,985,362
495,1221,370,970,742,1409,677,598,564,1535,1187,1133,467,340,2421,1509,1361,723,3631,821
1810,517,4,468,1175,715,984,1280,194,332,524,123,399,677,2149,2183,1252,476,1789,1244
1458,1658,898,107,463,355,422,272,250,4201,134,417,10,1333,1943,2027,354,926,2008,1347
2018,1214,1642,1522,1300,620,1218,1043,2218,821,1516,967,607,358,1395,694,1108,446,3043,694
1400,2635,2163,1334,978,792,2514,1072,1712,1075,1267,2513,3230,1302,356,1017,787,1533,2629,1244
