-1.2157117005840528,-2.3601280587760813E-5,0.9488991673254118,0.8481307841744946
0,50,406,462,397,687,783,967,432,1895,224,239,0,448,2096,9993,653,181,24,689
208,825,571,298,443,153,135,201,2345,62,450,573,618,23,533,173,1530,65,221,911
456,333,1274,169,1136,786,219,934,774,2134,221,2947,491,696,3,339,6574,5,0,1197
293,275,81,583,1324,1103,1385,0,333,267,463,5,57,351,33,2082,417,195,369,83
767,187,257,126,813,1085,182,9889,1484,596,186,502,1347,18,497,678,1752,23,18630,94
16,0,439,472,335,742,1415,0,43,1791,432,1591,353,641,2488,528,1471,455,1524,310
919,490,758,491,12163,948,456,516,744,610,993,1335,605,1833,793,645,10,1648,1959,243
137,155,172,161,157,934,815,1665,874,394,1694,1556,283,32,36,774,49,263,485,846
649,3,47,1396,2751,154,199,138,817,250,16,23,77,549,4680,1105,388,59,218,277
107,2561,962,302,315,1025,220,149,787,429,1115,60,3971,1297,714,1068,1139,2543,9,285
428,38,1151,298,114,593,540,59,1606,2036,734,79,2366,1881,1318,809,988,965,1423,1007
252,552,889,43,195,506,33,272,1492,37,1153,1272,164,287,588,381,3855,829,966,489
3,814,700,869,385,550,1004,645,509,179,277,309,1298,90,763,445,615,152,76,249
1556,62,282,1068,525,275,623,620,243,221,598,597,7,603,1662,0,615,706,183,887
1596,1751,110,2197,234,1276,217,6,917,502,451,1268,844,266,102,31,125,1135,312,504
1347,1027,403,510,87,34,655,835,121,112,482,254,533,119,1996,1171,1659,623,194,421
691,227,1076,792,25,316,0,288,240,715,153,559,789,334,200,610,76,345,9839,1582
186,888,1314,550,2498,1729,541,2179,282,344,84,132,16,97,4139,2458,0,1109,291,213
114,5,2754,439,992,581,393,2133,747,709,1031,392,657,650,614,1853,199,98,2122,1719
232,368,265,747,47,1744,413,51,374,426,188,7398,119,18108,180,423,25450,742,872,331
