-1.4998989264168106,0.04514745546817218,0.8130404712206206,0.893216332702541
894,269,2658,297,13,423,1090,157,9,885,5,2603,1725,662,1303,987,1737,460,360,1
78,78,2682,331,439,236,3,481,280,682,663,22,38,625,98,1266,520,421,313,0
612,706,1034,2,2073,2,1,462,306,146,381,95,86,1792,188,124,542,271,167,670
54,1550,89,134,525,407,775,170,17,261,179,1519,93,421,36,1244,936,176,610,1965
538,468,3,13,748,262,947,104,2032,656,335,991,31,130,321,226,1434,553,723,409
1399,3,1419,151,935,248,38,3486,22,22,303,11,1276,1451,498,1652,2067,95,125,697
1279,937,519,1618,18,364,231,381,1540,79,559,371,1046,574,6129,1,632,2316,22,16
398,43,544,1232,2,1652,8,208,301,661,2605,154,271,370,673,3448,308,275,522,1569
1586,1174,15,251,144,901,146,1431,1797,67,457,3571,2272,212,2880,3658,3229,269,40,227
2,1275,13,220,31,131,1263,1678,1602,2328,3400,529,615,699,4031,760,200,1868,1810,154
295,1160,789,230,271,234,64,2352,3595,31,4582,7700,3872,1869,4484,11,142,79,21,391
20,855,1211,2311,15,194,345,1196,4059,2572,268,4149,5778,2917,1129,1015,1319,1075,3829,4
519,224,1355,6,492,848,171,359,1860,2540,4797,612,2026,44,6006,1334,2065,3303,4676,0
294,0,386,2,2201,23,51,844,1439,8,1500,3754,612,644,782,4178,4078,505,1102,0
159,64,6,1658,411,941,1918,937,2871,0,413,4664,3028,1150,220,997,6,48,2779,1319
0,28,7246,616,1152,1100,361,0,1390,155,10,3725,329,2,4,2932,245,478,1342,419
2492,1437,779,340,198,1116,595,1224,1031,51,219,325,1160,924,5,1018,3,1385,287,2197
6,283,188,117,2644,1637,824,36,411,1744,1887,376,2212,1205,171,315,612,10,652,3
549,4,5,2113,882,796,0,1077,89,1670,347,842,916,2474,21,700,1487,245,1535,3
398,73,506,917,1456,0,3799,4889,894,345,1438,1017,1208,281,183,616,60,54,1719,153
