-0.9849117547474798,0.050872922659151616,0.9012651284645147,0.8999423847951109
2126,711,1198,487,2253,591,557,631,457,327,334,610,1179,512,766,257,3121,2014,1570,757
408,271,418,271,746,1001,653,1609,2655,1522,279,691,986,938,310,1055,481,407,1307,611
474,1079,86,597,355,244,280,787,396,1057,741,277,901,272,129,491,266,690,245,319
788,1189,482,1886,435,522,245,130,127,615,512,904,76,24,904,1419,453,615,252,507
221,1072,846,1752,859,1100,402,695,954,483,727,552,55,250,147,565,177,407,1420,1944
639,525,1098,1126,231,100,645,1358,355,189,1375,398,322,60,295,275,1053,422,3204,787
3002,642,418,1098,1130,233,229,127,384,98,599,733,483,921,1430,2601,329,1411,549,328
211,465,96,358,33,957,113,0,97,739,201,1069,434,370,608,118,1615,389,857,400
119,315,767,15,585,580,85,665,705,778,470,703,635,633,200,8120,81,201,1216,290
478,1456,1075,329,925,798,1542,589,1392,799,942,324,4412,159,1248,9813,1200,1109,51,725
107,107,667,171,908,1266,311,188,689,90,1187,508,253,1000,13382,7043,9695,5054,714,255
605,608,349,1890,3137,1834,656,547,687,192,834,245,1065,22,1451,2407,8517,3868,450,182
180,970,174,752,224,185,1043,848,1467,479,607,764,12,1677,558,6144,6181,0,1876,4174
315,2509,72,1511,335,471,247,2030,952,112,4,722,351,654,269,62,209,521,6890,5495
468,1032,409,2577,558,2727,667,602,421,574,282,418,333,150,439,413,2319,1798,812,604
1301,1005,417,807,210,246,546,303,334,267,1045,464,465,910,637,595,1447,1248,577,748
1,295,350,672,1356,494,305,1860,33,289,0,370,1327,530,1500,190,1381,155,735,573
757,491,442,235,480,214,745,329,295,779,570,1496,220,656,372,622,2693,323,83,345
1045,652,733,356,133,321,899,296,466,302,344,3053,361,1010,1252,0,942,2947,3157,186
8096,277,633,2675,1213,327,717,211,889,751,805,335,676,312,320,1004,1889,1150,3316,2345
