-0.8322917819926677,0.01011589979726743,0.7954664940140505,0.8563609588420622
847,114,302,615,796,1209,542,412,1411,295,1260,123,1007,671,644,105,1069,431,680,1152
429,1350,1521,110,968,1092,403,574,465,242,286,1266,499,200,1059,1000,1735,904,645,407
1129,336,446,1634,824,412,319,537,454,421,494,371,1418,6549,267,451,681,514,64,1283
783,979,417,426,4482,1882,83,1313,284,675,567,559,17417,242,649,899,506,211,418,1609
886,716,0,1374,702,1022,696,68,921,1235,315,463,1016,203,621,591,863,1108,216,615
1082,215,745,326,191,806,521,404,528,856,2282,106,828,54,89,195,210,610,412,353
1012,339,1123,1236,358,238,11594,260,671,1962,389,362,10,1346,563,605,470,770,1230,462
821,595,774,2106,1503,551,1851,1357,766,1548,1557,1170,599,478,566,853,58,962,665,306
170,540,177,158,393,1114,939,559,1221,1663,1004,40901,28971,2037,524,1136,316,130,580,1244
1679,861,379,1295,1703,1305,392,1978,117,621,98,1186,461,3,1010,435,1164,570,520,114
1090,592,660,497,157,62,199,432,965,284,586,345,597,563,118,40,192,877,1336,969
522,1113,1244,679,310,829,433,228,1086,335,1098,523,577,957,684,236,1325,417,714,199
135,859,536,837,694,611,414,929,136,220,618,618,1915,542,256,323,560,1040,1151,790
674,555,344,465,1048,872,354,100,884,614,1127,155,242,383,161,1846,647,1029,328,1212
800,1600,619,1761,1110,645,149,2282,381,874,793,1066,839,549,583,560,1756,422,945,356
805,505,1159,792,1015,1028,193,305,601,535,219,777,1325,456,480,722,686,451,792,1104
476,1168,189,1311,485,213,1160,704,700,108,722,130,980,88,678,697,484,160,129,763
923,37,1141,236,312,691,615,927,391,429,567,772,619,314,1033,586,204,438,786,216
699,245,359,1069,650,1279,596,558,38,792,2261,66,487,304,85,1082,138,564,543,140
1039,63,153,165,552,460,454,518,135,1892,1160,137,220,576,312,335,319,763,333,685
