-1.618246807353744,0.04621231668315721,0.9029796744306609,0.8895998329397012
581,1180,2491,917,600,368,1431,1095,850,435,2602,5,940,852,993,25,2461,1168,3719,1960
395,1026,2428,360,51,406,2847,83,675,47,742,2660,3029,75,27,148,869,542,59,1419
1,715,1234,39,195,102,8,1410,529,179,493,1099,3909,164,1023,2734,340,2690,1978,2295
163,468,1822,20,895,463,205,370,1241,263,25,354,13,277,214,2,1086,104,2825,125
1088,1,484,161,348,2562,1598,597,49,1,483,198,1348,1807,418,343,613,2366,1284,1531
899,2401,1,771,106,883,157,578,1,70,346,1,0,1015,1553,810,198,895,156,1020
836,257,12,113,580,312,1,180,417,312,103,1,2267,1130,41,32,1,1759,1578,1240
8,150,296,100,566,411,1037,185,14,14,3145,2450,662,10,59,1520,2556,1779,1406,2698
74,2081,855,1598,199,373,222,179,536,1139,1752,445,628,56,141,1677,2,2,1139,222
129,151,878,1191,5,89,1069,1,21,1,632,498,14,1310,4974,3379,0,11,256,17
1084,152,1890,30,2643,1623,1,67,2364,505,339,1652,479,329,5930,4924,8355,3354,6215,714
59,193,18,1395,1261,464,1325,1327,517,1178,596,15,912,1728,3201,7344,2487,403,504,130
219,822,144,1818,65,6,343,598,8,76,1269,102,72,50,13,5551,2297,9,2148,2818
281,5,946,143,181,465,113,4316,236,375,1,143,13,347,20,4117,3300,3199,2277,2416
3842,16,1257,884,1167,2499,10,110,304,470,58,181,716,202,1014,82,5439,3782,784,1771
1095,945,34,53,154,274,70,534,152,3452,305,2937,323,2317,69,1224,906,232,1251,8
1144,318,15,1645,706,1307,261,483,1146,1547,94,714,860,1497,2495,4611,451,769,3662,1066
664,192,457,2,112,570,1731,348,384,217,189,602,754,917,75,1140,2648,1,175,1903
566,36,1,13,55,1,1472,348,61,5945,301,381,1358,724,60,2591,3,691,1117,578
87,1459,194,636,124,1039,4063,866,114,83,2223,33,2583,15,1494,4315,2937,1,474,14
