-0.9242211838605504,-0.0010834937753506518,1.0608950105550727,0.8536861555307971
42919,1523,746,430,540,372,734,157,162,131,551,1297,1104,714,142,75,1824,475,495,23401
364,807,1015,972,290,898,873,1591,70,652,827,203,730,1430,1773,361,916,870,15,24
946,541,718,1173,718,846,614,362,409,466,213,737,325,1105,344,922,819,13,1084,2111
1333,302,115,983,523,0,437,649,508,923,57,1980,478,72,285,272,759,685,542,1057
627,1600,234,1217,518,1753,1307,834,545,530,445,457,520,2222,171,1340,381,583,327,453
696,1801,725,929,1718,3039,658,476,420,370,1006,1032,333,1677,1017,438,694,747,376,434
1779,608,732,399,906,564,206,26,9,270,542,2256,580,282,207,639,262,1353,598,1569
74,222,1883,562,512,17,276,631,2496,930,220,608,334,120,1663,919,59,316,394,682
876,527,4741,662,1553,248,416,691,261,841,198,253,823,264,452,108,2731,770,113,783
95,223,566,193,207,95,788,2532,1633,1200,443,421,1143,650,229,633,332,324,901,237
227,611,1240,535,443,1630,1148,540,2141,1741,279,584,459,165,331,1159,184,282,505,359
574,62,675,1554,480,1054,3499,1007,168,225,435,938,1286,187,3554,243,200,1062,528,718
119,636,228,2189,477,177,753,1327,323,702,568,606,39,880,155,354,932,250,794,938
1358,1929,601,207,432,40,1626,440,509,330,490,245,893,527,1166,1158,1354,426,886,86
991,264,64,530,1149,365,560,74,85,1042,524,280,1319,307,103,626,1434,1923,1739,354
388,704,670,169,427,688,776,397,326,906,942,240,705,993,133,1320,1428,1207,312,1076
1456,749,865,4662,395,1127,41,823,411,97,436,300,321,325,257,2115,648,76,109,838
450,641,214,912,657,2286,78,788,420,115,1088,363,376,1784,637,1262,168,1063,1193,8
1143,542,357,663,3462,30,425,1086,1210,425,345,605,140,281,466,477,831,25521,1202,899
392,1009,1698,1715,362,928,708,183,953,1391,387,38,42,262,1640,871,1053,1218,534,715
