-1.2370880863446898,0.0515520684663467,0.9085569598567517,0.9004434168555375
855,718,188,1018,1003,773,76,714,152,586,3360,732,796,268,1241,30,2311,642,5200,992
178,516,1360,826,542,94,50,235,936,396,619,1607,472,176,9,207,1318,1348,188,6885
186,1410,321,398,473,295,259,108,791,343,1672,806,1209,84,868,1814,708,2655,2232,2826
242,961,1232,47,239,253,438,28,211,1793,44,10,263,1255,200,123,804,157,642,265
853,236,336,201,27,232,930,1140,256,573,1190,1899,812,1093,755,947,213,2683,1670,899
1599,1906,77,2034,295,909,641,293,305,963,518,658,1004,501,912,1794,354,317,593,868
1648,590,2461,106,27,142,45,77,593,197,703,841,1572,463,0,433,1123,1840,405,1242
66,117,403,7,1256,368,396,1486,86,62,1549,582,526,1223,49,174,951,7231,710,1644
1168,103,1045,836,301,425,255,30,3646,1158,514,245,708,1,157,2755,282,67,392,1474
3347,388,494,76,483,1248,380,3,479,220,207,790,408,31,3250,3977,129,368,549,602
316,352,453,276,1689,526,14,868,640,225,323,874,538,165,6170,4319,8237,676,4231,921
799,346,233,41,641,240,2078,892,60,575,444,74,905,4227,4102,8059,4196,677,381,235
345,771,4020,2436,46,5,344,16,247,18,644,536,250,156,2110,7834,3088,137,2964,1914
2482,358,1363,2083,69,227,936,759,192,160,2617,499,12,1186,1491,4736,3058,1889,1565,2177
2448,52,2426,583,124,620,1182,53,35,391,294,110,95,45,1069,17,2842,6119,1444,1000
529,899,20,306,1740,635,752,494,465,244,3795,798,1247,1196,219,371,1642,438,704,1494
1295,85,273,1270,840,976,17,1024,244,1340,16,442,208,1408,1123,5453,539,140,2650,780
462,2009,1918,78,59,840,2148,400,3,163,147,1613,167,418,96,323,1709,175,380,498
19,1723,7,30,513,310,1087,137,280,2050,138,496,4,510,55,1974,133,1236,366,7
439,3274,392,1066,301,647,462,1036,370,557,1508,353,2366,259,491,3372,1393,20,351,1050
