-1.2501966602468984,0.04816992341677379,0.9093706008449282,0.9004220111794604
1264,544,319,1159,310,293,233,153,2852,748,1637,535,0,1501,1227,191,2833,403,2695,1315
968,249,2647,1375,17,1505,2720,799,240,1534,1052,3594,1314,93,2034,355,39,800,229,822
241,1188,521,160,82,960,15,0,1128,246,2529,84,1358,97,296,3159,1137,4408,1801,777
321,1170,4177,3042,629,1012,387,338,473,0,5169,851,7,835,222,87,929,359,602,120
1777,30,98,8,172,1055,891,996,972,282,510,231,441,0,219,309,1965,1285,1373,626
77,88,202,201,6,2127,7,656,372,170,95,150,175,367,1652,122,158,834,109,1091
2574,502,87,1425,308,319,1,497,360,671,51,108,1687,504,1266,3,3,3735,491,1004
135,322,172,1557,1067,402,1100,98,133,640,2743,717,290,112,26,1144,921,0,2114,1397
2684,478,468,1777,66,97,289,1587,1015,600,773,240,297,122,220,735,208,2222,351,339
882,448,1522,1379,357,61,1213,1,227,230,906,127,58,667,4905,4313,26,1771,423,26
213,113,294,893,1159,131,721,2906,1108,1202,347,433,364,9,9173,6308,4523,1999,6388,892
0,51,542,2094,1574,1016,593,671,865,290,399,113,1091,3606,4370,9037,3469,2062,504,637
294,948,169,1312,122,287,174,444,410,23,140,851,84,63,739,3437,3999,2777,1456,0
1370,216,990,1120,455,215,1556,1311,279,662,388,241,0,901,2,995,3388,2143,2450,0
3061,404,2869,130,775,303,0,1349,269,502,1,1151,63,1901,334,380,5361,966,675,2233
235,712,285,58,299,2939,1315,710,919,92,37,1572,36,1040,337,402,1458,181,685,141
1363,216,313,587,1081,738,470,539,1302,73,210,0,900,293,4223,1261,2114,95,2066,2025
1265,507,54,202,679,188,704,565,55,39,230,333,332,1287,97,2100,3085,240,892,2268
397,732,3,216,154,24,2087,142,1098,2621,480,205,392,31,179,3150,1399,1825,1557,686
48,653,398,30,198,1840,57,462,88,374,2024,913,1327,205,2666,1791,2820,2276,909,121
