-0.6493907912902727,0.0063291469545045205,0.9818724653757439,0.9605443961577295
1021,603,3244,1534,716,1604,1052,1349,645,2036,1416,810,682,1851,1487,963,1262,2063,1276,12239
673,633,1400,1269,1318,747,1878,263,1072,842,389,960,2556,1561,682,1090,199,1111,1072,1946
376,243,278,1562,853,670,1058,1770,656,689,553,430,507,863,871,172,963,1383,915,78
912,1283,260,1304,1365,1078,2426,584,1179,477,403,583,228,1057,467,631,19,1266,1452,1056
1322,707,1964,827,1725,1303,461,1171,476,599,779,1444,810,736,520,188,1409,504,1311,1307
1483,666,791,2331,411,534,812,1496,170,1237,1063,374,662,658,775,644,1152,1252,302,980
847,1051,857,508,58,499,1535,410,247,501,610,282,2255,983,452,37,1332,1035,1550,203
566,994,1436,915,507,869,727,262,414,1190,1032,881,184,1452,915,768,94,1404,710,1694
3929,1060,2091,644,646,2246,280,1107,1819,1244,659,528,1272,605,965,589,591,422,58,1421
2041,1074,1644,1398,774,403,375,384,151,651,1110,814,2741,2127,107,2118,973,384,83,422
702,24,657,429,769,656,326,679,901,278,670,166,1211,1466,586,1338,514,174,690,433
130,1746,503,370,389,907,903,767,821,547,2288,471,0,1611,545,182,1355,953,4,748
759,1021,752,650,930,253,2500,759,1043,928,438,1248,1623,654,1119,905,908,542,967,1475
344,1919,1836,631,572,216,977,398,397,1097,585,563,511,1698,711,968,988,1205,545,211
1412,789,198,1114,727,157,467,278,312,493,656,524,386,688,1240,1093,1056,890,1256,2029
658,788,1086,1255,271,799,702,693,110,667,933,948,2004,518,1578,962,642,789,159,1048
1297,2378,1613,284,1183,1486,1638,476,991,1332,1263,445,318,978,384,849,732,787,1313,969
2037,1931,655,906,434,312,0,848,783,1381,843,196,749,612,1008,1372,276,1068,624,1716
1533,1964,756,827,1843,785,428,1234,1221,905,1589,427,904,509,2672,650,432,1817,1466,1299
1021,1292,1036,317,566,85,1099,748,493,1558,707,910,1105,2748,1746,1869,1278,534,2014,1770
