-1.112019359859859,0.010685129359325262,0.7991186652788808,0.8441528880092591
1032,376,47,401,1294,703,4,865,182,1553,699,355,1802,293,235,1364,132,198,536,957
446,122,580,224,501,105,714,707,136,336,453,1719,904,617,8341,87,398,367,1587,713
476,526,887,1,976,462,444,1447,1615,8291,637,2550,98,83,529,860,1757,2014,1355,1043
444,780,1310,185,466,1198,163,1450,1687,1600,1581,423,5252,609,651,174,145,101,867,614
1762,730,1144,163,1292,289,869,373,12,2333,1407,805,1132,386,7019,329,984,1280,74,266
486,1429,124,154,230,1168,258,728,493,215,443,21,345,2168,10,215,85,222,1071,418
1762,113,115,183,1571,350,2324,329,621,2029,280,557,503,324,1006,1937,176,207,369,2362
1195,167,75,248,475,401,13,736,1324,569,768,458,2590,848,216,1464,533,75,12,1281
0,386,142,989,52,856,206,539,634,1428,464,45293,26784,1834,305,87,569,101,387,862
1150,766,219,226,798,146,253,291,157,122,332,1636,101,324,1453,293,310,1809,167,914
1336,1496,1133,100,1894,837,114,7,410,2051,1319,544,252,1320,1106,67,913,66,2605,404
362,350,860,650,462,452,480,183,796,484,89,1607,990,1004,1771,1081,1039,300,445,20
76,672,8,108,2762,977,377,94,192,380,590,1302,1678,300,93,1547,147,135,1007,809
179,1270,528,298,49,1200,1572,6,0,764,303,87,330,17,931,989,1910,1335,83,1096
1235,276,404,981,201,284,891,128,449,174,109,1302,5632,676,1289,534,1649,808,98,324
174,35,144,1609,198,269,389,234,661,492,583,1010,233,61,627,949,722,93,518,159
345,25,715,1400,335,1256,641,730,683,558,192,3923,2,350,662,407,224,221,0,249
113,216,2063,839,156,782,215,20,705,586,1221,233,144,657,1466,1679,1225,373,50,1282
25,272,653,1646,871,1876,494,2844,1614,1559,757,539,209,1032,705,12,40,331,1413,345
43,179,774,2181,191,965,777,1060,924,1450,0,977,258,370,268,556,878,525,44,559
