-1.2429109058957692,0.048105808782699246,0.8116671484651783,0.9103333687928629
228,427,939,496,332,439,79,147,48,162,128,2029,1651,1607,411,291,747,323,351,4
491,145,501,139,330,528,138,957,204,568,830,156,404,1538,285,906,655,288,817,137
32,427,2058,75,727,436,145,3,349,356,276,128,277,1619,119,352,523,129,454,946
545,687,45,27,26,265,611,163,197,228,1418,344,576,298,15,263,797,97,438,1767
1011,21,11,30,383,490,733,387,2031,710,464,2517,468,542,15,24,847,448,1266,487
1628,959,1810,26,1035,373,141,2315,85,68,488,147,925,2611,161,770,926,117,184,4
869,2418,208,6,76,399,385,456,1993,133,2274,209,404,440,5841,59,325,1966,1859,124
239,422,217,1534,10,1560,16,1070,1244,1327,2254,632,810,167,732,2927,1611,447,1443,1325
1180,709,727,388,75,620,315,3799,874,416,437,3328,1505,2,3191,93,3439,1388,367,1048
635,528,226,2,333,1606,1386,3155,1624,2033,2480,675,133,1106,3593,486,1784,2144,1250,128
98,527,981,201,79,1220,253,2094,1887,782,4009,7804,3209,564,1582,35,876,133,1195,1634
104,1007,544,1330,0,461,151,2608,2763,1884,395,3078,3515,2858,3251,1069,2061,999,411,796
46,163,329,6,1131,973,206,2045,1523,614,6082,3420,1481,78,4233,3753,2037,3021,3290,520
408,333,445,289,2084,15,5,3001,472,70,705,1548,247,155,882,4707,3888,740,842,1144
25,19,1474,51,2247,62,2033,324,860,258,2207,5613,3757,970,47,782,40,0,302,850
1172,623,1860,711,388,659,783,986,738,191,234,2925,622,947,279,2692,390,436,2905,559
2314,1168,256,1003,274,805,726,813,0,853,1187,285,869,2209,73,912,214,406,1572,1167
51,151,3147,5,4001,0,1024,59,362,2458,3184,821,463,554,586,211,1362,52,710,1
197,1188,148,1824,4,841,75,2012,36,137,172,1030,200,3039,751,1122,1475,761,2617,176
53,1147,284,1578,666,181,3349,3962,1318,590,424,1608,625,2,364,261,599,317,3245,266
