-1.1917521300649634,0.05041232874382002,0.8939284218320154,0.8963475077925798
1050,582,567,2744,1251,5080,8,0,1151,956,274,517,116,595,515,756,344,1084,820,548
1292,1138,1972,1034,1511,900,4198,1433,222,986,1235,409,2471,534,968,1503,380,293,203,0
1421,963,695,1136,771,220,1086,42,0,24,912,299,1,2131,2080,596,2070,407,0,1587
1203,174,1669,99,1056,1566,274,729,234,1685,353,5508,77,2554,1113,21,512,1777,30,1318
509,119,288,573,452,1470,55,363,2308,3011,605,814,429,1675,516,1085,129,687,35,277
1780,972,350,1277,1187,135,3060,1847,446,395,839,1740,206,211,139,646,1432,275,238,626
760,177,831,307,373,24,1076,1961,357,23,475,1129,665,80,224,32,343,2057,1378,842
330,33,480,156,135,301,504,1643,526,0,67,1080,19,50,366,61,2547,1757,953,485
121,547,875,3674,184,867,381,661,50,940,1403,700,782,759,590,2589,397,1705,1969,5
225,124,896,413,194,1292,0,530,177,821,590,2393,1275,1658,1656,4606,240,952,1561,793
71,74,68,830,837,102,5,791,165,69,2439,898,1850,2985,8187,5496,10030,6065,1253,3049
109,556,338,6,178,489,128,1111,183,654,555,1569,108,441,1291,436,10899,3384,2753,1292
1887,481,378,87,398,466,89,95,598,261,886,289,25,609,176,558,2090,6414,2231,8990
31,495,880,267,228,654,195,1070,709,534,707,1668,75,10,887,2143,399,61,2663,8479
146,978,272,20,141,601,2473,439,1000,617,110,367,1382,1817,261,312,713,312,1031,507
208,258,253,260,654,1114,0,329,224,359,3732,15,143,89,217,976,417,1623,1208,1397
39,123,990,1273,756,87,1021,483,143,124,1149,829,815,610,28,327,933,110,192,1667
0,683,1234,1089,158,269,1083,158,1414,188,812,182,980,129,416,83,2,11,530,384
920,1846,2927,1392,713,969,617,2495,18,764,1087,0,1012,0,305,22,1639,0,7,84
0,1066,1651,428,458,450,882,691,365,2109,1632,8,3788,694,234,114,531,1514,4065,392
