-0.4825110877941862,0.016709718344490587,0.9968442807002027,0.9715567025989293
1479,2216,2957,1561,261,2005,1171,2558,883,1047,849,1029,845,1124,1395,1078,890,1557,1038,12109
823,1179,776,1449,806,1457,1028,1664,1090,1004,628,718,1127,1536,645,1577,456,840,868,2207
1512,1203,432,1728,860,824,0,1442,827,610,590,531,969,1153,707,427,730,1213,1485,858
1105,1433,606,785,1184,1026,2024,1730,1876,590,646,647,1291,575,609,875,616,1475,1001,1408
1291,577,555,1105,1291,1528,737,1568,172,997,815,2159,774,641,950,548,1409,542,1393,608
889,736,932,848,1134,974,947,1542,281,961,836,564,1864,370,768,820,1025,1709,721,713
653,1109,679,527,286,268,1125,506,547,494,532,524,897,659,565,773,666,1231,1084,426
566,1096,696,1093,1904,273,640,321,1086,434,246,576,1054,702,591,545,1054,1801,609,1900
3759,843,1318,493,680,1315,775,534,940,422,570,912,1272,772,1417,809,550,1281,524,1505
1629,1424,479,888,715,711,645,175,610,496,436,422,717,827,1363,750,908,397,606,608
1192,316,1161,728,545,490,546,760,723,562,502,475,362,1093,225,553,506,695,1046,475
570,809,133,401,1711,983,774,898,902,353,677,775,354,922,654,604,1033,265,0,1055
229,1360,852,1109,860,1034,1780,1155,373,324,745,443,541,603,696,942,1185,668,1131,1382
801,1282,1256,900,519,801,511,606,568,196,559,382,987,400,848,636,693,1529,606,697
1393,1543,551,1092,855,642,486,633,351,750,532,596,1509,787,1234,662,1312,841,1243,2180
503,1151,987,1380,813,892,921,606,736,550,1057,868,1104,502,1124,382,1240,1367,817,702
1559,1370,777,918,722,944,1405,624,844,1280,1099,1340,559,466,540,948,1306,771,1071,1090
708,1527,1890,775,646,1255,1004,751,969,2664,667,738,1136,581,1052,666,1022,604,820,2323
1519,589,1071,765,1708,494,772,693,762,804,933,742,1006,442,1842,550,642,1891,1547,2926
1115,490,1017,1082,1549,965,1217,743,618,1360,1125,359,601,1068,1542,2073,784,529,1669,1913
