-1.3970119641089656,-0.004195493386068771,0.8865421920946474,0.8539137713104302
8,218,468,4441,312,2189,812,57,0,321,507,16,557,290,3493,345,70,491,659,272
2568,784,573,222,313,1017,238,4,280,414,1781,1430,13,537,8473,191,0,868,1514,633
2176,2485,4794,425,180,7517,878,675,205,309,428,1889,0,1003,118,355,144,62,1261,163
297,392,133,1411,201,171,888,1504,1077,11,159,1832,1285,0,914,677,133,733,581,0
404,8355,48,150,9766,1228,2,80,527,1646,423,632,1505,608,1134,108,617,167,1027,3
440,118,923,332,455,11,74,0,232,389,398,110,0,169,108,1081,628,5,2839,4443
697,505,692,0,1552,10,319,298,46,19457,677,1565,372,409,180,2986,654,21,423,511
936,1156,306,401,83,668,12496,119,719,252,219,705,540,1015,20,1339,544,0,7,823
86,17,203,2490,147,1029,0,351,503,2651,180,95,640,1598,6228,917,3771,231,384,912
2424,1753,399,6672,167,415,6816,1901,2531,0,1417,9,2119,428,688,196,138,630,115,90
67,692,646,53,816,704,28,4073,2016,202,8,1336,44,3069,211,2051,784,43,291,78
30,660,96,90,616,3586,1719,182,131,2550,5,468,200,2910,179,336,282,91,1161,0
720,127,699,0,555,1068,390,169,1437,0,6,1002,0,787,72,1004,515,139,1359,560
62,279,1272,11606,285,1113,3,0,117,304,3520,4108,0,1557,482,19,184,149,337,72
1172,159,923,1819,1638,711,32,59,482,1083,358,130,1707,275,872,75,1529,215,298,284
58,17,491,719,1412,180,179,428,634,168,122,1154,0,1187,54,6129,1290,33,7,247
707,17,3097,620,29,13,237,0,346,1919,4,30,165,429,1563,437,2566,221,2255,369
1104,215,527,673,3583,695,2045,2104,929,376,776,525,2725,63,2966,3310,52,65,199,1253
76,3574,628,1324,250,26,6,253,901,133,0,1732,217,724,84,942,78,720,432,924
500,1128,322,515,360,837,4671,237,2099,101,1630,277,302,0,77,1740,5676,603,94,112
