-0.5399103610484516,-0.003929646660657445,0.8488974554603107,0.8946158883297404
1028,1537,337,400,1074,851,601,158,1279,1285,968,1578,338,626,703,832,982,516,1425,358
557,1898,1517,1839,455,833,570,397,1049,653,343,1181,854,370,573,478,384,1723,585,863
1183,791,387,723,714,317,1071,1384,517,1053,861,741,892,1520,240,1462,510,912,559,1099
503,1018,538,468,892,1166,1051,593,723,839,901,1040,550,433,798,1231,1016,621,399,434
774,1352,1445,669,221,624,967,482,814,731,618,394,976,260,1522,168,1558,616,1032,825
942,687,1364,423,1181,859,412,534,250,804,219,784,365,497,506,404,672,949,603,618
373,366,147,75,1048,1415,488,1262,508,1263,711,977,547,981,1275,629,325,1129,824,376
600,597,614,925,621,374,589,1338,1836,1106,525,1055,678,1765,1044,1239,799,696,1942,969
622,313,628,724,663,1072,372,726,821,860,0,369,1437,642,606,1600,301,450,1428,1025
731,321,1444,788,1463,446,530,59784,534,1043,140,1005,453,1050,323,725,976,1545,871,584
1513,693,1997,1125,597,723,1039,610,1108,166,335,572,581,1618,811,732,1441,497,537,363
606,755,638,632,841,606,724,796,796,662,233,412,1010,710,335,819,537,646,953,407
1151,775,308,992,663,908,680,782,357,317,620,1099,463,1052,794,496,635,1811,623,1031
490,1251,508,1068,1357,415,652,586,247,1820,813,743,1107,205,687,893,468,964,151,1124
829,740,284,778,525,1475,804,400,722,782,707,466,1159,670,1259,436,1307,499,840,750
726,877,1047,555,1684,987,301,280,1507,679,687,1518,1780,367,322,875,588,158,851,468
774,454,167,925,1370,620,853,1548,338,1392,1075,945,281,625,349,879,412,714,640,394
348,2371,1288,188,1694,221,632,774,459,845,1077,563,1176,1054,0,542,877,1262,1155,275
1029,1037,844,881,729,630,731,839,1320,184,839,1297,260,105,620,365,1486,139,328,773
441,844,1038,952,488,1115,711,820,324,1157,1782,274,546,709,213,1058,2326,663,667,1207
