-0.9398642685691981,0.010587496314012174,0.7873635634183763,0.8409056199458432
264,316,244,978,579,354,529,312,931,532,664,984,575,828,668,340,1406,390,378,1171
1464,152,338,492,276,978,487,546,578,1048,1189,1208,344,557,1342,435,195,1120,2102,1343
614,457,1134,937,1814,894,30,190,708,1154,48,724,1231,6312,81,882,810,991,808,1078
275,461,326,53,0,527,737,1574,641,1151,270,2216,8856,248,1011,3095,470,987,3197,1000
108,342,489,436,955,642,498,120,1613,112,311,804,1900,268,387,616,799,102,477,74
453,4,899,332,402,149,600,961,990,179,219,149,1615,483,398,324,757,210,430,766
776,466,124,684,703,1087,18,249,575,1552,558,527,162,446,854,269,265,441,106,1069
2242,2356,150,648,720,1686,575,835,768,892,3308,877,613,483,1252,218,1322,1571,1255,208
497,310,156,518,979,2081,348,336,2405,125,1516,52267,31272,122,1000,2141,0,117,751,310
759,583,39,1900,62,757,749,1756,93,1228,369,46,1529,342,1087,112,473,249,480,100
1983,832,352,192,189,396,1055,569,633,1,454,330,419,1754,554,159,708,156,680,778
73,771,333,758,446,96,245,685,2235,1128,242,1002,780,2201,20,341,663,631,878,858
1115,791,1597,251,658,1511,394,455,628,192,735,520,2008,363,759,1134,379,174,1439,993
987,889,29,164,802,384,528,412,31,648,1323,54,859,189,1545,1331,757,309,289,864
477,180,573,460,752,558,1778,230,738,1195,823,844,582,1675,150,1008,205,604,1065,842
129,64,325,444,214,2286,577,466,258,403,485,364,173,273,362,370,576,0,791,174
328,950,9,334,274,1138,1270,639,379,283,2075,878,649,1760,966,1453,801,537,1018,2149
385,1209,199,1092,448,376,744,414,412,943,629,113,388,647,631,736,721,324,439,629
259,490,353,12,806,2880,379,247,683,409,680,1022,250,320,294,172,151,5571,599,103
1099,249,307,22,269,1099,401,1033,1536,329,454,1729,0,372,1611,865,11,96,84,1140
