-1.3471768840643656,0.052615296616281226,0.7955637115146981,0.9000103854911543
390,125,1020,59,11,682,596,65,12,104,6,2531,2888,824,413,181,135,297,329,33
297,0,882,194,294,354,2005,1023,1873,111,136,781,0,1002,375,94,1477,370,1185,411
43,33,198,284,16,442,49,3515,552,183,197,168,1065,1743,115,45,869,109,1057,1272
30,351,82,25,206,646,1323,1535,47,3,185,181,575,291,35,758,645,127,784,1166
665,239,11,145,595,395,475,395,1997,714,126,1561,1026,192,868,1335,3720,422,1019,667
1035,3,10,2,320,159,6,1416,0,177,820,71,625,2249,33,1035,1255,191,11,355
1166,2212,359,295,2533,939,629,1325,4351,90,773,1785,1095,878,3336,1,326,1925,358,186
1466,54,511,1385,105,599,17,10,262,1049,2856,1027,520,11,688,2956,137,115,1261,994
1214,825,126,52,207,498,107,4297,925,216,614,3577,1332,224,1300,26,1201,891,703,1427
82,366,360,265,395,237,620,2426,2347,1812,3198,1712,201,2009,1860,276,0,5484,564,2769
5,439,852,154,270,1149,980,2865,2888,813,3308,7660,6802,409,1554,607,154,894,53,562
9,782,572,539,523,331,29,1038,4078,2169,4837,3236,3639,3092,434,379,0,244,23,800
0,92,629,3,235,258,2986,806,2540,2216,6126,4273,1247,1188,2675,3227,3075,499,993,212
170,470,498,766,2966,771,26,548,2798,419,1215,155,552,586,1122,4642,1063,426,1273,2130
1,99,54,2,1568,0,2905,79,1850,1,2622,6430,3230,345,1038,3679,619,74,341,892
842,838,1981,112,516,494,0,2141,715,209,556,1753,64,384,1,1089,101,411,1830,698
3446,333,45,663,421,887,499,1680,306,32,310,260,1302,2860,11,449,1041,398,754,991
156,76,34,131,2193,1850,1364,2345,2212,1238,514,586,69,266,1271,482,996,377,400,167
510,4,188,2105,2349,1499,90,822,73,1564,1192,35,1233,2442,0,1096,0,1458,2654,417
199,1211,115,815,445,587,3980,5368,820,693,475,379,882,3,76,278,206,1016,1616,337
