-1.2502493907515304,0.05059152037854466,0.814289067381849,0.8998512329709892
374,15,1831,524,709,251,1451,400,37,30,183,1078,0,3817,141,252,854,2794,29,378
84,200,1110,610,1079,221,1464,419,14,401,121,1,204,356,504,665,0,308,10,21
1190,1249,852,350,287,395,327,57,381,196,109,533,3189,586,3160,1648,0,112,374,296
41,856,1058,188,1084,611,2339,286,1317,433,75,501,1129,1250,673,1031,1439,360,1039,765
2259,6,75,67,17,169,978,182,1408,281,1414,1025,0,58,73,100,967,205,318,2228
1185,374,866,1196,890,604,35,1204,62,1002,975,158,278,1834,594,473,337,28,216,154
433,811,218,164,482,735,688,833,516,459,406,1917,1404,223,37,695,127,43,1229,1053
1335,155,2048,780,31,0,104,503,3389,1526,2653,23,27,166,3766,1723,612,911,269,216
1369,1316,2119,187,29,1250,162,330,2481,696,1746,319,1729,2388,105,850,0,145,298,550
270,315,210,674,35,338,1408,3408,285,1797,3338,731,442,2142,1259,1522,1887,1616,298,995
1082,1200,3584,416,72,351,295,1497,4121,0,8050,9780,3821,3277,42,1390,466,289,4511,309
189,672,32,1618,140,25,180,628,1742,2497,890,6798,4762,3266,1267,19,678,172,3347,265
933,96,190,313,218,177,1130,1734,4013,597,4083,4459,3745,0,3457,1761,3,1630,4022,338
706,908,1064,236,2105,741,10,12,31,2433,1949,1515,1062,285,712,4517,2448,0,874,545
400,592,1830,285,702,42,4048,0,170,65,3214,4183,1520,78,397,4859,0,2530,1012,1228
53,319,292,504,843,1355,3918,386,3868,538,590,262,15,67,239,662,1630,602,1041,790
1843,38,311,1041,816,1099,2328,0,496,0,732,413,1436,1735,48,1088,327,2522,1689,61
867,613,2974,91,1898,7,1478,4,1142,4009,721,35,806,139,65,378,718,406,214,188
1430,48,210,873,2010,285,1468,184,842,55,33,661,443,578,660,607,474,251,2962,966
15,578,1150,1814,104,228,403,2667,257,475,211,444,5,246,127,507,1288,991,823,334
