-1.0915512473618143,0.023568494689425817,1.0494581292849205,0.9163666668873011
5223,488,361,398,66,146,1497,164,2431,153,1245,131,646,5941,1798,188,138,1243,3432,5492
783,1524,2604,2231,1465,306,257,103,853,216,928,1034,2237,354,517,1153,1010,2291,434,2567
3082,1921,531,1261,39,390,61,446,735,1008,2150,399,338,1029,1024,219,2276,5963,2634,890
1246,876,787,1372,1096,5065,0,590,795,429,714,631,2221,301,0,0,1340,866,986,2325
597,1391,399,611,235,433,89,670,2198,316,765,323,281,75,29,168,1019,340,775,915
1941,993,187,346,869,505,442,221,470,142,788,431,218,206,369,184,49,478,555,855
526,811,1054,1375,329,12,394,1210,44,1754,295,8,82,29,688,272,980,82,2774,471
6755,1975,319,426,454,185,53,220,458,554,381,1644,962,819,113,445,1180,9,659,1217
1814,0,1376,93,133,373,1978,729,21,447,834,156,550,427,118,66,92,2486,1026,418
967,348,500,1174,651,581,252,1014,311,1110,2376,1416,251,290,310,0,6,1804,929,194
444,6019,85,107,607,276,989,186,572,857,52,1048,91,713,1446,551,728,135,281,923
235,1263,948,1540,64,2102,1583,203,455,228,1834,1,491,175,2398,364,324,1490,1407,981
2103,1013,1480,42,285,844,410,30,962,140,68,947,1289,569,639,160,12,702,2907,41
300,1901,335,381,1219,366,978,174,1368,169,40,23,1034,707,124,1691,3469,2430,66,262
1032,1447,0,425,1014,145,1159,504,61,259,1503,341,136,222,395,107,561,36,556,981
1190,592,548,2117,1588,1048,398,55,105,0,1111,111,289,316,353,193,465,127,2023,380
389,39,2326,168,145,1503,172,455,51,597,672,388,590,1332,917,1768,227,2055,101,3982
2760,1539,831,393,1267,544,150,1543,676,1154,879,862,3034,512,211,574,1498,1143,891,119
2267,3039,2091,1217,790,2485,1850,2438,96,71,1835,388,3048,591,522,71,1999,3382,2720,3244
4617,572,4613,5875,3337,73,1022,262,660,1212,305,2036,797,1663,1890,2776,1163,3470,814,2362
