-1.2047149816919271,0.05098546101835374,0.9035740461374839,0.8994637438533253
777,832,214,978,1062,729,191,714,152,696,2880,235,648,113,918,8,2542,2239,5200,1171
367,427,1041,776,115,97,457,235,1151,363,851,1623,444,225,11,201,1344,330,1021,6891
186,1674,340,317,473,855,71,81,781,318,1157,961,829,84,868,1711,423,2829,2158,2826
853,181,1024,53,253,225,467,27,206,1303,52,34,63,1524,206,121,804,152,531,271
1322,233,452,940,27,225,901,725,319,779,908,730,812,1150,744,317,81,2694,1507,939
1636,1752,45,2093,254,906,965,296,332,1143,612,803,1031,503,645,1360,333,471,173,901
920,674,2503,111,15,146,35,101,707,226,1046,819,1895,425,248,496,621,1398,405,1220
44,208,294,8,1179,623,396,1490,86,62,2053,479,522,1179,48,101,855,5930,543,1525
504,103,1202,836,270,457,215,28,3646,1226,903,342,1094,1,158,3053,177,67,71,1497
3624,560,376,76,113,1473,261,186,552,126,281,999,408,155,2638,3483,235,1393,810,385
441,208,404,129,1754,501,58,825,1003,365,323,838,877,2,7996,4726,8240,676,5305,921
313,631,208,62,608,242,2612,420,32,575,110,323,1137,4801,4221,8498,3853,499,326,235
258,771,3007,3039,82,5,395,16,660,420,483,533,573,329,777,7842,3999,100,2869,2494
397,388,1078,1944,72,227,1013,760,208,222,2949,204,14,1488,1564,4736,3058,1895,1277,1982
2162,207,2430,538,3,786,1431,29,155,602,264,106,66,113,838,3,806,6097,1227,1173
818,234,20,130,1691,647,740,917,611,210,3836,798,0,981,219,539,2074,366,716,1324
1373,250,60,1219,581,1027,17,1040,286,1340,49,387,151,1423,1098,5453,582,209,2664,622
626,2120,491,161,75,450,1927,301,69,237,288,1415,168,349,348,337,1523,171,416,484
69,1306,267,31,468,411,1091,552,335,2232,138,279,69,223,978,2275,108,1187,366,7
1010,3360,377,2339,311,733,518,1059,367,557,1627,462,2725,263,491,3352,1560,33,351,1059
