-1.5219592042553636,-5.282451901565246E-4,0.8503412190959033,0.8483604397787565
214,57,108,268,276,1305,525,171,887,947,490,3941,649,1344,529,1173,2094,89,12,178
458,163,667,357,677,337,1717,1246,160,284,303,16,677,100,3660,127,17,344,725,513
1432,419,157,71,22,2798,3867,0,812,23,3956,388,389,382,1986,1603,17,278,2310,541
873,307,313,4307,230,5,2053,11,37,172,651,1758,429,1116,486,466,5,168,485,21
50,949,1259,465,5488,597,219,573,190,789,843,124,1125,179,28,355,131,82,492,2329
3,31,20,997,259,45,632,547,1016,22,174,679,389,4,65,54,54,318,20,361
144,1268,46,32,506,18030,7,3650,266,984,224,278,106,1117,444,66,228,322,1625,1071
592,947,2452,1086,32,4084,7123,1951,12,887,5791,197,229,175,360,7851,266,1367,383,181
3949,3029,60,2127,179,699,712,12495,5,204,3950,427,207,723,987,82,390,4653,2524,31
888,954,0,611,1311,6005,453,996,661,172,847,70,43,6,5403,1081,164,1285,33,161
1400,925,2,4148,161,599,1579,49,54,100,1,162,1351,338,2121,26,3,943,2357,215
418,142,2,0,693,172,212,109,458,765,190,37,2739,40,480,304,1927,67,327,1000
32,7019,554,242,1273,144,1131,1036,1276,12087,4,1283,137,107,159,155,1912,64,75,1
159,269,109,2472,1290,972,623,521,109,1359,2275,158,106,155,322,5,9854,1665,170,1622
39,885,132,48,3649,90,1845,79,1197,1108,629,962,5426,1173,327,22,518,171,1076,5129
0,464,99,229,392,1240,177,447,509,88,3734,414,174,360,214,501,155,489,499,0
205,179,14,533,408,254,672,1610,156,44,306,81,296,1,5323,22,818,592,41,504
793,200,14,474,3656,7,0,1092,10260,582,55,647,4537,2172,21,629,4418,638,1331,1847
1527,620,155,387,763,677,187,157,365,43,1079,2168,20,141,2647,1017,498,346,397,383
83,503,603,776,9,3112,933,288,1140,15,91,13,301,728,79,365,477,1,246,556
