-0.7577201088100904,0.05005962915945724,0.8974937471645015,0.9536070988705264
1083,1404,1459,218,2022,1497,307,809,739,835,964,2072,674,140,627,951,354,1387,1060,2455
134,299,2000,1002,1895,622,1177,2317,1256,1590,1845,1093,1044,1191,695,148,1115,1397,2795,1005
1098,788,790,644,897,1178,282,270,844,459,897,422,572,900,1032,2019,623,1063,2775,1215
206,361,746,64,2387,431,206,432,706,865,920,1703,1229,2531,402,2504,465,3236,333,1386
445,78,607,1024,509,197,527,336,1230,2235,1197,734,555,1584,1010,649,1476,571,651,2556
246,1031,565,269,1466,942,204,1110,529,949,720,534,1963,896,2186,1304,1055,676,2361,1033
418,382,734,1484,1449,1245,812,306,576,1032,138,3023,715,1169,448,457,4416,1078,1313,923
776,112,591,465,1093,633,859,1466,236,746,1158,564,2303,3092,1448,1674,4231,2211,3238,284
812,252,549,209,700,152,86,398,654,834,765,310,1746,886,1578,353,1613,3043,3115,881
645,147,174,647,286,823,573,930,1388,3083,1279,328,72,4067,580,2801,503,851,3958,210
920,1852,75,420,335,1301,529,2073,788,318,892,907,252,1768,2666,1992,1320,2398,884,1185
419,442,421,319,627,1764,470,2482,868,568,1013,2671,1373,1043,1843,2946,555,1624,958,881
856,570,659,360,174,184,165,0,642,1461,644,364,1137,60,861,650,909,306,1518,288
531,32,540,1552,940,440,331,830,1169,340,373,713,236,2327,126,1419,418,900,385,2716
720,100,649,541,143,1172,1929,725,531,414,2413,737,375,528,639,966,1952,988,2454,879
379,150,55,679,558,1336,1228,726,373,161,971,401,584,568,1768,780,355,521,1199,672
1198,112,567,730,1224,826,1181,1062,2006,0,776,889,654,868,1138,517,1247,1007,0,1038
1371,700,354,627,1028,1510,1301,615,853,2086,39,1650,715,627,1231,693,1561,1075,1133,311
376,243,287,1946,832,33,666,84,337,737,1614,950,429,242,1251,418,95,579,67,2691
2130,415,1586,269,1126,206,752,1077,14,993,299,820,488,181,812,1351,208,2184,884,397
