-0.5937787329792072,0.05137136097374901,0.8538581963896201,0.9694026313125569
891,1178,416,520,386,935,547,1212,747,0,816,500,1124,660,624,1166,306,344,231,841
557,971,676,0,1484,1030,957,324,486,1307,1197,2350,770,1605,1666,0,179,303,1964,570
1172,332,619,603,1245,2045,931,624,1230,778,1576,1097,1104,453,2199,1087,1813,794,1764,939
1336,634,416,566,1777,1344,1230,568,993,2501,610,478,1513,1007,1401,442,1367,1477,2075,218
1181,465,699,324,970,1782,295,1202,1064,1235,607,1291,1265,705,1737,1064,1399,1269,1704,82
1233,939,739,1839,1317,1014,426,1026,1116,1703,872,1079,2517,1592,669,1015,458,1454,100,1086
1029,376,604,872,906,748,766,0,934,979,1818,1761,167,2735,2179,826,1322,1447,1102,459
474,361,369,650,989,2123,934,25,520,1388,1718,2096,2058,300,916,2088,1477,903,1192,637
1086,663,742,796,1528,931,110,696,1023,1027,1351,1827,2291,1032,451,1229,1220,1151,329,1062
1096,877,722,956,1075,1116,599,539,1149,1626,977,1282,884,1003,498,2540,1684,889,1077,447
901,247,1048,34,1016,518,849,942,489,1235,2502,1258,1162,1944,551,33,864,1913,930,1816
879,729,631,698,1431,869,1032,765,1875,646,2382,1347,3666,1064,2485,2348,1041,699,766,289
661,194,443,1252,273,2861,1401,938,1803,1786,975,860,1746,1468,1519,3201,2292,2012,1109,512
1076,787,1642,892,68,1659,1612,1898,1108,969,450,1339,2164,1996,928,0,1259,1039,993,789
385,1426,1526,1114,596,207,769,608,1291,2033,1056,527,973,1547,716,556,490,1170,1315,449
446,290,456,525,240,546,1109,594,914,1364,1277,767,862,1017,1507,1322,1226,1493,1197,319
606,669,319,478,875,1269,944,903,615,1444,1186,790,1898,367,473,685,765,198,425,99
631,105,470,601,576,88,653,75,1207,1065,143,1463,2035,1098,861,533,636,396,118,787
682,252,855,1159,1028,1044,1101,222,730,1190,590,824,1127,849,349,345,522,1281,415,337
164,189,124,509,288,784,320,320,1132,1108,305,971,728,157,743,845,510,460,1478,706
