-0.7325238263508856,-0.0023147908009121345,0.9147481293476089,0.8456080462177983
1338,1362,775,688,990,1186,301,0,604,864,381,746,608,461,206,219,225,550,10628,1734
688,949,1188,816,1430,1801,815,283,0,1552,395,591,1319,829,1073,906,1029,1328,617,1603
617,807,442,141,946,101,883,362,464,633,1189,273,1485,3307,808,650,303,248,645,727
869,117,1430,521,170,533,328,232,938,1264,1086,623,57,91,821,313,440,580,433,1096
383,1395,866,752,1021,329,750,872,744,928,593,1243,1165,1594,1049,318,288,573,624,1471
216,852,726,715,172,427,1752,315,1329,243,892,1575,303,1223,507,733,105,707,445,1161
856,280,455,1608,1129,723,10,1279,317,527,335,365,772,225,440,423,907,1110,791,1231
924,35,970,1018,689,1069,309,444,128,1036,93,1142,1417,13,300,115,446,178,0,871
1512,694,1164,997,765,707,530,582,762,736,224,693,367,1396,815,547,542,1483,266,819
459,353,715,536,178,347,1007,647,590,504,1092,1033,1221,845,592,5459,1211,1022,1308,803
1328,765,742,1029,1039,501,741,471,387,646,563,717,0,593,194,527,579,745,399,335
216,602,467,1393,0,353,264,347,240,414,594,321,1103,703,19,54053,1204,1323,547,359
647,1158,1099,653,434,496,750,397,910,1003,241,444,1223,532,986,1124,170,840,712,929
1060,75,708,0,275,454,604,623,1237,444,873,287,1469,0,310,323,654,618,1176,1531
0,229,481,139,292,1412,0,668,675,461,481,806,268,76,458,211,363,375,415,918
1051,765,256,1248,116,521,157,587,458,636,202,612,646,367,667,815,901,502,145,639
882,774,1281,278,1284,324,182,86,759,388,283,597,974,687,624,550,850,492,753,1421
454,357,714,1408,103,618,1596,413,236,492,687,1016,1296,2311,375,222,1667,495,273,776
510,793,786,121,776,335,372,716,1073,602,1015,1087,796,1167,591,285,450,536,462,360
581,254,931,0,0,97,760,599,884,892,642,479,33038,405,371,1069,587,1754,705,6256
