-1.3464144589855165,0.0032409177907572,0.7970965827223674,0.8500625830099998
24,926,125,110,162,236,1203,368,14,245,27,611,210,3312,88,610,1010,1987,616,1234
923,284,491,39,104,13,2485,1596,7,274,214,317,21,615,108,512,4964,463,207,275
227,511,44,1455,91,1345,404,2731,171,505,292,127,672,1218,2134,493,543,0,1495,11
337,971,524,622,2072,1638,1631,616,2981,1425,1381,254,1284,69,0,3700,128,100,4,58
362,693,1513,779,122,1046,894,1416,30,42,29,509,745,261,1303,329,894,210,3003,15
1007,46,1275,29,1108,1051,717,175,3365,1146,8377,89,1268,297,2313,389,1181,511,19,362
4,122,1060,2278,223,228,229,906,427,1089,9,939,371,632,739,340,942,1029,740,252
1557,11,280,230,2066,7108,1598,342,865,21,141,2379,854,379,557,6400,1422,298,2441,1626
493,17,298,298,587,610,1626,380,75,1507,517,42,1619,795,428,38,7,24,112,680
240,10,1561,57,48,1058,8,458,367,37,1391,1245,4154,71,819,1327,0,3125,8,636
139,58,1945,421,93,1355,119,1,710,298,1071,1112,469,76,551,2073,907,499,1337,97
440,13,121,0,1609,236,1151,840,3402,5112,1670,387,40176,191,275,8274,2,100,102,870
438,688,195,13,128,337,4832,1646,646,0,1852,646,369,876,1614,133,1274,250,41,20
224,396,370,1,675,0,7,0,1874,411,604,1145,942,1068,1276,6111,9119,403,3223,587
287,324,364,13,157,178,1150,1171,837,332,175,888,22,534,2983,1697,3549,609,866,1199
105,1341,124,1661,42,2056,59,324,460,2240,2225,387,1006,0,472,0,329,102,644,9
145,480,265,78,63,836,871,777,127,166,4215,57,249,866,648,1601,1079,167,1228,458
602,623,1228,98,149,166,143,242,480,1346,3528,3342,76,111,791,88,213,355,1118,1928
50,447,1007,153,751,102,940,1050,1148,0,1899,86,552,205,25,67,342,95,649,94
575,16,210,1447,373,2377,233,774,367,225,684,276,352,383,207,596,2656,503,533,392
