-0.7845096816443388,0.052379888521306726,0.9003511810382756,0.9445346335423721
1105,546,563,996,1486,805,586,1728,858,764,198,179,1102,959,235,572,274,350,508,2140
997,746,226,56,1898,661,472,739,663,1044,837,565,1557,831,1035,946,252,1685,755,1092
1048,208,388,1128,471,750,691,169,435,730,510,425,951,328,1057,2582,349,1572,3442,970
1053,796,702,655,536,655,277,1961,894,1540,712,882,1098,1268,233,3373,294,2724,1263,296
941,55,0,39,234,930,126,82,0,351,1629,1044,316,1557,3662,2078,0,47,1453,449
1719,259,526,200,494,460,238,2061,183,1896,1382,1915,32,776,3191,836,2413,1684,1936,1065
736,893,795,1653,915,272,905,1712,266,192,696,1207,745,302,1276,801,2801,2149,3137,739
107,125,1179,423,1081,279,108,1065,977,663,1115,1138,494,1200,200,507,7570,3735,6235,55
566,120,1147,569,221,1151,724,926,762,596,422,1190,1262,921,334,429,486,8229,2755,1943
967,1268,1388,513,139,464,134,1064,127,298,1666,449,329,2584,539,1469,258,3323,1457,2359
365,488,1776,810,0,1038,910,1429,1688,226,763,990,132,1509,2319,1436,498,0,201,2776
753,242,330,604,224,473,1451,926,145,1110,274,3043,501,977,1313,4747,192,913,2761,949
299,226,633,876,722,236,2018,1101,829,1396,1139,1251,1063,929,2644,696,407,2078,2205,79
788,419,392,242,353,1443,457,1183,455,1680,390,804,1109,460,828,892,485,1308,0,2845
333,121,323,848,742,1654,1096,584,1316,747,580,966,312,750,1685,360,405,1195,1787,572
376,564,483,444,391,1352,889,246,874,338,1819,90,1549,333,596,167,771,257,1166,813
421,864,546,1211,455,1329,219,1141,1850,217,232,1274,1883,344,1065,1882,406,210,194,606
1563,1028,43,274,1616,1002,1708,680,914,733,865,798,1931,602,472,995,510,1129,1478,481
570,2595,1079,1306,161,640,947,1200,1400,888,1150,985,769,39,448,1036,622,1802,522,1202
589,518,850,656,362,2137,561,1150,682,1493,282,645,988,367,1371,254,1359,1953,1127,1961
