-0.6963069612565935,0.050123884497623616,0.7995457043662486,0.9490375766538186
160,1443,1138,498,408,96,1376,380,746,2436,284,710,959,485,1016,0,222,713,334,1026
840,1114,665,1001,421,1468,508,1226,1378,1957,649,270,615,12,1130,944,0,616,496,288
340,167,345,693,326,1110,296,1915,778,654,1682,1148,201,332,327,422,155,731,764,163
346,354,706,685,411,570,939,1467,1047,1075,1735,412,1094,661,1660,622,840,519,296,636
1352,1754,540,409,355,975,680,1506,1302,735,1461,1107,1386,17,518,242,777,980,827,1145
99,718,714,980,1455,1183,1533,1083,1624,1749,1085,1038,1603,568,2519,261,987,721,1283,504
834,724,775,764,1646,1321,1169,324,1408,3939,1097,3269,2066,1050,1228,994,763,727,195,787
669,447,671,680,652,1282,2282,846,297,890,6816,1454,1399,1207,1882,823,1662,704,503,288
147,69,691,465,1085,907,1508,1201,0,1393,962,2793,1209,517,403,1089,2315,285,1226,692
1075,94,472,795,628,973,991,1130,970,9857,1615,2140,1149,1025,2240,462,498,596,1235,1058
208,804,515,868,2663,2334,2088,2945,1632,2296,885,1087,0,840,826,1155,1751,519,813,300
291,993,0,894,821,1469,2310,1612,4036,998,1800,1194,1287,1119,9598,698,855,202,848,295
459,601,1152,397,1503,512,1232,1579,3475,550,1811,2473,1833,1684,3847,1013,1354,749,790,285
215,1660,295,211,742,780,1989,1129,935,2893,1690,658,2190,693,1256,699,1796,763,1106,973
101,812,422,634,938,573,632,369,556,976,2337,665,678,578,1208,2187,601,741,893,234
941,493,397,1163,765,955,0,1415,734,90,345,904,1086,1355,121,379,913,985,696,1006
239,295,74,1254,988,1065,843,892,429,645,381,1198,817,1553,1261,588,650,634,65,1005
509,346,801,148,780,1232,370,72,614,845,218,1186,757,1346,744,332,676,228,690,553
405,267,720,551,439,333,1170,356,664,556,1191,740,968,366,1147,604,548,997,690,1124
552,915,218,371,899,284,340,346,0,252,1273,784,882,640,686,1130,191,348,307,709
