-1.2995724400764996,0.05165436100463549,0.9094416732408751,0.8993302324768476
254,548,1341,2575,418,143,675,612,1022,580,3308,4,2166,435,1421,33,2262,449,4007,2818
143,2367,1670,1489,85,681,2296,0,1464,11,1398,644,2030,531,682,118,2,113,75,2379
2860,2201,1377,309,677,30,107,347,618,104,965,907,514,1133,1141,1472,961,3125,1192,740
982,411,2177,271,36,570,377,1240,493,1023,170,887,12,514,176,157,628,494,1524,326
602,102,645,11,481,351,995,720,578,113,606,366,1744,1031,710,310,1049,5,534,2592
481,2812,102,1303,373,3212,363,1823,0,118,585,1034,916,1300,348,658,146,427,336,49
1305,20,284,214,130,1394,4,29,176,45,92,193,666,1068,814,40,414,2513,1838,1636
52,37,368,724,303,901,1072,388,72,9,3191,66,895,1614,1463,0,2691,2662,765,2536
355,1876,966,1138,89,439,29,16,602,869,2680,414,199,0,493,1271,229,126,2197,820
906,163,1181,2012,250,144,465,18,81,1,667,1266,18,1181,4761,5272,3524,608,448,101
1964,310,1248,23,0,3,178,1715,1406,2425,401,2173,55,166,7576,5254,7212,2092,6286,904
311,58,674,71,508,430,2143,309,433,731,515,548,1435,1976,3750,7997,1934,1145,826,766
399,274,10,444,352,288,463,0,76,0,1696,253,193,288,717,6097,4360,6,745,3065
143,559,2205,2241,59,802,561,2753,35,642,138,373,122,110,291,2592,2800,2807,621,2329
2828,1730,1033,429,1036,1110,686,15,2067,505,628,122,581,354,228,407,4068,1427,1111,3503
670,252,134,512,436,199,290,89,19,3655,658,0,238,1767,438,492,688,844,1798,40
218,247,1,332,920,507,1243,152,262,833,707,287,960,629,2362,3783,282,220,1422,610
271,3288,275,66,1073,185,1652,136,278,262,127,941,587,596,0,717,709,419,396,1737
422,77,40,3,43,173,338,323,16,358,225,126,3021,163,90,1926,90,979,702,325
1222,1929,86,569,252,2227,4114,64,138,617,3,12,2914,14,3635,4337,2739,50,314,359
