-0.668763608197697,0.007215706652232067,0.8031047468306121,0.9226908422023784
231,422,628,215,137,147,311,718,848,576,1826,1696,742,505,376,196,715,1010,1016,38
1061,413,40,707,400,303,36,743,401,782,1207,1026,514,1064,278,342,317,290,309,276
478,572,475,646,629,662,2558,1132,1698,999,516,735,926,1133,1287,711,1108,1227,832,0
1019,359,642,371,414,653,221,2619,886,86,940,1813,821,1563,678,492,631,1228,374,190
346,694,1227,120,163,356,408,741,1238,508,653,225,2240,1595,445,1264,717,615,165,499
1000,498,1985,1052,1756,379,157,736,1214,1073,588,1236,594,662,1277,576,1001,683,1090,353
463,644,607,998,1153,1559,816,1357,841,2076,374,794,876,405,1829,756,404,615,765,325
275,846,2017,975,948,759,1998,1272,2910,1341,926,1263,751,1272,148,720,460,332,210,0
741,487,1065,420,1664,1011,938,2587,1970,3067,2306,39065,1586,1501,1065,776,1441,1211,559,905
1218,1297,1048,1067,320,639,1044,199,1321,863,968,2478,3076,1764,643,271,1416,897,127,14
407,982,145,789,1201,1362,1091,975,1179,1141,310,1641,854,2114,761,1626,1053,812,774,1182
1289,851,671,1328,766,671,542,1618,1010,1501,906,2580,718,1837,1391,966,1436,556,650,822
993,436,177,39,325,552,823,0,1318,750,1818,542,1078,816,1663,1018,1692,507,1435,1057
546,510,1891,724,483,643,21,546,173,1481,700,231,2049,312,482,1849,782,79,875,1384
569,1048,1015,1331,835,358,651,1366,83,1237,592,689,472,1408,909,598,929,952,506,692
838,476,696,1524,910,1108,333,396,1344,445,850,1182,1112,896,1503,873,850,244,496,539
387,225,843,1144,1434,1556,2098,1464,734,1128,653,1316,385,884,712,1332,645,668,1106,859
198,507,492,1138,442,672,2025,631,1411,297,337,961,683,81,1496,796,812,1193,167,1168
205,512,679,688,960,390,1141,924,1140,479,380,639,768,742,669,670,640,1238,369,509
596,213,1198,1426,264,1275,278,347,579,243,209,900,1246,1412,396,499,334,400,161,723
