-1.1558183631079315,0.052253565811936326,0.9171257767868571,0.9027242741229484
770,1495,1006,421,462,2883,37,2058,631,1765,125,504,110,41,515,743,135,1161,956,435
1248,207,1436,1056,824,1048,3808,2775,1164,1305,1033,575,1985,535,1156,1295,416,214,102,1063
443,662,478,1569,890,100,1304,693,1486,92,1055,823,1520,3152,366,411,2303,2370,15,2016
1476,444,819,421,682,2685,266,270,422,1995,196,4462,165,2101,2255,21,877,38,264,2045
479,331,50,963,473,0,204,577,346,1474,977,1036,109,76,0,1072,28,156,4814,144
1457,728,1253,4,17,1202,2393,858,368,405,689,1288,185,157,165,564,1336,309,321,915
2286,90,349,125,415,27,94,208,2345,364,0,1042,76,2158,1765,81,438,2058,1603,872
23,8,480,332,1539,106,496,1684,226,286,508,1107,22,296,504,0,524,2911,792,71
179,924,61,3745,140,829,271,456,170,55,472,993,367,1060,503,1550,220,1487,0,0
522,74,948,251,1418,766,278,691,1838,474,313,730,634,310,1418,5495,75,1026,812,3734
55,149,1216,1050,864,1297,213,713,234,313,624,1127,3,2570,4897,6828,9969,6017,941,3129
20,453,123,276,45,502,126,246,37,39,648,1491,420,173,989,343,6123,5566,1717,4205
1887,341,251,1,734,253,586,450,655,4,1125,161,290,419,201,787,1266,6653,1503,10691
94,935,1029,525,323,588,201,49,340,983,1222,1416,75,1307,2535,1119,487,1367,3635,8025
1477,1680,303,577,92,341,1526,638,735,674,839,371,1220,759,334,47,1334,699,0,367
182,550,924,442,108,248,492,178,145,272,2446,368,707,89,81,781,247,987,523,1
523,429,1064,2877,693,137,1140,626,60,480,1259,623,1118,241,201,502,1080,2,526,1018
799,584,1333,830,303,474,929,95,1349,386,2286,220,275,180,364,40,431,8,399,1730
1566,876,2315,640,2287,187,776,4153,64,1300,1285,749,919,171,58,471,547,2279,67,199
1011,396,1116,391,631,2232,1062,1101,1782,1596,375,87,455,670,520,568,778,1014,989,678
