-0.46446547330744997,0.018583756339922344,1.0000198275083036,0.9732802152218504
1459,2216,2957,1561,721,2005,1171,1395,883,1047,849,986,845,1124,1395,1078,890,1557,1038,12109
823,1253,776,1449,806,1648,1028,1664,1090,1004,628,718,1127,1536,635,1577,456,819,868,2207
1441,1203,432,1728,860,830,979,1442,827,610,590,531,969,1105,707,427,730,1213,884,858
1105,1433,606,785,1184,1026,2024,1730,1876,468,646,647,1291,575,609,875,615,1475,1001,1408
1291,577,555,679,1291,1528,737,1568,373,970,815,2159,774,641,950,548,1436,542,1393,703
889,736,858,848,955,974,661,1351,281,961,836,564,1864,370,768,820,1046,1729,721,731
653,1109,679,527,286,268,1125,506,547,494,532,524,1231,683,565,773,666,1231,1084,426
566,1096,696,1093,725,559,640,321,1068,434,246,576,1054,702,591,545,1655,1801,615,1693
3807,843,1318,493,617,1315,775,534,606,423,570,398,1272,772,957,809,550,1281,524,1505
1629,1424,479,1422,715,711,742,175,610,496,436,422,717,827,1363,750,908,397,606,608
1192,316,1161,728,588,490,546,760,723,562,493,654,362,1093,225,787,506,695,1046,475
570,809,348,552,732,983,774,854,876,353,677,775,354,922,484,604,1033,265,0,1055
423,1360,852,1109,860,1034,1780,1044,373,324,333,443,541,603,696,774,1050,668,1131,1223
547,1282,1256,900,630,801,511,606,568,190,559,382,987,1399,848,636,693,1529,860,697
1393,1543,551,1092,855,642,486,633,351,750,532,596,996,572,1000,784,1312,841,1243,2180
503,1151,1413,1396,813,892,921,606,736,550,1057,717,1104,502,1124,950,735,1367,530,702
1559,1354,777,918,722,944,1520,800,844,1793,1099,1376,559,466,401,948,1306,545,1071,1090
783,1527,1890,775,646,1255,1004,751,969,2664,667,663,1136,536,1052,953,1022,604,820,2323
1539,1653,1071,765,1708,622,772,693,762,780,1072,751,1006,442,1842,550,642,1640,1547,2392
1125,876,1017,1082,1549,965,1217,1155,618,1519,1125,873,601,1068,1542,2073,784,529,1837,1913
