-1.5402136988517448,0.048495115751913065,0.8039915381854806,0.9007159314184775
1870,49,2328,125,128,1417,220,6,160,473,2,756,694,8,17,2114,563,35,1,3
281,57,196,718,171,26,349,234,84,600,62,3,9,288,618,41,770,396,1359,1215
128,453,400,87,925,697,686,218,3,1938,1854,2270,12,2235,51,2,506,295,38,3797
1533,5,72,471,135,337,107,176,2976,2701,630,293,326,1512,255,1,1921,223,915,34
1687,151,1419,615,30,1817,1672,223,17,461,2,2124,4556,138,208,876,13,522,909,4
376,3072,250,561,78,665,3,1583,381,525,151,1484,153,47,1409,2948,289,57,1384,725
1,403,325,25,1,1332,1114,1884,1287,857,17,783,247,948,1814,1579,972,99,359,496
185,8,1195,126,226,92,99,3689,3489,110,329,1267,109,0,116,980,2900,125,1438,98
420,2,1112,1330,14,977,0,3520,250,2922,1616,2008,1263,9,4112,656,1958,977,304,118
7,12,274,1017,296,733,1923,3453,1562,3679,2379,1781,686,1262,4525,1506,2075,6,636,552
1,23,1225,288,1563,222,131,3184,3564,70,4913,3292,4031,39,1439,2407,1157,814,41,908
856,58,1215,4035,332,1695,1198,2229,912,5197,4389,5330,871,169,196,339,590,997,43,1060
1,1,26,1745,3613,545,1448,5159,6536,2593,4430,2027,5998,134,1740,693,489,1307,2220,447
1894,985,419,263,2109,379,3502,2250,1216,2,204,1056,840,404,673,1289,743,264,12,1790
672,1162,136,235,63,166,1865,1392,1302,137,1877,257,1763,2,932,1150,1213,10,723,664
649,2003,13,404,561,345,2082,2493,2668,848,841,1171,590,10,8,1596,186,2,27,1085
437,889,1194,531,21,1713,2311,480,486,120,106,113,935,1075,149,154,639,1010,162,1890
352,636,8,2369,263,32,730,91,4,1717,2,904,1830,8,976,1967,163,1297,366,357
2477,3,1754,2424,651,21,2,507,392,294,1063,626,2826,2586,3219,274,139,1363,189,224
47,1371,1386,405,2494,2245,161,10,768,642,109,343,93,2721,368,2380,869,1180,0,339
