-0.7142063822141657,-0.0031920462625503725,0.8380906948818586,0.8465120045028411
373,887,395,362,1026,671,1167,1019,197,0,461,796,950,195,463,683,1108,979,312,312
301,639,223,1115,1258,232,356,526,906,0,374,368,1751,423,1246,587,717,1249,567,416
368,379,734,502,1310,370,157,644,249,0,500,555,788,582,604,253,628,523,469,995
505,156,1231,470,2334,250,560,972,413,612,455,129,23254,1042,789,145,538,681,736,539
143,1066,1072,608,136,389,811,651,643,1228,362,674,301,614,1685,724,616,552,312,854
577,403,1593,918,469,0,1339,328,1574,363,672,823,1296,293,826,505,514,673,976,564
625,936,845,1216,808,546,1449,22331,805,442,1128,793,895,900,1087,393,504,373,777,812
1190,1579,648,889,838,1129,671,803,1003,983,310,98,381,236,225,1344,359,653,1097,526
652,68,719,548,1143,67,382,765,1094,1065,551,647,9647,197,602,381,466,573,536,239
415,505,1002,390,155,691,1834,281,380,632,655,875,1065,87,719,0,0,772,882,1167
184,653,486,559,511,904,36,298,646,781,1219,1665,418,404,905,1503,767,772,812,82
621,889,1217,402,665,190,600,712,699,594,161,285,310,926,384,53687,891,392,841,769
892,399,1213,607,18,29,922,403,669,51,565,759,807,916,2413,1016,129,597,833,530
599,680,170,470,712,1407,1062,231,705,709,464,1260,715,1217,182,311,0,330,419,1020
922,155,155,114,155,331,612,954,160,592,436,599,462,450,311,1169,267,967,907,282
654,1438,1125,2178,1442,74,218,550,417,1089,771,732,566,283,516,854,758,814,2065,793
665,635,651,693,970,1355,459,527,216,444,509,1227,609,2594,1044,253,1058,667,782,1219
519,533,279,644,167,929,1084,706,796,220,189,544,472,743,101,330,1761,502,730,718
552,766,765,28,1041,135,732,0,890,404,1970,875,1490,732,841,454,950,330,435,448
1576,432,632,0,1651,364,1071,1038,2088,682,588,1108,658,830,918,215,1092,1234,667,1054
