-0.569705146793393,0.010306364975227765,0.7980736662471742,0.8742426986402375
296,904,706,439,528,792,814,112,839,653,805,405,462,918,293,526,374,912,1043,432
214,510,517,776,646,958,626,1009,513,2637,921,252,585,334,986,236,528,894,1202,131
791,613,668,579,704,601,713,350,897,540,511,618,284,3430,828,767,497,1215,506,254
422,1227,653,1268,659,670,823,1957,1572,752,649,631,15056,1229,898,597,1303,704,544,531
1588,402,449,429,1511,655,412,912,277,2031,730,869,754,1094,1082,386,305,463,383,1265
961,599,713,558,781,649,653,808,659,652,773,494,864,996,337,1305,1247,675,967,409
500,1139,126,1223,311,573,822,759,492,497,1099,380,600,701,386,1119,713,1674,148,711
863,321,350,424,1282,1446,890,698,540,593,310,513,885,812,1224,879,486,612,1085,1256
917,341,438,343,409,808,1032,524,580,794,313,42777,33901,378,544,1055,996,409,895,1106
561,565,0,105,495,997,187,716,478,1035,1603,715,486,379,227,809,1035,856,619,114
237,498,1031,818,563,662,396,618,322,572,384,1402,1341,254,1231,512,176,772,505,269
946,396,207,692,808,492,437,281,702,390,670,793,759,1212,854,1110,1144,936,606,843
866,1231,785,363,686,260,1313,1868,594,751,458,508,1124,620,653,781,481,1212,1000,296
456,787,1529,617,588,528,491,1769,777,722,798,981,901,775,564,406,530,354,849,943
321,1393,1276,786,785,955,1374,658,207,589,951,556,324,372,1741,565,532,459,394,444
824,369,880,1215,1230,667,367,403,668,526,629,397,474,673,1228,385,789,820,820,826
756,574,734,1394,393,1005,567,729,824,728,401,359,788,1212,672,415,443,778,532,185
945,959,855,757,657,1608,359,1117,492,364,899,814,901,928,579,908,977,460,673,619
310,1134,460,447,316,1105,851,1614,363,1407,960,445,693,247,736,653,521,295,663,302
899,543,388,721,654,651,1052,477,1072,857,729,585,361,608,724,289,377,444,466,770
