-0.7990662926298051,-0.0039388566442016375,0.8834539766021929,0.8409810516883177
306,1372,548,315,1000,364,870,483,504,1055,512,702,429,233,251,634,1062,1163,0,254
790,1189,819,430,1617,1076,1505,406,676,893,1399,409,1410,803,953,922,582,623,739,1198
335,1789,599,25,255,892,578,179,759,552,1011,313,1339,3207,546,1223,289,1407,592,795
596,483,1260,0,851,266,304,390,186,726,116,1286,20565,396,66,89,469,625,985,1145
386,1096,879,296,356,691,830,729,180,342,412,1388,304,235,1904,243,288,30,804,1670
455,1876,1064,1357,1096,210,351,210,1141,1129,1162,1177,267,1582,155,367,39,1170,746,638
1008,250,268,1058,753,421,1121,279,1480,357,540,1380,397,732,1523,570,17,902,795,870
365,25,1546,355,516,1203,309,373,1537,775,604,979,1065,707,825,5367,473,27,114,871
0,1412,212,249,1512,697,1810,1174,1596,1186,519,1323,128,696,1226,697,604,1125,407,357
312,374,517,156,296,371,1202,666,771,680,0,618,667,883,0,354,1080,1359,2088,409
73,848,1056,173,844,75,396,461,425,557,1047,808,390,300,571,541,0,835,617,439
620,709,983,1393,1138,195,97,146,245,314,348,141,861,819,296,53571,157,564,468,443
456,193,1112,743,510,160,224,758,1033,892,371,207,1191,454,940,701,44,562,1684,701
1713,582,283,752,1393,454,1033,0,1054,366,28,453,614,319,568,326,740,220,887,2134
155,842,987,459,300,793,756,214,693,850,511,714,249,155,775,298,550,611,646,479
706,928,578,657,369,550,1139,714,340,672,675,1446,1821,392,734,16,410,592,315,1132
827,956,1866,45,702,139,156,621,990,50,222,624,470,822,843,208,0,940,895,322
599,262,701,287,204,961,818,1013,572,397,687,764,218,1992,351,340,1121,529,828,875
579,793,57,349,812,1186,829,1001,646,425,1095,2273,894,728,842,252,687,835,518,413
158,1895,409,2486,332,1682,426,883,1202,100,348,235,27937,358,620,503,669,677,322,47
