-1.2662670697209921,0.05204249476863603,0.898357285401578,0.9089733516893282
435,432,917,706,189,289,751,1038,976,549,1689,3,816,1012,1410,13,2680,1200,2922,3329
149,1201,1925,881,55,708,3620,432,1489,11,1027,551,2273,838,71,139,3,163,32,846
1023,1211,1096,231,279,294,161,499,1061,86,490,899,231,157,1985,2865,1006,2248,1023,702
727,160,1565,187,5,587,291,604,123,237,128,554,15,271,186,2,1094,805,1501,765
699,149,467,12,557,2381,578,816,717,141,453,32,1744,1024,394,321,581,1870,1075,1377
672,3123,1,1425,718,1820,125,1771,316,405,337,1188,305,1013,1126,490,163,321,332,606
753,1186,303,387,196,1190,102,29,525,572,87,1343,180,1068,742,2264,339,2367,2520,1137
838,27,364,1851,306,621,170,181,155,9,3888,1178,355,13,250,1284,2177,2448,585,2119
355,2108,276,1499,464,217,94,18,1199,1469,3449,133,450,0,23,1170,474,4,1744,831
963,194,2205,1722,438,60,250,534,19,2,1036,1843,197,1111,2763,2740,3524,610,1712,153
2001,324,1073,36,384,2,77,724,1276,666,212,1329,105,304,7168,5369,8634,1955,6148,836
294,47,1011,143,91,302,2086,947,756,629,299,213,1463,2096,3847,5838,2871,1729,236,798
158,877,42,825,435,375,554,194,121,272,1340,295,267,423,556,5955,4579,6,2230,3131
5,363,897,2903,83,435,764,2031,46,516,31,436,15,115,484,2467,1970,1632,610,1952
2657,2140,789,381,1118,2699,722,14,2040,284,54,151,463,258,185,217,2608,1772,1110,3766
628,227,264,387,421,264,197,614,18,2806,587,920,390,1738,648,1137,414,314,607,42
567,726,392,10,567,1159,834,160,918,1606,731,892,517,1586,3768,4195,631,270,706,897
202,2024,997,17,1028,225,1652,271,318,681,215,633,515,959,202,2588,1540,2628,276,1594
132,45,389,6,47,40,1459,1823,151,3875,266,942,2115,259,135,3431,83,589,852,547
89,903,54,535,307,2257,2698,743,129,472,11,22,2930,24,1826,3945,2732,79,306,25
