-1.2814120557667077,0.007820013608730912,0.7896072951679359,0.8533718437610065
715,123,695,1133,210,640,2579,568,62,766,1,114,291,487,312,135,2108,181,5,1460
621,1079,595,202,0,378,23,677,1435,775,1580,19,79,305,3294,1921,532,161,173,941
562,378,51,752,1109,67,770,510,85,414,1845,45,110,283,150,57,280,10,90,1073
139,742,2540,89,77,1046,714,635,2236,391,1375,119,3775,414,1242,1687,12,83,2489,253
285,994,0,1798,986,1057,2155,2141,973,1449,758,404,1894,2436,856,0,1162,600,790,644
646,1334,121,948,421,10,68,57,1317,132,510,30,125,25,99,10,84,1247,5,1197
228,0,1039,310,338,42,0,1256,437,3447,530,1203,455,2,2402,362,1219,2782,1172,113
1082,499,615,881,2770,3316,939,134,27152,1548,0,1559,1159,896,1028,287,48,0,72,1306
31,468,443,153,1716,1227,2564,1182,220,34,645,98,24101,44,9,4,263,0,3171,801
138,704,3354,1171,592,2736,1453,1451,18090,1094,643,905,3761,7534,504,804,32,2231,653,303
288,198,614,203,38,1604,474,78,447,826,2868,490,783,188,82,418,82,33,67,41
790,420,954,564,950,954,1412,1107,221,3826,475,175,496,0,609,430,220,59,202,944
473,123,230,922,3429,843,246,1288,2506,950,13,1457,19,4311,524,802,174,134,293,770
1310,596,145,1574,1775,186,808,1490,1852,395,623,264,645,945,223,789,251,147,172,506
2701,487,27,925,379,681,3822,1867,452,623,755,2848,1404,274,298,92,552,737,263,313
478,7,1575,111,510,980,1307,1151,46,49,966,132,375,70,30,29,1401,382,431,294
2042,114,516,940,591,97,151,1135,77,105,373,106,0,1278,1857,14,3772,0,2212,231
331,245,135,75,404,1227,37,999,177,96,204,152,694,909,244,36,358,1683,105,750
34,1285,28,716,115,1058,1112,36,471,204,2696,459,2038,2484,360,331,912,346,526,71
1181,2320,1551,122,330,1537,1054,1322,132,234,130,46,480,23,46,1838,159,227,150,1427
