-0.4889174629653556,-3.8841730787668693E-4,0.8566070361678715,0.947955658692936
671,737,480,1569,1045,575,657,1021,1221,464,688,646,591,997,2132,902,1038,557,204,521
1013,694,831,1003,935,1605,782,495,310,1551,1378,430,247,1272,433,1019,1770,135,1175,930
874,350,517,257,861,534,442,1332,782,1209,885,407,521,648,1499,378,722,638,823,468
732,785,678,446,686,578,1072,1877,453,1201,1175,616,1113,738,1018,355,353,600,547,755
1288,565,830,584,956,445,834,1439,306,1989,1665,814,885,90,1567,595,1321,886,814,639
1070,812,1084,718,544,366,632,1103,1308,1524,455,1149,1046,2038,915,317,748,853,1232,842
501,1166,808,587,203,934,532,1108,1649,705,1055,828,917,1038,470,405,401,681,1200,822
1089,635,1463,1073,545,851,1430,1230,1852,1141,937,1127,496,1217,808,804,338,430,995,528
250,1843,729,1147,1862,961,766,1866,735,129,641,31385,1165,863,327,768,1003,948,468,757
935,1159,1105,1301,1267,493,831,866,1022,827,1218,1159,943,626,1353,1100,1539,1090,658,761
1145,749,1486,1049,659,975,954,1287,1224,401,40,2348,1917,1309,1056,862,908,1020,1365,898
721,534,605,1927,1166,1001,1310,914,797,906,876,2331,1528,1163,1546,580,301,249,1239,741
337,616,441,1095,533,788,514,451,979,491,1123,1539,750,401,574,1077,283,813,587,853
1020,495,1003,1169,1782,1293,537,1720,444,184,600,1110,487,530,548,1224,885,791,363,960
683,373,2079,885,1454,318,1226,504,1057,1819,307,1149,522,1153,1019,695,1021,1255,951,1431
887,440,840,237,1364,823,987,361,350,1394,448,1094,905,519,1010,768,945,690,898,337
266,356,1745,953,1048,899,449,1335,733,1269,1459,1545,855,1370,938,1207,1192,1695,631,418
661,344,836,662,972,553,1072,1174,564,709,1499,690,377,955,971,414,541,668,459,403
471,318,998,945,672,1178,1037,282,948,260,552,327,912,576,760,1211,1150,631,1080,1255
939,863,710,1162,1021,1327,1006,639,669,661,776,724,863,875,854,919,308,382,485,652
