-1.3690859550090313,0.02426236105688203,1.0543950606558319,0.9052129306038474
4992,389,3476,375,24,1506,1608,35,1224,144,2152,2,458,4902,482,75,1344,47,3307,6350
1225,1697,4954,5168,1581,835,2,126,290,458,46,1583,2825,112,189,2021,1139,1718,127,2662
840,51,2403,1479,321,669,116,77,43,2508,1145,889,1150,1489,2645,87,2142,5848,247,4594
1824,9,1,866,516,5942,28,6,1200,1104,90,95,1399,1016,649,354,32,2183,202,2045
510,1199,914,811,27,118,511,648,1328,929,738,647,67,578,3,924,248,863,2952,511
898,1303,28,590,211,675,2426,592,1520,329,1420,1722,306,672,101,478,10,18,1034,27
74,1319,1335,106,938,81,392,90,652,2311,236,442,935,24,61,4,125,711,4450,1092
2678,0,302,956,297,59,688,226,100,411,235,1015,2141,361,1,280,1835,478,671,1091
406,489,483,63,134,1194,1586,103,2,613,106,38,909,635,1354,557,2196,651,399,330
870,2798,274,409,1358,2,435,1769,238,341,90,101,92,1302,244,1135,170,540,93,1335
826,2958,327,12,661,60,2098,367,225,687,16,1520,393,705,710,545,45,250,1335,899
2,1543,259,1916,306,138,1458,112,814,89,2131,415,506,245,1444,61,317,1915,292,252
1672,209,1101,14,2221,884,345,378,483,350,572,272,676,780,215,42,25,209,1532,12
950,1780,270,58,818,167,1416,630,1077,271,14,934,993,344,23,345,2214,2490,793,273
2001,1456,393,22,81,1145,1556,228,457,290,878,49,987,2,72,132,180,1,746,1576
601,621,126,2206,43,584,166,78,66,281,5,2,1034,1727,86,2,588,1104,1295,3074
1389,359,516,125,1758,1095,56,531,123,2443,586,982,1911,592,1798,467,552,666,586,651
2300,779,850,672,529,1177,133,209,873,90,21,585,2798,1871,560,1206,880,763,351,253
5175,1564,3163,2312,10,1835,1342,476,91,5,2833,487,1566,77,562,1094,2825,1076,3825,1543
5171,149,7907,3034,2678,1944,275,683,1850,55,118,2851,3,1732,3334,4583,2793,3743,1071,1394
