-1.2093704535997187,0.0050112991809546205,0.7943433521267638,0.8487884485598473
684,246,2025,185,138,636,1089,2051,243,984,50,931,54,1424,176,148,883,224,474,4560
394,942,48,261,2460,213,929,275,1752,174,857,729,27,146,1308,421,479,411,219,244
133,982,0,410,76,226,182,1219,390,412,2652,269,978,458,134,43,446,1208,56,2128
213,259,1149,48,53,919,746,897,2217,906,660,127,3779,195,1814,151,72,334,1699,486
345,702,1006,1873,1320,600,2161,2262,501,1406,948,335,1072,2395,2,0,274,231,717,644
657,1199,65,110,873,140,72,51,622,364,801,25,52,870,97,107,586,1034,63,1070
180,647,1039,480,1083,910,359,796,507,2940,536,2298,137,2,3492,183,990,3527,565,280
885,448,850,1129,1796,2470,549,124,30306,745,739,1501,112,1485,1088,223,179,1435,44,294
23,1067,634,343,1297,488,2966,593,1880,158,36,161,0,750,2,3,619,566,615,702
938,419,483,623,1058,2560,394,667,21384,484,830,590,4646,7840,106,812,15,1887,865,737
215,556,1518,130,48,2471,0,140,786,1259,2689,122,112,76,208,10,222,375,66,1143
51,354,1217,174,2813,1669,391,1009,300,110,1819,760,942,114,1413,1458,384,1096,203,2118
536,86,277,2016,300,25452,2374,1288,1040,200,40,1457,51,907,1442,679,633,350,214,850
1461,2113,483,499,1149,51,2695,2370,668,805,321,426,360,1584,242,1079,226,108,444,949
866,1390,1400,307,386,141,1777,941,69,589,516,3101,2081,135,1628,76,328,853,160,1015
271,97,310,327,169,652,1217,982,58,124,706,879,224,177,102,80,552,274,554,134
1221,218,166,728,422,39,191,15,227,116,249,45,12,1123,2499,103,1566,1833,384,198
170,111,269,69,481,985,3918,472,214,1,188,287,80,994,992,209,185,561,217,860
4,1109,38,787,285,458,739,136,27,664,2188,509,563,1946,526,65,1285,375,346,251
397,1561,76,140,327,1177,1487,2326,37,386,386,17,639,283,32,1137,190,223,0,2437
