-1.3853244557999396,0.05614449767050408,0.7960943637245685,0.9036026735141428
529,516,1020,162,12,110,37,4,135,175,1671,1520,2889,1266,2047,219,436,460,329,37
196,94,724,395,418,166,3,1227,325,21,5,11,0,1065,396,272,374,386,1806,204
43,14,582,2,45,72,168,244,251,465,699,1804,973,1829,133,12,765,392,98,722
69,403,415,82,239,359,561,1223,24,94,268,680,712,1062,298,352,799,147,1899,2218
1392,287,0,21,814,587,961,32,1759,28,684,1411,0,169,13,115,873,671,2789,163
1249,3,741,56,597,193,333,2291,3055,11,344,9,12,946,218,409,1470,519,152,22
1060,2255,119,796,5,567,377,772,3390,2466,752,607,1489,610,5537,1,394,1465,418,6
229,59,399,1972,9,1815,8,10,589,1136,1836,157,265,1105,610,3083,157,115,1129,2823
1231,1489,43,250,697,492,208,4192,1613,354,526,3551,1542,110,3356,8,1645,1241,586,1114
278,369,633,885,457,41,1204,2591,2278,2217,2988,439,5,1602,3789,650,578,2106,1241,239
23,194,1200,124,232,362,1116,2305,2534,277,1604,7663,3484,615,2006,372,559,62,53,622
35,1002,764,569,73,7,1,1218,3666,2069,2825,3892,3854,1863,2888,1072,3211,1479,197,9
1162,236,346,0,402,301,743,1686,2512,2210,3792,4312,1866,1160,4769,3612,2035,1609,4507,819
238,0,696,797,2469,611,322,142,1107,307,2185,909,600,2864,762,5225,4035,507,1255,543
59,402,1,140,1116,76,2218,636,2007,388,2622,6559,1023,560,1381,3697,6,8,246,915
1380,904,1757,1575,0,738,118,2629,971,214,400,2705,113,959,362,1997,328,558,3011,864
3796,672,22,746,535,943,533,716,775,28,112,334,873,2066,28,0,2,1532,733,461
85,39,771,21,3460,195,875,148,661,2152,2126,821,65,532,653,201,925,147,846,1
337,105,172,2530,447,521,93,0,1,172,367,966,47,2175,627,737,1145,825,1619,303
94,1023,341,493,712,455,3191,2653,1065,678,440,1907,1843,2748,189,4,394,186,1832,351
