-1.9699148788677852,0.001715467585607186,1.0029966506883692,0.8489670431024648
453,34,2601,45,100,36,410,834,432,153,2780,3,121,2455,17,6,2200,547,39,1510
3468,904,346,1593,982,1902,756,76,146,484,56,934,38,4602,1408,13,7,3254,4,2565
3967,22,7185,11,1087,438,2,153,1093,232,5,10,84,55,3444,182,4845,1,938,104
117,2,1080,507,90,38,812,32,773,72,1149,69,4146,5,100,406,194,6108,1971,4247
385,3035,524,50,225,357,315,150,985,398,232,2,498,71,3,1236,2,162,1,2262
3343,2,701,22,3870,511,263,5,1,111,62,1529,3233,5,30,4,678,0,4,3271
242,0,1,702,1688,602,3,1894,294,4,3904,1,576,1601,2196,558,403,748,3,238
2560,4067,24,1,1,5441,5237,2,516,1,356,296,4,520,114,540,639,196,906,537
1660,14,4,204,144,216,166,2066,137,1081,35,1032,991,398,1756,771,22,7,2787,16
696,1983,418,470,303,1,255,2,15,1688,1668,159,108,347,385,150,29,5,20,304
493,3,159,77,239,70,2240,150,352,503,222,1,3015,817,102,5289,19,60,1743,1745
3704,1862,308,647,1230,2337,784,1,2,874,172,414,219,1748,381,1526,283,360,280,1
29,8,94,1,565,5,753,1385,793,57,1,249,2,202,116,6466,5631,3,10738,314
1,2,2908,1145,19,3,432,0,2,1943,1,2639,1450,16,970,311,8,355,282,446
159,212,33,59,503,1654,355,26,1029,136,280,1993,195,352,75,30,2620,3565,154,1788
3544,139,239,273,23,2,1123,99,2,1783,142,408,586,2581,258,901,1,26,706,109
2767,12119,1633,4745,328,673,458,718,913,2794,8444,97,379,2,33,298,753,1722,576,3624
5438,442,229,1492,464,2756,553,1179,1,103,276,1612,300,492,2627,1538,588,1,3804,3
112,18,5268,10,283,76,346,702,4,18,218,1690,1000,34,2835,645,1777,256,4086,1253
1777,71,13558,1959,401,1061,27,2476,33,635,103,1135,629,2053,62,5,2198,1057,7,1411
