-1.2120631470091334,4.252825480887291E-5,0.8242044719057297,0.8499225335762279
802,473,1735,233,84,680,1036,1450,222,1966,47,1076,117,1227,176,2202,765,224,474,3450
412,915,48,19,1363,254,1046,234,1635,174,857,414,36,146,0,386,470,31,1938,244
194,0,0,409,103,317,182,1219,452,360,2652,62,978,485,135,43,446,1430,47,2128
213,259,1304,48,53,919,746,897,2217,906,620,127,3779,229,1814,228,3854,317,1689,486
328,702,1141,1873,1320,600,752,2036,1828,1406,812,275,945,625,2,0,534,194,602,644
666,1199,65,110,709,140,72,55,734,94,771,25,87,870,269,107,586,1260,50,1070
180,647,1939,519,1083,910,400,796,252,886,306,2788,138,2,2914,244,591,4641,565,280
962,448,881,0,1846,3128,549,124,30178,745,1548,1501,109,1485,1088,81,179,1310,73,194
39,1153,1643,1651,1305,488,3619,687,1043,0,45,108,0,1079,2,2,0,566,489,702
938,419,461,2393,1027,2560,394,507,21384,689,576,590,4646,7840,135,812,16,1434,1279,687
129,282,1518,80,51,2681,0,122,786,1528,1797,210,159,76,172,49,22,51,66,1143
808,417,727,174,2813,1912,200,1673,238,110,1819,760,942,114,399,1458,384,1096,194,2031
536,102,314,1846,300,2337,1718,1287,376,200,19,1457,1148,1791,647,679,712,505,214,850
1431,2152,179,499,2203,103,0,2370,482,422,321,426,459,1480,198,791,209,115,420,594
856,1299,2400,147,386,146,1771,854,69,589,299,0,2824,135,560,23191,118,853,151,1303
271,97,1456,327,1095,617,940,982,58,86,832,879,390,245,189,90,776,180,554,406
1665,73,182,663,422,39,0,25,227,113,419,23,10,1516,2344,180,1566,1833,358,198
338,111,632,40,759,1088,3908,502,220,1068,188,170,80,1272,540,297,586,726,209,869
4,1105,38,787,599,458,1229,43,27,630,2188,452,382,1946,526,13,1305,375,133,251
416,1561,77,0,327,1136,1440,1334,31,386,325,69,639,283,34,1137,269,223,264,2437
