-1.4374955707180799,0.046407217468096444,0.89828791220524,0.9036450423187875
13,3029,3793,1899,416,558,1708,164,87,783,12,1668,1813,67,0,1305,296,8,469,1894
45,2068,1056,1120,1858,346,73,161,1658,238,694,345,403,1,5,747,1110,5307,18,3325
10,526,3191,45,739,4,1481,1558,1701,63,43,722,738,431,1663,366,1120,798,1437,1107
414,109,434,363,2236,91,58,923,449,17,484,1660,1993,829,4051,1,28,152,3,78
890,248,1042,693,126,414,1064,28,769,777,1735,1,970,3403,2,1133,489,0,865,580
161,246,22,865,1779,610,863,1671,45,70,926,1999,3060,1902,691,119,15,3,3056,658
77,1418,673,588,294,200,559,766,1280,2455,261,283,2250,1266,8,3616,1162,1795,1533,2566
121,1268,1565,1,282,237,34,88,37,594,1162,1935,337,0,1,4,2644,2429,513,516
1232,1440,1174,69,2,30,150,145,436,780,95,8,11,546,1656,4400,972,4155,1762,2364
124,1854,1336,2133,172,1,212,73,351,82,49,289,50,748,6027,940,2961,177,984,455
95,152,58,1858,0,168,590,2216,9,26,1689,83,159,607,4648,3566,789,2121,294,241
22,147,808,249,16,904,1882,2384,274,819,500,1742,114,273,4637,5177,6330,1154,2018,6245
63,543,2949,1623,389,2414,92,752,638,409,907,224,1389,2722,0,1967,4072,0,955,4024
266,485,141,1509,1661,1374,171,1776,81,982,1,391,1791,213,179,651,1106,3028,223,2626
2502,195,595,10,395,0,229,885,466,38,1,22,2626,501,1339,2160,2664,1140,335,940
1577,46,2,392,1486,488,501,729,265,1574,3,666,22,1539,399,1837,424,486,2549,22
165,124,560,95,1643,576,699,2496,17,3451,85,753,577,2563,595,2306,1139,2788,597,263
583,732,422,1247,0,30,508,74,2204,833,181,399,1767,748,1349,2601,1704,623,392,2663
414,72,1,1200,20,573,234,1683,241,1441,701,650,642,126,702,3466,1927,2100,455,60
368,46,420,22,316,323,270,846,776,464,59,243,711,1790,600,2478,2373,4193,336,91
