-1.1362943702539674,0.05041691620295898,0.8024922305123751,0.897664958851003
577,1921,900,715,1813,214,596,1736,115,212,394,1860,353,262,675,2538,1729,85,238,90
984,470,12,122,202,307,2030,585,393,1781,288,133,785,0,192,120,482,495,1338,706
1128,766,379,285,933,54,1076,1855,561,255,29,568,78,671,73,3001,212,1111,261,144
544,313,423,395,0,347,466,214,3947,1115,358,70,25,2002,413,1631,250,12,423,3793
45,867,361,1170,865,2807,688,304,757,1146,171,1799,335,221,650,74,1255,669,1181,122
343,495,646,243,151,676,154,28,467,79,467,1146,410,583,896,205,678,561,6,978
384,185,3821,539,677,311,883,311,786,675,1007,1649,585,439,728,85,421,8,956,83
598,337,1960,26,27,824,486,2450,300,1238,202,1549,13,94,35,272,161,12,91,1391
62,282,1728,555,2043,0,2662,1453,3831,1505,1459,1011,919,899,380,336,762,757,362,112
719,1249,770,547,73,614,116,5421,2438,4984,3974,2052,950,1267,253,2149,1053,491,112,1221
594,860,2446,783,768,323,4162,3765,3163,980,8083,1724,6620,1293,24,393,566,40,763,3158
576,1270,221,770,447,1389,5126,163,525,13887,7042,4054,1040,2227,583,95,112,284,1140,156
1900,1913,172,1546,338,1902,1209,758,6561,10100,976,1159,5560,1022,808,104,25,16,2299,569
660,538,5830,463,1804,905,1094,701,260,471,612,1002,0,196,191,280,159,7,326,17
625,950,265,848,698,0,297,237,543,1244,1120,507,836,117,390,492,2743,451,58,1361
1090,94,987,207,925,489,804,276,491,308,1930,968,1667,139,487,484,275,1,2129,51
332,2759,2684,372,1490,677,3161,852,178,215,382,999,392,117,244,5,46,855,2463,1201
131,568,1460,295,715,504,1229,543,597,1168,689,1400,75,252,397,1779,672,402,1565,277
1284,1627,208,906,166,0,66,402,0,403,2310,2128,190,1081,1244,598,757,271,1443,155
435,795,345,693,3051,191,360,0,401,605,441,1024,1152,764,434,960,897,81,199,219
