-0.8944776239623707,-0.0030399176120460172,1.0121262891651646,0.8624341691912049
46726,1050,284,130,562,100,273,310,200,476,345,1392,431,397,179,1842,2161,206,1350,10271
297,446,636,1877,732,628,114,67,2246,820,171,278,1561,921,201,508,657,1945,457,1417
1061,264,3,398,192,134,871,26,613,482,1310,190,378,928,1233,979,687,728,1035,1222
694,207,593,431,232,819,421,918,508,420,280,1229,0,221,99,394,753,792,239,268
510,643,124,235,281,1927,532,485,1334,1272,12,903,418,1175,280,1725,244,944,1370,307
29,3236,555,1235,0,1641,1288,870,679,464,489,0,442,588,674,558,311,794,471,255
258,479,1488,808,631,23,777,816,750,889,266,1011,79,363,221,428,1929,581,273,1339
454,476,542,268,446,362,4,1028,0,187,320,709,1655,804,549,884,1506,1061,293,889
430,254,448,668,0,1160,751,775,513,570,1511,234,707,158,598,35,2840,1023,215,306
1211,238,165,728,685,594,624,1260,455,1137,837,167,354,1144,156,1186,273,430,244,218
195,1380,447,1171,408,753,487,179,1043,1219,283,1128,582,1145,878,1276,546,224,633,450
853,176,1401,2712,593,771,783,990,649,687,206,556,638,1464,836,1363,1768,107,446,533
478,405,409,739,2366,38,112,964,438,6423,180,1046,239,814,543,85,1454,383,445,260
1283,559,1369,13062,544,866,957,1219,292,325,1508,79,1375,890,17009,264,45,225,780,820
938,346,239,75,1120,214,219,564,2929,584,1056,252,1164,1186,1935,442,971,1534,597,630
528,652,167,982,385,1213,717,1317,331,145,651,662,692,609,137,677,1725,1620,739,178
974,920,641,3585,166,536,792,379,1687,380,419,594,11,233,275,1368,813,338,182,1198
407,1184,602,1064,974,165,1063,1088,838,79,1149,811,597,1922,1209,505,687,1162,244,649
829,8947,284,295,1679,1442,795,1094,595,110,705,762,137,828,974,1066,1496,4330,727,1288
1223,42,146,792,351,379,686,998,973,474,677,388,544,730,144,706,1310,1300,550,216
