-1.2278202137352927,-2.2456700422728726E-4,0.9475176801997569,0.8529323783274064
0,50,406,462,420,687,808,967,432,1895,61,239,0,448,2096,9993,653,181,24,624
208,668,571,298,443,153,135,584,2345,62,450,573,951,23,150,173,1530,42,221,911
456,333,1274,169,1136,786,219,934,774,2147,221,2321,491,696,2855,339,6574,5,32,1197
293,275,81,583,1324,1103,1385,0,0,267,476,5,57,351,33,1829,417,195,369,83
767,187,257,126,813,1213,182,9889,1484,596,186,502,1347,17,497,678,1752,23,17881,94
16,0,439,472,335,742,1000,0,85,1791,432,1591,353,1045,2488,528,1471,202,1589,310
906,490,758,491,12163,948,456,516,744,610,993,1335,891,1833,793,645,10,1648,1959,243
594,123,172,161,157,934,815,1665,874,439,1694,1556,283,32,36,774,49,263,319,846
1377,3,47,1396,2751,154,71,138,749,118,16,23,77,712,4680,1105,388,59,218,533
94,2561,962,302,315,1025,220,402,787,561,331,60,3971,1297,714,1102,1139,2556,9,285
1461,94,1151,298,114,593,540,59,1606,2036,1747,79,2366,1881,1318,809,943,965,1580,1007
252,552,889,9,195,506,33,272,1492,37,1153,1272,151,287,588,381,3855,829,966,489
3,814,700,869,385,550,1420,645,509,179,277,309,1298,90,763,41,615,152,76,249
1556,62,282,1068,525,275,623,204,243,221,598,597,7,593,1662,0,615,706,183,887
563,1751,68,2197,234,1276,217,6,917,502,451,1268,844,171,102,31,125,1135,312,504
1358,1122,403,510,10,34,655,835,121,112,482,254,533,361,1996,1171,1659,1249,194,421
830,227,1076,792,25,316,0,236,198,715,153,559,789,334,949,610,76,345,9839,1582
186,888,1314,550,2498,716,541,2179,282,344,84,132,16,97,4139,2513,166,1109,291,158
114,5,2754,439,992,623,393,2133,747,709,1083,392,723,651,614,1853,199,98,2122,1719
232,112,265,747,47,1744,413,51,374,426,188,6699,372,15256,155,423,25450,810,872,331
