-1.2386340924380232,0.05106642422613102,0.8840966612788523,0.8999726216689483
317,1490,58,122,1033,469,290,4291,318,717,854,254,709,373,429,14,2637,1141,3783,785
831,195,1198,27,1555,81,0,543,998,56,1260,1693,181,1361,115,317,1618,2529,1648,1640
849,424,104,958,102,506,864,737,306,200,238,45,52,567,1057,318,433,2340,3775,2388
18,141,834,107,479,60,333,265,71,641,499,150,2911,432,333,44,1127,56,15,695
3684,92,528,253,936,238,152,1283,182,363,870,120,1226,86,263,727,1511,2947,1070,2298
337,358,398,817,103,116,576,596,373,1599,304,71,286,948,2091,1575,256,1037,0,850
351,1740,491,53,238,865,1161,416,255,685,298,1757,2136,167,1069,241,180,2076,1079,2344
32,648,973,416,480,608,597,378,2,206,780,1970,2446,140,20,419,341,115,536,1400
10,780,83,1569,340,215,45,3203,36,475,315,203,124,700,535,2062,104,68,281,360
136,89,45,1235,1514,237,15,0,979,34,73,218,365,2007,4174,2677,157,532,2001,4
1320,25,1704,8,1,669,83,230,107,317,1029,692,168,108,9964,3576,4023,2176,5690,577
479,511,790,149,156,1750,1003,457,1616,605,63,461,3550,4221,2913,7648,2400,927,314,2113
117,1043,434,1714,287,926,421,660,48,411,5036,1074,686,389,2136,6381,5506,26,1088,614
162,614,395,409,125,446,988,1602,621,359,328,464,103,15,353,2958,4019,1582,230,4094
629,158,923,373,786,3507,26,246,1806,1385,1529,237,1168,99,889,306,235,1379,1631,3023
46,104,672,138,162,1136,358,1087,499,2676,1934,220,16,655,312,1813,1059,2670,134,324
361,170,405,47,236,0,620,321,696,1490,237,812,0,1387,1633,1687,1155,80,3912,432
6,241,767,654,569,652,979,11,212,1858,2092,298,698,3350,408,1113,3074,118,89,1656
457,41,13,419,36,828,2901,549,1229,5192,80,425,2413,662,18,707,994,803,4212,625
566,518,634,897,593,1011,6694,999,2249,1343,765,93,3895,1132,1601,6,2196,315,2532,295
