-1.4681555591656243,0.011933630832435047,0.7977107534478647,0.8488371621189319
161,53,38,183,1610,0,403,108,746,397,869,818,1708,735,300,368,415,103,32,0
157,359,429,26,131,863,423,166,74,0,3224,344,149,690,2791,9,33,1470,964,3766
22,206,195,92,133,43,466,5271,281,6781,184,115,1730,288,245,116,8,488,439,310
651,730,225,423,92,762,1,1078,913,14,6693,3,669,5,175,889,907,1309,925,1139
165,47,1167,2072,0,517,107,1313,18,300,107,4226,102,1843,0,1146,211,1038,1128,144
325,1987,1355,1054,1554,1795,125,0,79,42,108,40,41,388,2,71,281,867,57,578
419,103,716,214,372,423,302,1192,0,36,925,0,5467,1261,1949,1267,984,1019,1818,31
494,0,1387,318,115,1111,137,112,1331,14293,4795,779,16,244,32,6194,130,1521,376,79
733,540,136,2373,605,871,177,25,12584,7220,1117,176,524,200,3822,1519,891,181,124,209
131,87,369,677,61,57,2037,1379,43,1178,8946,817,39,544,2750,676,262,5644,52,2841
499,1616,464,1668,1162,2096,187,412,1,477,521,3,1016,265,62,198,832,1155,3712,414
1479,29,185,3526,469,14,44,354,10569,6698,704,1737,20116,2379,192,169,2092,2210,338,111
587,1588,893,765,112,665,0,1192,85,94,3232,59,475,69,1451,155,61,552,117,3128
1180,175,1672,0,455,24,763,293,932,361,946,996,138,211,1754,68,2949,98,118,116
18,2020,3095,118,430,456,1939,292,4384,285,14,1211,118,201,688,449,153,2,2705,224
118,2449,1517,0,1,233,1643,914,181,273,805,550,1105,638,212,512,1586,192,975,341
176,324,1331,26,1025,195,200,8,24,456,151,5392,492,118,421,49,986,60,548,1066
67,870,203,162,2267,84,168,231,43,307,848,1,225,1443,840,86,74,1578,187,493
444,641,1233,1,0,151,1240,124,998,113,1073,375,1202,67,2507,53,12,5,636,1391
420,672,1261,1745,490,384,415,770,1350,42,1744,359,392,621,79,7,1594,2525,1597,3
