-1.5947609742815292,0.05185352000605743,0.8178422318786703,0.894618309350706
669,753,2658,462,29,237,189,336,8,321,175,2604,2341,662,826,118,1856,460,319,597
443,78,2682,331,344,362,3,282,1,408,438,77,40,550,86,383,314,390,693,360
60,7,577,528,47,2,1,1,522,1,381,198,231,1740,514,228,494,271,167,633
138,410,329,31,158,333,838,503,10,457,478,359,114,770,33,772,978,179,1922,1965
2928,561,4,40,582,614,947,9,2179,231,635,1317,1293,126,8,4,1874,2552,521,25
1889,3,1419,2,1003,79,1,2351,22,18,323,11,685,2019,502,1072,2067,30,0,2
127,1963,441,1572,1,303,243,835,1552,40,533,432,1216,602,3406,1,2225,2235,405,16
498,111,1221,801,15,1450,6,33,303,632,2733,1501,401,55,673,2553,253,291,585,1013
1075,1177,142,224,133,539,86,1421,2196,194,210,3611,2108,212,3127,2,3370,71,67,621
2,708,1509,79,3,420,1230,1732,1602,2343,3346,73,1089,1718,4042,192,247,1696,2137,239
295,1566,226,225,200,138,688,2352,2504,1459,4592,4891,3157,2368,2171,15,590,109,218,413
41,842,411,2311,16,1,1,1946,3204,4,271,3620,5117,2716,1129,1012,1735,155,2723,847
1388,108,828,77,492,1770,171,921,1459,2218,6041,2753,1417,44,4762,4948,2977,3909,4873,127
270,148,202,2,2467,28,44,613,971,469,2369,6583,1379,384,656,4998,4416,481,1102,1376
1,445,106,1204,636,263,1834,38,2845,110,3,5642,3229,278,56,1129,6,143,2611,1554
166,386,2404,1626,1561,1063,538,0,1063,88,10,2526,51,2,4,2647,747,414,3371,732
1473,2005,776,210,247,1035,267,898,938,42,193,343,1350,2302,14,1154,3,2718,586,2261
23,434,758,7,4423,189,901,36,845,1518,2021,608,2192,634,266,319,535,23,1016,1
476,579,5,1770,800,796,379,1095,1,512,281,1011,81,2285,276,697,1542,312,2950,32
42,0,241,2080,1808,12,4128,4631,982,636,623,1426,1843,18,152,80,210,178,1152,89
