-2.0378699716098496,-0.0035785718381041213,0.9646679098466826,0.8498252721497617
2567,3155,598,52,2873,584,3216,146,1858,5,702,466,26,0,627,1,1,283,3,3
1,0,1949,85,1225,88,1,4,3,1347,12,1666,2098,234,787,7134,1124,6931,1,1158
145,1375,3630,898,0,6,1133,86,94,1,0,155,3,135,5,113,1322,33,1196,2288
228,32,23,450,93,4,2141,4,2,426,1578,395,386,484,795,2190,201,1354,1,6417
900,49,733,733,386,3715,1197,484,3,208,173,414,0,1809,8,398,2,380,2269,24
4,9600,770,1,107,2575,1,82,34,2,1,1,1,275,2178,1323,1488,280,457,22
321,4,1638,2,671,327,550,960,269,37,12,5540,356,3999,2171,277,1885,3,889,1753
11971,4664,52,9,1479,374,1419,124,5,41,115,66,21,3754,558,2,1198,2991,611,555
3085,1513,50,1006,1823,346,1007,767,1,5,7,2731,378,3,219,265,1981,175,90,2006
23,288,323,507,1,97,3670,499,170,4175,3932,984,8,5908,493,1395,2037,7,371,7387
1853,437,20,276,392,322,3188,1,232,1522,168,172,237,22,489,424,105,1802,45,72
34,46,401,3159,5200,899,310,3,40,1,3149,0,274,284,1555,2450,11,335,1912,279
814,18,1781,51,134,10,728,1,273,107,393,245,3094,173,1721,1208,1,962,19,2772
8,86,658,1435,1633,601,197,7,11,65,351,452,53,2002,62,57,12,13,0,3429
83,83,162,324,3150,1,228,4,1367,1076,663,85,1773,4923,6303,8,700,2562,574,1437
2300,982,549,1,3012,295,1,2394,12,96,57,51,5002,344,836,1015,950,5,2318,1
6648,1589,2690,8,248,1002,456,302,1850,300,192,1,1606,1,26,7,14,468,3,77
636,3427,798,17,116,190,1811,92,155,2166,37,2984,313,315,5692,1406,5692,1133,26,1
1231,12,2719,1300,442,1829,186,642,2,729,256,42,929,122,330,385,77,17,1,1
78,493,193,2007,686,2220,140,954,301,5798,1,1829,1090,498,10,21,734,9,45,7921
