-1.0633201452895749,0.04160177790751615,0.905515228269242,0.9028959470001031
975,737,1011,586,2465,1364,621,62,6472,622,696,185,1191,1334,0,195,0,741,1693,1219
535,39,65,135,374,221,0,937,824,790,238,126,0,806,239,424,785,681,955,27
30,1152,1434,787,639,352,524,288,303,882,1821,349,281,1126,2,504,36,39,872,313
486,93,499,2116,830,660,213,253,667,430,40,804,22,284,505,859,1041,322,375,482
493,309,53,383,934,1679,1583,637,309,633,1713,661,1793,667,76,1093,127,569,1065,1003
1913,786,488,1906,306,93,2056,7236,406,592,1149,101,261,570,198,12,746,778,1142,412
3442,733,1082,239,301,691,105,395,112,766,266,590,435,398,1671,715,366,202,96,92
993,454,354,1521,1531,543,0,78,738,151,58,1304,147,540,750,185,438,403,982,265
937,484,481,357,0,1413,199,1435,142,1153,217,632,1001,786,239,1696,351,791,1200,319
3538,939,353,1078,479,1180,1169,1070,403,784,764,235,2786,434,2858,7329,8284,1114,301,236
474,21,464,790,1994,2007,69,7,544,412,1138,2953,42,2568,5622,7085,10183,6011,373,2764
575,267,610,981,979,1245,58,756,2151,83,1113,99,1006,167,1101,2261,7303,1762,197,368
969,2684,668,958,296,79,1315,801,377,612,682,1720,654,467,1297,5910,6708,1716,1789,5507
1900,2464,922,746,196,1348,199,1120,122,704,317,412,0,126,1128,309,727,526,860,5019
1589,979,2455,3738,379,434,405,99,1133,772,22,901,258,476,125,99,1834,0,130,818
628,374,528,1196,16,90,353,1797,96,1020,963,575,484,369,761,993,727,267,415,976
155,758,665,220,774,1113,722,1219,484,2197,768,213,684,562,692,508,2126,98,1103,331
332,527,700,130,1814,241,69,1,730,209,46,1856,457,610,94,276,507,286,333,266
2421,547,327,178,2395,2657,1104,1403,554,392,1438,2715,1018,1072,880,700,663,1671,3020,89
7400,200,813,1284,1117,27,660,1024,1255,249,337,47,986,244,0,1570,279,1120,345,2985
