-1.6292645456124284,-2.7639980145649083E-4,1.0508178580333982,0.8487225716655394
26615,300,12,1885,5,58,32,396,651,39,2222,53,165,1320,692,1004,2174,3315,162,6371
863,1683,2541,2005,675,250,1312,13,29,1188,100,1318,559,1,665,1811,181,85,464,102
66,2538,4,531,266,882,866,2852,1183,23,1,19,441,2952,976,1790,2115,0,214,803
128,12,376,1,1,725,77,138,17,793,36,137,474,183,17,6299,4,2025,992,7644
305,1344,245,148,270,661,79,1152,9,373,834,62,31,399,77,3258,215,634,15,1121
1047,336,89,1609,975,142,159,537,1038,155,2276,960,4698,200,2857,0,240,236,600,101
0,1355,2,920,285,128,375,34,581,1125,975,2394,928,34,4311,201,15,213,0,244
340,0,8,141,0,1066,560,1939,532,1166,146,435,29,366,1513,17,1073,1011,1446,142
8287,681,1056,345,881,552,1427,927,173,51,2722,1527,605,984,4,79,406,5164,2067,52
421,1731,82,2749,1,1,89,118,5,2219,1660,2269,239,97,1148,320,2254,1139,2083,43
362,155,934,1195,28,219,3,102,1110,258,1,410,1212,648,617,1,1845,638,819,811
310,1037,1600,18,705,91,201,129,1300,937,264,1459,580,1504,0,302,402,234,185,341
149,316,567,844,282,221,285,667,298,232,4,82,36,194,434,323,438,343,507,442
1073,312,80,1,1022,615,606,867,74,3143,13,2020,95,1483,327,66,881,58,145,1751
293,151,0,808,371,36,49,1151,172,0,887,0,302,305,446,177,2013,755,2487,181
4030,6096,969,2221,4,789,13,20,1217,957,216,561,439,142,220,2480,11,1798,1133,823
262,3141,1,1370,349,153,3486,7,5512,126,21,616,961,413,162,4004,1174,48,1381,23
1303,1724,102,700,2077,382,169,4,1413,40,146,2572,463,8,3416,1,24,3495,193,826
3494,806,104,8,15,144,3110,206,0,517,10,582,731,25,638,117,49,212,2094,1695
75,12193,148,3906,1256,489,1789,7806,57,943,1,7566,108,2239,225,4763,125,5,89,8473
