-1.559392084548884,0.0024240499405055725,0.9459257659520579,0.9069518533840784
595,258,1357,217,634,9,286,296,2897,1177,327,19,1057,3065,1006,292,252,344,1007,1447
42,553,97,853,2145,327,896,853,1835,944,1298,1074,3,1,442,1568,421,696,3736,1415
3611,325,424,583,2,2557,105,6,236,283,284,1071,3,1795,1490,2151,64,5082,214,2888
3160,101,596,485,1487,4647,1,1570,495,1108,654,169,1977,3032,35,149,3034,944,1101,596
223,9,13,193,892,999,756,467,1,33,1670,12,165,2539,571,4289,972,2355,1,1
1,1,70,1291,558,551,529,5581,7,1180,1872,4744,24,1648,203,1475,736,1362,592,574
449,482,7,31,1013,545,156,827,742,620,2235,103,1,4438,1392,1294,321,2985,969,1891
295,217,1047,657,46,638,1224,35,103,948,1359,157,224,89,88,6,1264,7,1882,661
608,69,1105,3416,1358,14,530,827,2,233,198,348,2,8,929,1860,0,451,4017,550
7,710,2315,601,560,18,3377,584,1740,233,1468,1434,190,2212,45,271,524,2,1,680
783,0,1262,590,25,925,1436,1141,329,1881,779,112,761,652,11,212,2049,1191,638,890
134,1310,685,469,3879,1215,2705,584,738,235,1,757,341,773,157,1,21,139,428,422
158,1593,571,1,3495,24,248,284,174,191,1,271,666,407,2110,12,346,2568,2785,170
1597,5,3674,24,24,10,9,2315,235,1,705,796,39,2971,2595,1,421,5,2951,4889
191,286,5,1162,663,5,1585,0,4090,147,2153,1878,92,753,3799,972,213,965,245,2396
757,677,7,2324,911,1808,580,336,2720,4,1829,923,19,637,582,2398,0,4180,2228,1826
1323,328,616,475,90,590,993,165,1510,2254,329,12,278,529,1408,944,769,165,1133,3894
2807,1646,461,1071,1430,1752,889,670,3334,1475,2956,544,1,1185,5,1097,1560,2498,365,1367
1448,2161,10,727,53,552,859,0,385,4,888,2387,374,2473,2076,913,2753,812,697,1015
2286,2079,166,16,1300,1,952,3,5529,1140,951,304,999,203,1309,2924,40,2167,767,0
