-1.2299950302894012,0.05288894849839879,0.8014211385670721,0.909892539059218
223,550,939,41,339,391,79,18,446,162,131,2337,1848,1587,411,291,861,323,337,4
633,145,501,273,346,528,138,957,199,568,1308,212,46,1538,259,959,278,288,817,152
42,97,479,130,701,436,145,4,345,305,276,200,312,1586,120,389,523,129,372,714
522,687,45,27,192,265,611,178,92,228,1321,344,552,730,16,263,779,128,2399,1718
981,21,11,30,334,502,733,387,2052,710,576,1347,468,542,5,210,1065,391,1266,450
1156,955,1810,26,1035,373,141,2315,200,68,488,80,925,810,161,875,926,105,184,4
869,2078,240,55,152,399,385,384,3283,133,2274,224,1227,440,5841,115,403,1966,1859,9
262,422,632,1534,10,1560,30,1070,887,1327,2258,632,784,167,732,2927,797,365,1362,1325
1180,730,770,388,147,620,278,3799,2299,416,739,3328,1484,62,3191,89,3054,1388,367,1254
429,528,307,2,333,263,1386,1910,1624,2033,4104,805,133,1561,3593,509,619,1958,1250,145
24,480,1121,201,79,882,253,2094,1887,856,3885,7804,3439,564,2021,35,861,139,611,1463
15,849,544,1330,632,423,151,2608,2763,2136,395,3951,3578,2444,3251,1069,1693,676,411,845
1970,174,329,6,1131,1055,457,2045,2050,614,6082,3420,1481,102,3940,3690,1907,2980,3290,520
268,800,624,255,2125,20,297,3001,456,302,2502,1411,296,155,882,4707,4993,723,863,900
25,19,19,45,801,93,2032,319,1198,286,2189,5613,3767,970,47,727,73,0,302,850
1172,623,1842,849,376,783,783,986,738,160,248,2866,601,3,279,2692,390,436,2882,563
2314,1168,256,1003,146,805,726,850,669,1562,1187,285,1069,2209,73,831,214,406,978,1167
51,154,1834,5,3820,0,1024,75,362,2535,3184,697,463,554,603,197,1071,56,710,1
226,252,148,1862,4,951,92,999,36,157,167,967,202,3039,728,1065,1475,890,2617,176
53,1010,284,1624,659,239,4112,5417,1297,701,408,1130,637,3,358,330,599,349,2890,266
