-1.2334862518131153,-5.359327112311878E-4,1.007121467615488,0.848339632047249
0,48,0,0,1543,39,957,422,1854,29,415,57,842,355,310,1661,95,196,632,14041
87,2494,439,573,1214,961,652,829,761,1741,130,468,4430,1549,172,970,745,388,653,1087
1105,449,376,119,1116,12,387,213,424,289,1201,1577,280,180,495,373,136,382,1387,526
677,137,3275,538,745,29,506,5033,180,124,592,399,1967,626,62,448,811,0,267,1055
924,3386,264,593,434,295,1337,36,42,382,619,3330,554,839,1625,595,4541,2009,2708,43
447,1003,707,467,1872,1089,1562,233,133,345,0,1482,424,116,248,830,771,856,185,3543
693,2049,1017,541,77,717,2295,26,628,566,0,563,995,130,761,199,11,64,286,147
66,2862,566,1084,141,224,230,194,171,766,247,653,526,1516,823,95,3163,615,24,360
2094,2868,101,838,474,548,2174,238,105,90,270,2915,1210,939,390,982,95,1509,1123,70
1371,28,210,189,334,26,585,583,20,88,553,98,1030,450,103,909,45,890,200,297
1945,25,601,2,1061,318,0,1557,103,0,114,623,493,231,146,9,3012,1875,404,4338
78,344,4136,41,732,171,68,404,2707,662,66,281,1335,1940,1322,2053,288,234,1175,48
772,964,255,144,449,905,778,50,84,546,1068,244,162,125,165,829,298,2942,67,129
334,846,812,2131,418,2128,298,1448,301,2087,605,927,591,1236,157,493,494,824,3375,362
184,4156,746,1360,217,309,934,232,1043,45,1523,350,176,312,926,53,336,1483,318,773
128,4,981,0,920,1828,499,1141,596,1067,148,816,1,336,92,382,7,1490,1207,456
0,292,2321,87,1814,218,374,430,216,707,1771,851,223,670,296,165,128,630,1175,397
513,122,713,854,75,5239,2,421,444,282,500,39,929,307,809,295,1420,20,116,0
55,667,0,214,801,129,239,680,4730,2814,872,5,44,91,1294,297,102,620,45,1058
369,2188,26303,355,24,1137,1903,231,16,915,766,384,7234,31629,543,2854,1348,1522,679,2032
