-1.7944457652099801,0.001418623904873118,1.0325408824644136,0.8514885025117105
29714,677,716,1573,4,278,32,991,587,1,1850,5,77,457,1028,236,1951,3077,12,5549
888,1744,1856,23,675,362,1306,18,983,1495,1671,385,574,1,1031,2838,186,3,333,1610
12042,3172,3,64,66,739,569,2026,367,110,1989,21,17,360,1058,1640,2237,666,73,238
450,1,77,99,935,296,22,8,18,1332,26,1437,4335,181,3,3831,178,1459,481,3616
4,1340,0,3,537,270,80,985,10,273,7,132,41,240,977,2769,158,220,1568,1306
4484,37,90,1689,1178,3,1194,1450,897,454,647,4431,3294,32,2596,2114,68,363,2347,500
669,2362,2,285,466,3,1,14,552,1774,1812,412,918,133,4311,266,30,689,174,4
21,406,15,232,1005,118,4,2806,12,793,874,424,99,867,9,270,50,1001,320,470
3418,1308,973,327,610,967,3152,1355,409,54,2670,1435,363,457,163,7,51,5296,678,230
5,1305,74,1395,16,1,3,831,3,2365,1040,2680,314,591,1410,55,62,2633,477,387
2231,578,638,1009,44,196,1,200,536,12,250,42,1411,667,673,1,1848,671,1635,251
119,590,1262,640,1585,274,0,422,915,1155,259,1131,260,1239,755,13,269,161,40,302
1006,445,636,15,257,2,3,618,335,196,52,52,50,265,415,182,1603,380,1925,697
0,432,96,1,1060,581,2352,482,5,3150,23,1835,1022,597,347,188,36,80,55,1647
117,1,886,609,465,215,2,1311,574,376,1206,90,1706,1679,821,162,1109,1895,1062,2
1605,6121,1001,3592,1,142,407,15,346,1438,224,588,612,465,13,4942,11,974,2235,368
4,292,1,419,76,285,3862,1,6110,1312,22,12,785,667,86,3147,1162,782,2989,22
2031,1880,2,367,483,996,1,2,113,9,97,2201,18,707,0,1,30,3427,1,978
3589,508,144,9,85,1180,2956,146,12,354,959,1275,234,39,312,90,19,1389,1078,2977
183,114,111,2144,1281,1340,1393,6723,130,511,25,7789,38,2963,726,4779,31,1,101,5969
