-0.7205704765916686,0.006659048674671217,0.7960471861379347,0.8585192077865349
1123,847,719,737,787,600,402,693,1411,1479,489,748,915,399,527,676,698,1282,549,59
267,248,1169,1350,757,1190,566,575,715,643,912,521,716,607,1815,644,423,523,453,471
1665,1026,530,1013,684,675,652,370,684,570,687,1170,616,4510,180,419,277,936,298,482
660,892,103,476,1528,1309,128,1319,1224,898,770,224,19386,338,54,1637,515,770,414,444
892,382,208,739,1200,552,1338,748,587,565,489,358,487,1034,578,801,862,424,474,1198
408,342,807,616,1064,310,959,1172,287,602,512,264,688,572,194,155,870,602,602,1440
1020,88,1181,923,667,1379,965,1400,334,893,401,552,695,413,796,442,303,357,747,947
652,78,825,819,871,688,516,895,468,572,1921,705,0,1349,1102,210,991,756,599,213
116,951,90,727,1177,2021,0,804,1210,1673,623,25934,33022,553,147,740,2099,14,861,1352
946,482,599,1465,614,627,649,988,556,636,863,799,526,564,586,348,793,254,282,449
251,1204,657,217,914,384,647,726,1178,292,1440,133,359,1066,238,561,402,212,0,262
530,1224,1183,210,288,1065,677,876,1905,345,1964,983,402,1496,69,761,416,719,1053,247
818,23,821,380,268,147,648,682,400,664,1883,1816,698,656,590,284,213,217,1077,431
340,524,598,1014,1036,221,607,368,166,947,27243,391,173,713,849,578,474,661,891,848
430,569,393,1641,674,691,86,873,194,1166,337,665,785,381,652,856,345,249,825,309
430,680,771,709,358,770,257,449,599,235,418,587,440,267,1743,361,690,617,1440,428
692,562,472,1386,384,399,882,202,1236,362,285,716,765,590,1741,570,902,903,962,175
1953,329,407,339,590,1137,915,184,717,787,474,757,76,988,444,288,357,765,532,758
808,512,61,659,125,1586,671,946,388,230,800,1240,248,176,571,312,162,898,0,798
683,551,493,505,981,1223,432,507,641,1075,225,771,1303,542,824,141,144,622,547,966
