-0.5917067309074802,0.05023209166317069,0.8000829009693108,0.9585747333719149
146,506,1138,356,352,163,1364,422,739,706,505,626,841,467,1182,895,334,660,504,474
686,1188,762,482,420,877,990,868,953,1862,626,933,593,99,1130,944,218,686,339,369
340,642,345,728,484,1110,500,1255,858,654,1889,1148,141,263,462,443,436,733,601,160
346,295,403,799,257,875,845,1467,1403,1009,1535,720,1094,600,1009,622,919,351,296,636
1348,1125,185,339,355,966,717,699,956,511,1127,2290,1148,780,518,543,863,980,855,1145
460,718,871,1105,1455,1273,1533,1083,1589,1749,1085,587,864,833,1794,507,1217,595,853,492
678,724,804,1724,1527,1568,1373,474,1408,4141,1000,3269,2129,1079,1283,1193,763,727,738,787
669,405,550,680,442,1251,1767,846,363,1113,7166,1487,1512,1075,1479,1107,1659,517,1152,414
434,303,662,480,1120,808,1718,1245,1463,1142,979,1693,791,1596,438,1119,2315,285,1076,474
826,275,483,1446,877,973,500,1130,1165,9857,1489,1944,1715,634,2240,584,913,715,898,698
753,575,667,646,1444,1115,2088,2869,1412,2223,1382,1563,792,1151,858,1093,1347,709,844,702
228,1091,388,894,821,1553,840,1681,4138,1450,1771,1710,1141,1050,9598,461,745,426,848,524
808,701,695,875,1503,777,1170,1688,3101,605,1494,2265,1833,1518,3736,1046,1354,590,790,285
579,1327,295,558,742,780,1920,1129,1022,2762,1690,665,2034,989,833,524,742,763,771,973
732,812,351,610,938,700,638,364,753,238,2282,378,359,867,1208,1446,624,1297,893,502
941,588,1204,1020,765,950,519,1402,793,915,1284,904,1086,1079,359,304,856,985,399,677
312,240,317,798,988,700,807,892,311,1231,531,1198,822,1171,1266,761,1189,634,595,874
758,574,850,533,856,1073,464,70,540,763,218,286,841,1408,744,399,416,440,825,477
364,267,679,548,439,333,951,285,664,591,1105,779,940,366,1082,604,613,924,590,1116
499,812,583,310,272,325,495,359,264,252,1273,766,720,722,663,633,388,336,664,876
