-0.48029914554411013,-0.00395552305260303,0.8466959358012405,0.8974389354356372
1207,1410,228,493,620,851,601,158,1179,1217,1102,1349,273,852,703,760,1058,516,1489,362
385,1136,1645,1319,470,815,614,1528,1049,578,424,942,767,385,925,827,384,1038,762,996
899,633,456,723,680,300,1003,542,1051,991,1035,774,677,1256,1014,951,297,412,559,1107
472,634,810,762,680,1577,903,370,723,520,974,1040,834,619,1105,1277,907,402,682,375
340,1494,1445,607,242,403,1286,400,1169,718,651,442,904,260,1339,248,1129,616,1100,220
926,687,838,457,1181,994,521,409,559,724,200,588,386,472,615,920,876,1114,603,687
373,366,274,948,1048,1415,802,1068,508,1375,940,664,1527,618,1246,543,348,1096,579,559
915,604,1039,795,873,679,670,1653,1020,578,729,859,745,892,1091,1239,860,481,1552,1002
1216,267,807,645,514,916,390,416,600,1082,619,390,1514,764,616,1169,772,556,1173,630
965,918,1383,588,853,446,510,60452,913,851,296,642,685,494,383,350,1317,600,1340,627
1414,645,1916,1125,597,529,1233,610,1108,181,273,670,640,913,992,590,1717,412,843,733
606,581,638,689,641,663,606,796,718,681,443,412,1009,504,272,819,732,728,1004,481
1156,795,308,928,633,670,728,763,364,405,1107,1099,421,823,794,751,635,1852,1155,736
551,884,1138,1507,1065,513,1255,586,291,1726,802,743,1034,144,687,869,759,417,446,1146
829,440,189,378,525,1913,940,480,828,616,684,931,1072,905,1088,355,1203,598,742,777
220,912,1047,555,887,1504,1023,528,1456,431,687,1248,840,367,535,875,417,282,789,446
1037,454,422,591,1107,1310,844,1504,446,907,424,1009,281,845,468,798,412,847,442,482
355,1797,834,376,1097,0,107,774,322,745,1081,846,602,1054,504,949,884,1217,1377,583
856,1152,945,880,973,828,1622,566,917,331,839,882,260,539,383,562,1491,978,323,909
343,825,1038,1116,712,1115,711,961,479,1157,937,435,719,709,590,1343,2785,713,796,427
