-1.7953774353135226,0.0012092091290062934,1.0017822381698918,0.8485864082744619
789,24,2613,0,132,36,974,654,578,151,2780,3,121,2477,432,6,197,961,24,1510
3555,904,259,1593,846,3733,634,2,143,495,72,915,38,3098,1408,14,563,3253,415,2565
3649,22,6206,14,1087,234,726,153,1438,308,78,10,84,45,3316,182,4102,2,1182,72
116,126,1036,74,90,34,703,917,771,302,1149,50,4236,167,52,4624,194,5978,2158,4163
745,280,420,145,135,72,421,243,1030,1244,332,2,1182,113,863,1511,2,65,312,2375
3997,2,961,3602,1984,517,276,5,1,147,16,1130,899,834,26,19,2568,8529,32,4404
227,0,1,702,1711,315,125,210,294,46,4725,1,888,1764,1826,344,1,170,8,1
2574,3511,285,1,1,5133,1575,91,516,1,371,296,4,394,114,506,641,296,990,440
839,174,4,204,47,156,119,543,377,1234,92,1529,1086,443,1981,1138,1,73,3137,100
699,1715,418,374,266,1,255,79,141,1787,1706,45,221,72,450,148,53,10,51,319
442,302,129,27,186,38,3426,121,319,503,189,394,2698,811,46,5221,19,65,318,2217
3526,1862,266,593,856,1510,270,1,2,874,181,437,203,3946,143,1420,92,6,261,46
112,68,114,1,596,5,496,0,580,1,1,465,1544,292,136,4851,5612,3,16106,311
15,132,2999,2051,19,173,349,62,0,1943,1,2639,2270,334,970,637,8,197,144,466
218,457,33,237,458,1653,326,13,1110,696,61,1993,106,292,64,2,2620,7375,154,1788
3553,139,288,219,7,1,1064,105,19,15,12,149,275,2460,625,743,5,268,779,106
2493,12262,1649,4939,80,707,656,675,673,1293,0,83,410,0,25,54,681,1670,521,0
1824,526,246,1492,488,2632,143,1175,14,103,2550,24,274,482,3125,1411,581,1,4489,3
13,105,4704,479,244,44,319,673,1545,40,306,1862,1011,38,2653,257,1869,99,4105,3871
883,73,11799,1724,370,1379,270,2300,12,635,200,977,723,128,69,7,1659,81,18,1139
