-1.1853474728086262,0.048488580844714343,0.7959555505339815,0.9078831521769944
223,548,805,137,296,211,79,74,2,150,131,2337,1848,1673,378,261,997,0,301,316
484,140,1074,355,660,384,535,0,43,568,1453,156,46,1657,0,1084,235,72,829,160
120,23,494,129,672,436,145,5,124,139,219,49,258,1470,115,542,523,129,62,714
320,687,124,12,201,614,629,661,57,217,4358,209,165,686,0,644,476,693,2455,1775
335,50,11,47,507,705,1022,373,1994,280,455,944,430,542,325,192,161,547,976,502
1287,1525,700,659,850,555,947,2003,110,62,493,684,1614,612,175,644,3846,364,838,17
1005,1270,208,202,1,182,479,368,2869,88,1816,52,915,2180,5864,81,396,1925,1867,7
723,25,536,1552,7,1602,227,1071,1085,1327,2553,729,784,280,145,2938,693,335,533,589
1180,731,491,394,247,361,506,3799,2299,416,739,3424,1168,62,3150,154,3806,1381,0,994
67,521,226,1716,478,441,1256,1460,1626,1840,5629,862,157,1570,1953,593,623,1720,1250,145
24,454,1121,201,139,235,253,1960,1887,856,4016,7804,3655,1364,2015,195,803,131,206,1560
15,1103,544,496,165,461,169,2608,894,1955,187,4260,3618,2925,3257,1069,1628,963,641,812
1412,548,323,427,1172,850,990,4365,2815,705,6082,3168,3272,348,1461,3757,0,3108,3290,1452
268,333,262,441,1774,68,160,2829,453,1212,2327,1047,236,155,1041,4707,2631,725,665,911
192,71,117,51,1600,189,2032,263,1445,202,527,5577,1520,849,24,2096,36,0,367,1508
848,684,1873,849,418,845,826,671,738,212,219,2710,844,454,170,755,498,436,2525,563
3031,1166,423,805,143,664,1111,755,669,3743,1187,280,877,1429,153,1378,194,406,692,319
43,154,1834,26,3797,178,1024,75,362,2716,3200,321,324,575,540,238,1071,68,710,1
201,3,139,1973,4,81,235,1376,126,172,308,882,1124,3039,760,789,1538,755,2137,185
41,160,142,1591,690,642,4768,5417,2127,602,421,1596,1682,44,778,101,716,349,478,266
