-0.7902086059432184,-0.005370784633839675,0.9788085504990305,0.8517607576496695
569,1083,596,498,874,808,742,281,427,923,1257,578,1579,1110,452,37279,953,507,339,58
1487,338,609,692,632,340,517,375,327,279,897,343,579,58,430,116,523,704,580,1067
496,306,677,663,598,599,822,799,1503,146,778,1231,1080,130,521,200,0,353,146,312
330,363,204,711,98,590,901,265,459,460,466,674,126,470,617,623,880,241,421,1712
107,366,607,1054,806,672,763,252,1258,481,31,841,7,144,659,566,1420,1078,661,546
132,376,607,808,780,610,1458,544,1081,787,1359,491,884,588,235,1638,186,334,258,689
709,454,478,483,15134,305,242,0,885,272,833,1991,276,196,1627,626,686,1369,878,88
1121,385,679,981,520,446,970,690,762,138,675,342,967,5301,745,605,0,954,504,404
80,506,643,390,543,774,363,955,1240,751,5779,980,482,389,868,800,348,510,783,1498
942,11171,669,461,1614,939,866,327,780,773,1302,1363,565,256,471,1108,731,278,925,655
618,221,814,242,560,851,274,446,169,6694,436,200,488,993,1397,361,467,302,15,887
571,286,293,660,369,670,1183,1158,487,641,346,602,886,345,666,430,510,1178,664,9175
327,1546,1542,994,321,735,94,161,708,521,457,670,544,514,1044,262,291,247,592,273
1206,598,332,608,484,155,875,658,637,685,23,697,968,687,875,1232,763,994,689,387
434,1128,297,540,1413,711,678,956,2300,380,1148,577,468,303,1,1115,363,592,776,598
439,1132,216,825,0,220,0,898,1201,620,978,1086,530,201,999,874,1772,564,444,149
1209,510,429,77,493,1800,459,330,160,713,911,721,342,545,84,468,511,1056,309,886
571,821,917,888,406,424,1154,509,675,280,416,738,979,632,464,530,838,1283,496,237
22376,343,481,544,1416,308,712,984,564,669,280,280,277,1049,321,645,669,737,361,1143
546,909,519,629,162,619,588,399,725,49,1098,1333,463,22064,707,350,498,740,1159,320
