-0.923216854101832,-0.0014257387409845185,0.9177919481454146,0.9478298684661727
2265,248,1140,1628,215,542,1943,467,11,702,969,1175,40,25,739,353,1207,2306,44,2511
33,1278,2925,1397,991,215,2930,156,848,442,1066,369,145,202,8,301,138,1130,917,611
696,350,1039,375,1358,1294,155,319,763,66,826,664,652,472,2481,591,313,823,727,753
247,835,716,144,914,839,1607,60,834,2209,1110,546,877,1018,537,2045,1026,332,2156,810
721,1848,15,2791,1938,298,1320,1104,1061,552,1391,1009,1848,5561,1532,323,280,1638,2098,387
1195,480,969,412,13,494,908,298,78,1491,706,1491,1049,1146,1886,743,522,2153,1162,3013
518,264,882,2567,1344,461,992,1433,4333,1168,938,541,404,442,1102,2046,180,1446,1182,783
1307,413,802,354,944,34,292,2027,129,349,72,82,1093,3,3013,368,100,792,394,1117
1397,921,81,180,2976,1334,1292,1757,857,418,404,1483,248,50,1166,34,1017,599,701,1223
558,2186,106,465,2903,514,2044,252,1438,656,1623,2123,1015,1935,650,167,536,31,1442,639
2497,1617,1197,732,1687,1544,1719,1185,1499,453,377,1597,2714,740,157,664,1080,526,40,1297
1195,2241,388,935,318,200,2059,255,824,2434,1317,1725,602,2407,415,7,220,365,969,2860
3574,223,950,1566,2170,792,1126,454,422,1231,2349,1235,2842,1649,123,998,287,311,1488,679
985,347,3628,453,282,1279,399,574,1048,734,611,885,1776,1527,691,216,1145,758,13,845
1993,520,907,111,798,86,272,832,756,520,838,485,620,896,903,2796,256,123,554,1234
58,1155,1889,1105,487,1060,230,757,1471,829,71,1700,2033,1244,1540,1649,235,814,759,1814
61,346,1273,508,4,535,854,637,957,1233,8,1616,1,1443,1090,400,401,1515,108,1138
2233,1313,1442,370,279,1790,52,601,822,1241,1797,1661,1130,806,1818,520,429,1002,427,987
182,1652,3794,23,2654,935,831,1045,850,427,2072,676,2033,1853,318,1111,86,38,857,2339
274,1264,1244,275,140,772,713,1107,288,935,1241,21,732,1285,293,1914,562,0,1561,1636
