-1.4959210180433005,0.047365762100680935,0.8086216108476694,0.9085555109824662
1804,719,2330,128,127,1370,1351,9,1,470,2,1927,1080,8,362,1116,563,35,4,3
415,170,546,1050,172,278,363,239,112,600,62,3,159,664,547,39,882,396,257,930
127,488,2,54,948,697,908,93,91,1935,1395,1227,3,2268,51,2,506,285,38,3797
1533,6,654,108,118,337,631,162,1754,2701,717,154,326,1421,245,1,1921,223,1778,30
2906,156,1395,615,26,1240,1672,120,17,360,27,827,4556,140,38,889,13,522,879,8
452,2912,239,197,18,503,3,1281,358,452,281,1394,34,93,1409,2220,499,180,1384,403
2,409,326,26,1,1332,1114,1612,1132,857,17,1405,1043,1275,1827,1687,1057,99,6,581
221,12,714,126,226,1379,406,2490,3489,1524,115,1500,2,2805,160,1460,2973,124,1438,116
588,2,1084,1507,1582,977,1090,3311,642,2922,1618,2008,1263,174,4095,669,2061,925,304,98
29,12,274,1872,297,836,1923,3009,1562,3679,2379,1781,724,1592,4525,1005,2075,7,1375,576
5,15,1509,323,1570,1,147,3010,3917,47,3274,3062,4458,39,1428,2407,19,1762,41,1112
1,65,1214,4035,1259,937,1360,2229,1319,5194,4389,5898,1853,852,158,1636,671,37,43,1037
1,2,27,1969,2442,224,1184,4010,3815,1906,4430,2027,5998,553,236,638,638,1220,2462,422
674,2661,303,359,1257,745,225,2237,794,2,350,943,598,404,630,798,743,61,12,1502
653,1162,578,275,183,20,2392,1071,1516,166,1669,202,1763,8,65,1112,746,10,773,664
772,2003,48,380,121,451,1640,2435,2063,837,441,1005,667,10,15,1602,166,221,521,311
1116,889,1415,531,21,1712,2353,677,508,194,106,1544,935,1981,145,203,639,618,15,1901
434,638,15,1569,300,32,730,189,4,2185,30,1616,1830,10,1327,1967,142,223,231,357
1628,3,295,2476,642,26,2,538,2473,294,970,843,2826,4102,3219,962,123,1363,207,199
47,1371,1333,408,1950,2245,161,28,663,489,109,410,89,2722,893,905,941,1234,816,339
