-1.4989693364227374,0.002406396465645053,1.0377185187229387,0.8487024780092519
24444,163,712,2481,3,8460,743,68,388,156,819,666,127,275,1028,1182,472,854,4004,7424
524,1106,1162,145,0,103,789,232,116,1523,2036,353,4,398,174,1256,5,244,877,3261
12999,5861,28,422,646,2235,512,289,10,252,201,136,243,1594,547,3,2504,472,175,631
79,92,8,235,142,396,277,1883,8,1001,103,219,4,779,41,3731,0,768,1139,3943
951,736,113,0,16,13,507,451,41,371,158,429,77,0,41,2175,1733,104,1264,0
1719,155,3328,2096,126,139,76,102,931,205,2714,374,97,2647,2781,486,1,0,673,2141
602,2765,467,0,199,29,2,220,870,289,419,291,3540,64,4912,20,713,180,46,216
1,263,1272,966,1521,1621,151,2216,13,453,788,2512,266,124,358,627,400,394,125,2995
495,187,275,118,453,1237,2105,773,183,3424,738,202,0,399,41,6,228,1775,1462,123
17,1815,98,1408,228,78,116,1504,561,823,2029,94,2607,55,102,1909,95,3915,814,27
1920,72,105,1059,2060,101,24,50,968,29,34,36,1594,429,107,1003,30,406,5358,218
202,94,29,105,1592,15,499,223,397,1992,208,1260,339,1073,86,93,562,1028,136,102
0,1047,213,677,331,727,119,3504,505,178,1205,1067,39,211,482,212,176,0,60,309
932,156,349,458,1200,805,412,40,21,5808,102,1397,3070,46,156,430,84,405,1422,3151
68,1448,532,704,269,489,9,787,0,574,1893,94,3658,547,806,373,564,1711,545,470
1619,5236,183,2117,0,47,3544,197,342,158,455,31,389,1911,28,2040,332,1414,1653,0
50,659,1,256,241,5,0,79,5369,60,364,709,0,2458,924,2378,199,239,790,884
49,72,153,446,522,1237,146,358,2468,91,1596,59,3,195,5032,663,658,3927,72,4006
6598,3462,254,0,142,2323,3582,1043,1,420,324,266,250,104,117,0,466,0,2478,4553
714,69,402,1257,205,35,109,7217,135,790,204,5446,111,2040,0,1605,35,568,76,3803
