-1.025824363796604,-0.0020934672999986083,0.9475839294493955,0.9261685852334115
408,2434,575,1477,1107,4845,0,313,2120,2205,1378,775,576,2193,231,1168,2037,514,2056,1146
298,46,522,670,796,880,769,1738,3441,428,383,586,106,642,177,840,179,976,2412,491
1026,1264,699,873,561,1327,53,850,373,1699,2080,133,1487,793,91,832,984,3294,1566,61
33,814,5470,2254,416,1289,119,1111,645,2765,1163,1039,188,199,3198,3424,1155,1143,78,615
1951,450,0,0,884,1464,299,0,570,519,327,1994,152,1928,98,2381,1999,1111,853,586
326,188,719,896,1849,205,1402,1563,111,287,159,161,341,179,265,1862,447,591,1335,861
213,3499,1812,1206,2895,214,2676,18,478,1191,2081,707,758,31,2380,1762,1362,1068,5107,563
1988,1071,1790,548,561,523,319,1097,623,512,582,520,282,3094,741,271,2348,411,39,1337
110,1229,891,563,2788,1388,607,527,1072,693,456,324,1077,444,227,3873,507,923,802,383
96,107,1430,683,57,2438,789,166,2189,628,1665,58,371,0,63,144,886,253,340,1015
135,427,287,222,429,1339,3551,106,292,0,510,27,601,508,89,1549,972,933,1746,65
22,161,132,1138,304,1122,1314,1335,996,2016,987,527,529,283,374,146,0,970,1139,1339
2466,1487,113,2006,0,1467,187,2934,230,198,0,1416,14,228,85,1439,127,1461,1185,173
714,126,112,1804,211,6,2177,172,2051,645,260,697,1547,351,1092,12,2598,971,215,1034
26,497,2102,931,47,302,270,315,3759,145,1684,2479,141,691,161,4020,327,146,1028,669
925,69,1239,1375,3953,130,851,167,235,4079,2438,3871,1152,424,791,1448,800,608,295,698
1194,471,394,1071,59,793,423,0,425,1040,1566,386,3896,488,453,304,298,2444,1842,577
1771,1743,242,1656,164,1462,503,776,1754,221,1055,3627,1288,0,652,3234,1702,169,2822,1438
29,517,537,883,1124,1860,121,512,21,1,197,1485,255,304,928,267,45,379,1578,652
3373,2060,24,0,732,111,1038,741,880,533,1844,1458,557,464,3525,314,4633,474,3328,2125
