-0.7032176530861292,-0.002234699015067381,0.9442568845658088,0.8995144818154065
829,718,1332,797,435,1826,477,1396,232,22,406,86,812,630,268,2564,309,44,594,324
537,816,850,348,711,255,546,1088,1437,766,1494,1352,736,183,1075,491,444,1058,849,770
61,1182,1139,428,1055,338,799,749,1694,819,108,227,558,180,480,398,1531,1981,1248,42755
805,706,321,943,991,1331,497,1144,605,304,955,412,1542,900,876,311,777,963,882,119
743,0,481,642,633,586,673,957,311,1162,476,996,532,444,170,164,253,778,1100,858
584,0,934,1042,883,1193,623,2373,517,247,463,411,854,467,1210,1108,509,1185,502,666
457,212,514,1069,288,856,950,279,2620,585,576,760,842,864,807,404,459,992,1320,107
737,22,944,546,1443,373,569,53,852,212,296,775,337,867,291,1070,306,304,1605,1367
1161,1186,877,956,995,1783,1208,1167,1080,1356,485,1588,1590,526,18037,691,1007,802,410,1152
288,189,80,1518,412,933,747,293,1643,200,888,651,996,219,1543,1377,1942,552,1107,886
730,1329,1578,528,1679,1797,435,421,13,1051,1677,763,718,558,326,685,865,1074,739,857
1923,1027,454,415,904,548,478,421,105,987,980,931,1000,709,738,174,204,169,958,769
1351,942,1022,710,730,499,743,1258,372,901,772,745,1943,395,276,1682,173,1828,790,189
357,797,829,782,352,1238,1032,981,435,104,953,1124,308,913,1244,604,394,515,178,691
212,456,834,441,1000,1652,1137,527,248,1254,837,1075,73,776,2062,344,425,949,649,567
771,448,500,1038,762,865,611,2242,1111,653,344,2321,1291,402,133,245,1459,819,1867,183
708,684,869,1532,139,63,506,790,889,1153,649,1925,449,987,227,756,143,720,582,433
822,918,1384,1207,0,1350,191,1000,265,1320,469,459,265,382,299,627,433,2241,154,91
983,1100,433,1108,1394,1412,1097,583,272,745,783,977,1262,747,646,1142,623,217,507,1355
1559,413,245,2723,1118,407,797,455,358,498,2403,596,1019,1042,1230,892,1253,730,38,744
