-0.9943471106172264,0.04646246265561336,0.85413970515119,0.9029948470241769
242,1694,226,605,333,0,809,2251,90,102,1765,1995,512,305,621,822,323,644,213,233
152,493,1206,157,243,1362,845,174,1329,371,83,81,1800,311,0,488,308,777,716,549
537,1257,523,695,227,254,680,1421,1315,0,0,748,3060,904,1810,208,980,758,0,599
46,841,1508,225,896,1238,569,609,669,487,395,115,1251,833,84,2318,482,751,373,0
258,800,499,181,0,348,475,1476,217,560,16,122,1381,407,6,975,458,637,341,774
1969,648,809,860,315,1310,150,90,587,136,1019,2449,194,583,761,1208,622,610,885,24
893,845,3768,766,1140,966,370,386,586,148,856,378,629,1387,968,492,132,5,1308,679
312,2544,640,214,1072,995,208,448,239,893,1616,198,306,2523,1801,226,821,521,114,243
740,6924,1097,275,2435,270,977,1549,878,1237,829,574,279,66,1185,7139,787,263,836,641
178,702,709,913,501,1698,298,1700,770,130,365,1971,1373,0,1604,12335,865,59,4351,62
462,408,1244,16,465,886,774,1304,458,704,1085,0,41,433,6005,5691,4597,9307,0,107
1291,974,705,1093,1505,89,495,894,763,1576,569,915,1124,272,420,1723,12277,954,638,3857
1433,512,231,378,184,71,1831,2566,231,252,65,88,765,1226,400,9052,7805,3183,622,4205
265,1271,94,114,235,380,580,1507,29,633,715,516,263,1253,673,1476,1166,2817,1272,0
1148,725,722,385,2191,354,1045,1385,1376,1915,713,790,1540,567,741,1266,442,1198,841,32
742,1301,592,330,299,172,434,342,3590,0,810,560,848,164,959,793,1088,0,572,1577
728,216,258,1194,6,286,654,1992,1331,1437,134,304,496,129,1288,1850,4822,735,1561,560
778,785,242,1600,674,2604,2517,427,516,705,124,207,880,1566,1029,1032,27,627,49,659
131,136,526,812,296,341,388,762,421,1911,615,1935,1374,1851,518,973,266,97,1029,235
740,760,637,262,438,623,702,235,1154,446,47,108,45,1460,2034,585,628,532,1268,202
