-1.3082838961287158,-0.003555003388004227,0.8742421968483308,0.8485796995867684
1340,120,161,804,4005,2129,234,156,228,1083,2526,605,1696,28,3031,2250,713,146,44,75
58,238,3970,905,995,878,4339,887,607,0,131,3605,211,11,1717,353,1552,1217,24,511
1043,1030,461,1117,1151,69,430,1704,1747,497,0,596,449,43,229,47,1241,114,175,433
2,835,145,936,3359,3785,113,284,7,656,291,59,774,293,588,87,180,45,124,1856
263,483,741,18,0,288,658,917,737,462,130,762,296,1610,911,294,2616,375,1375,0
1106,120,1609,616,0,24,1324,919,304,2574,655,177,274,143,1079,2300,1071,29,497,35
667,589,75,411,211,162,561,69,1424,947,1646,4755,7,325,45,549,2821,763,470,14
778,22,105,63,767,302,1563,2966,1559,79,5,3012,462,253,2714,640,336,557,359,3059
2097,379,59,808,6106,413,938,1476,893,89,1,451,726,86,937,574,1004,6125,23,14
51,1055,407,149,551,2435,169,0,374,732,347,993,752,2375,108,64,430,59,166,285
368,1557,86,1545,524,139,83,1527,449,2074,1195,103,473,1321,88,0,438,397,158,92
240,856,4558,406,505,1548,12,904,212,14,1800,12,39,158,3929,123,5918,0,934,120
117,1058,1655,1938,139,458,0,584,128,363,1175,2031,1831,382,281,86,367,484,235,2054
941,140,1744,945,3056,241,67,2823,601,2088,60,1789,0,445,1374,2,323,745,472,5670
391,2256,486,42,45,329,881,23,1180,7,1057,32,3059,2,604,255,466,691,1944,337
292,941,0,1235,1751,931,541,1923,489,939,1516,49744,817,673,1158,681,213,2378,810,1346
91,837,1292,1834,41,1438,637,239,3604,1822,77,555,150,429,347,809,377,1203,1007,804
2316,830,639,1367,266,306,1,156,1801,1768,1397,14,212,0,141,117,727,170,75,325
472,427,2284,971,10,139,2028,11,2927,273,1720,59,784,416,270,847,1559,499,89,266
0,176,0,1690,1608,1237,120,1306,5626,331,333,441,110,156,64,37,1698,150,245,1382
