-0.8800633435926606,0.047920328141181745,0.7810576703348583,0.9029186486617471
650,575,596,778,896,387,618,301,930,441,780,904,1846,236,314,423,872,427,924,129
1092,2498,141,278,947,212,188,2071,688,455,1263,777,506,801,409,131,402,347,598,162
342,463,716,1064,3099,151,1207,813,497,993,679,1159,1487,306,213,216,95,270,796,428
1587,254,715,324,340,468,466,992,1117,807,624,471,328,718,814,1755,63,582,514,149
556,94,536,449,482,839,379,655,137,351,199,1241,310,471,787,318,1385,7058,2715,978
397,75,407,2708,928,0,724,74,272,150,468,732,271,575,717,875,695,666,594,972
683,661,358,1586,748,1279,794,959,1180,728,195,856,417,636,320,822,320,509,430,361
959,552,228,1755,232,888,82,1092,488,291,729,967,1053,732,1429,111,812,608,1291,229
686,774,735,2082,589,369,1171,1033,2853,320,6766,1065,1206,2196,2093,259,234,149,267,584
102,589,246,340,435,712,235,4235,3020,8356,7041,1037,783,232,903,746,2851,666,366,1568
714,307,1357,670,760,443,650,4481,1174,522,3681,2226,6462,269,574,358,1317,1964,533,1251
811,750,279,176,570,70,764,536,2261,9840,956,9250,729,1904,3392,140,851,185,1533,818
746,477,319,875,424,2582,987,323,11271,13515,594,8155,3099,681,1102,399,619,175,708,0
284,338,318,1224,89,390,7364,4535,857,1201,388,22,1272,141,1147,404,534,702,311,369
472,273,328,818,461,417,453,1406,335,595,397,547,739,185,140,252,2330,378,253,486
652,967,328,466,56,212,862,1323,1185,504,490,349,876,561,174,169,1465,186,397,442
885,734,2193,178,418,318,337,1785,567,63,756,227,710,739,632,928,147,921,270,178
1476,159,825,678,232,285,1481,383,77,947,934,1153,533,646,387,1374,520,1032,435,220
739,458,772,817,206,753,828,223,343,291,1504,290,673,395,522,563,675,221,1085,755
450,1108,474,1006,936,386,1032,593,1362,910,80,1662,460,377,262,637,1102,1136,440,1358
