-0.9513031134836236,0.050493492255369,0.7681909837825079,0.8968394904799932
672,577,879,778,946,2,547,389,857,441,678,361,1520,213,24,370,877,851,636,129
1042,2015,74,315,984,205,607,2071,337,657,1299,725,811,504,734,122,457,244,424,161
436,734,507,1072,2426,138,759,814,240,841,728,1023,1332,321,202,401,489,188,1096,428
1629,118,687,205,374,305,766,920,1748,442,388,387,424,692,837,1213,77,495,96,116
470,100,535,499,277,742,656,745,97,444,199,1299,257,460,559,298,1311,790,3530,656
533,75,672,2661,725,5,433,73,1046,888,447,639,168,443,805,581,677,415,538,750
921,1263,363,1185,208,1374,754,1126,625,643,21,992,896,2009,320,664,0,516,430,525
736,707,190,1943,1803,999,140,463,829,399,1178,748,1080,722,1887,212,567,549,1836,192
556,355,770,1877,589,135,1171,1139,3017,17,5391,1161,1205,2326,0,282,200,401,424,2739
102,349,164,375,420,174,386,4322,3279,8359,6825,1036,834,472,748,722,2499,862,806,344
939,291,1498,376,543,374,548,4577,1169,522,3759,2548,5576,419,523,316,2047,1716,780,956
645,694,243,429,532,71,737,499,2261,16171,982,8914,735,1372,3264,82,1014,184,1366,815
1064,629,87,875,646,2582,945,363,11312,13645,303,8257,3099,684,188,399,626,243,482,0
1060,338,313,1157,353,273,7580,4535,1650,1245,405,22,1467,149,1116,1211,514,521,474,302
401,876,328,702,513,326,380,839,757,825,397,238,713,185,182,178,2359,378,253,345
652,1184,440,339,57,73,916,1274,1160,504,560,248,998,287,150,148,1465,124,791,253
676,2106,1218,167,442,456,337,2327,567,108,740,354,710,366,587,1185,144,959,255,178
1568,76,674,468,230,285,1882,403,77,1303,880,1004,520,983,278,2012,657,1043,439,251
739,458,1160,63,190,710,1009,15,343,250,1699,324,751,395,393,367,808,221,959,693
450,1184,475,449,936,759,811,605,2098,769,134,1596,494,474,399,718,1113,535,902,887
