-1.50616322262882,0.05170028919141281,0.79637032943036,0.8923625128614713
717,531,727,58,61,1241,83,752,316,175,90,2757,2888,234,331,49,506,471,100,1
1788,78,75,187,429,211,3,653,5,655,0,23,0,1190,895,684,356,1051,243,60
43,0,633,970,42,69,1,1,369,472,554,69,1015,1743,1532,19,918,54,284,670
76,361,122,80,100,664,790,411,21,43,742,441,708,307,14,465,689,627,2981,0
1364,433,53,28,623,542,656,26,0,614,1179,1194,978,124,124,115,1058,440,3074,0
1065,12,1637,3,626,138,58,1527,142,12,853,7,12,893,0,1744,1520,27,96,2
1026,2162,102,852,249,625,435,716,3440,322,63,158,1805,1959,7633,87,276,1315,358,7
431,40,502,1289,9,1365,8,6,184,754,3385,956,861,25,676,2979,161,72,1067,870
1214,971,38,212,349,594,144,4439,1662,690,672,3733,1672,66,2805,2,1168,877,4345,1127
2,334,360,324,495,2717,1737,3152,917,2051,88,742,179,1552,4167,1083,722,1641,394,241
41,322,557,1388,230,338,1116,2336,2843,355,3308,7660,4550,494,1899,34,499,52,56,900
159,904,764,892,1405,1,38,1226,0,2152,2940,6934,3853,1286,2888,1060,3533,979,164,200
2113,166,117,184,234,0,720,2179,1804,2217,5362,4335,2706,164,4773,2106,2905,763,4187,423
169,225,784,673,2123,15,35,225,1788,385,2714,1031,594,247,2040,4774,3217,873,1255,48
1,2,54,6,1106,0,2267,12,2470,75,3127,5304,2737,1011,1381,2597,208,6,302,188
1244,254,1767,4184,1116,418,120,2014,292,380,411,5232,64,2,2,1680,0,42,933,695
3143,1957,22,234,745,926,577,474,243,30,661,339,568,2067,819,1163,2,155,678,1095
46,241,674,24,3460,269,856,1237,1403,2173,2361,451,5,625,596,568,925,149,558,1
385,1,106,2580,410,757,99,1454,1,185,453,1051,57,2078,2389,1142,1300,825,3713,349
1576,810,187,1453,611,480,2854,1808,1180,330,1276,610,1111,2,522,39,245,100,2717,338
