-1.177683964066702,-0.0013486606856778275,1.0502631921544545,0.8494057466555253
27730,254,16,2791,703,843,776,84,299,173,5452,538,1734,1951,329,649,255,829,964,17480
433,1108,434,548,5586,2050,431,996,36,0,631,98,1128,357,113,0,599,1442,1351,666
353,8,320,17,264,838,1476,1308,123,84,61,341,662,279,6671,61,1612,1027,462,308
570,443,245,389,577,1547,574,4003,27,122,711,2944,554,2586,753,360,1178,172,169,349
75,512,384,949,163,269,1389,5,432,69,765,320,497,86,0,1115,1071,106,2517,1685
1550,1673,949,284,464,2093,1957,168,409,760,588,274,82,407,1522,3665,2244,699,501,9
518,1452,1033,351,445,531,165,73,79,220,340,161,561,3886,277,368,127,17,1241,2070
433,127,1082,720,64,130,182,2378,416,286,2,2011,309,148,1281,1282,4284,309,25,886
389,286,102,220,203,810,786,0,86,138,0,1039,1424,51,495,148,148,124,700,423
1156,801,669,93,57,508,1878,1234,757,269,1648,336,1679,132,303,377,47,72,327,2987
215,489,610,179,731,309,636,47,411,141,1663,364,487,70,243,62,4344,795,1427,3829
179,355,108,345,116,1289,12,920,638,945,38,397,999,781,657,131,5,1144,401,834
756,313,21,296,1443,766,384,227,1025,2729,1382,124,1127,162,1286,331,145,974,581,468
964,1731,1337,171,852,773,2445,109,813,690,540,1092,13,261,927,247,390,814,891,526
516,175,37,716,922,0,1714,197,108,176,523,784,461,434,1247,521,1321,1554,560,1620
124,673,583,644,94,487,72,784,24,3039,62,108,789,1462,3394,1108,2566,1204,2546,966
478,383,727,1080,946,145,23,390,1314,87,1666,23,370,4016,755,91,0,697,118,394
463,542,737,443,1210,169,21,623,101,1648,2360,491,3214,1590,0,133,1319,127,1705,233
541,469,640,2136,283,47,195,720,1670,337,119,536,153,713,487,399,65,222,2005,379
1534,1335,30827,0,2579,113,279,1005,1791,2335,1920,39,0,718,689,299,369,54,397,695
