-1.6654749772424136,0.049597333253856686,0.8995510655238476,0.8872997433902194
581,1180,2491,917,601,236,1431,1095,850,435,3068,1,741,852,993,25,2461,1168,3724,1960
396,961,2428,231,51,406,2705,83,675,173,742,4376,3029,75,27,148,869,542,59,798
1,715,1234,39,230,102,12,1376,529,179,493,1079,3909,164,1023,2734,349,1958,1978,3185
4,476,1822,20,5,463,205,370,949,263,25,354,13,277,214,2,1086,104,2923,125
1088,1,484,161,378,2562,1604,584,49,1,483,198,1348,1807,407,298,1345,2366,1549,1833
899,2871,1,944,106,725,157,606,1,70,346,1,1526,1014,1825,844,198,950,201,1020
827,945,12,85,580,312,1,180,414,184,53,1,2267,1130,42,36,1,1755,1641,1265
8,150,296,148,566,411,1037,185,14,15,3145,2444,662,10,59,1520,2556,1749,1406,1172
85,2081,839,1853,0,373,103,116,455,1139,2246,23,628,56,165,1677,2,2,1508,222
129,243,878,1191,5,39,1069,1,21,1,774,498,14,1310,4605,3379,0,11,283,20
1084,152,1890,36,2643,1623,0,67,2272,505,339,1387,479,329,5930,4924,8355,3354,6209,714
72,193,21,1448,1261,464,1325,1327,561,887,593,15,912,1728,3201,7344,2487,258,504,22
243,822,141,1818,65,6,343,598,8,76,1120,148,72,43,13,5551,4452,9,2148,2814
281,5,1759,143,181,430,113,2161,232,533,1,143,13,1251,20,3889,3499,3352,2277,2416
3842,16,1257,1066,1113,2499,10,110,304,354,1,153,835,217,1014,82,5439,3782,784,1770
1109,945,42,53,154,274,70,394,152,3452,39,1908,323,2712,185,1224,906,235,1273,8
1144,402,1,1309,706,837,332,483,1146,1736,94,942,21,1523,2495,4611,484,989,3825,1035
684,192,457,2,76,570,1731,323,415,217,189,602,754,917,75,1239,2584,1,175,1903
566,36,1,13,55,1,1417,84,13,5937,301,381,1358,724,60,3620,8,197,1182,578
87,568,194,636,124,1084,3734,866,114,83,2223,26,2583,21,1491,2863,2937,1,474,14
