-1.3770005523971298,0.0034772902893602637,1.0527009222367483,0.849941906569798
35686,187,50,4456,1615,1155,88,157,766,743,4504,194,252,2356,1881,230,908,266,651,4710
459,36,744,1021,774,583,23,100,358,74,174,34,164,332,104,504,1490,1274,312,0
12997,1633,75,967,86,1093,1526,885,468,1711,116,0,62,34,948,1956,1164,24,761,1840
338,14,19,2884,7,1686,39,23,368,486,53,1456,201,27,237,3781,237,451,3462,7474
139,2070,835,433,2053,389,104,270,424,2155,1077,810,29,600,139,1665,2794,2506,3,1068
546,23,656,1350,1856,0,3209,843,130,453,68,437,16,724,881,3419,42,541,610,859
1879,165,78,1722,1134,862,40,1559,963,713,362,170,313,97,3996,532,197,2466,1342,55
734,425,1126,1216,1880,37,309,95,1099,2847,63,1625,482,786,262,2001,854,77,230,468
947,2548,298,254,643,2074,313,741,711,2129,755,1617,514,69,9,5033,0,1942,725,619
513,1024,2522,97,284,207,32,113,656,250,0,2723,555,1387,2549,73,310,327,97,62
74,537,1178,262,76,589,867,601,2043,1068,550,48,475,358,528,1,115,73,133,664
331,210,668,2296,272,1336,194,1075,1394,62,98,1669,26,180,512,425,197,803,152,713
115,1936,1708,330,101,32,745,12,509,449,104,992,589,557,371,556,823,142,6,2
560,131,1081,1781,3897,3,198,776,145,6,46,22,461,95,446,3,58,10,230,69
41,2370,96,216,799,390,1507,107,737,91,1630,889,208,3504,209,28,316,735,371,1308
678,278,1250,95,1002,438,71,326,36,354,513,534,30,616,108,165,238,635,980,107
942,2690,779,100,31,325,0,432,2970,1019,136,0,844,538,16,3,564,1383,779,37
1447,300,0,4867,2354,89,93,340,370,442,248,0,958,586,85,310,1907,516,2038,2557
1471,117,1392,110,451,341,77,15,329,911,103,425,2465,486,7,1287,75,6318,1395,745
1023,886,150,2193,1875,1467,1444,75,0,40,805,13240,582,554,163,5901,2053,2464,1687,6944
