-0.6844019800849273,-0.004080864739187278,0.8919945349404065,0.9018301359382562
50,1439,534,393,1848,36,986,361,1791,1196,412,1599,585,280,421,697,142,392,1584,549
490,2272,1861,877,183,166,438,415,1083,745,474,1585,1035,898,1806,434,384,987,561,904
1407,166,260,685,943,578,1003,542,699,1122,95,736,867,157,1261,537,287,573,66,890
52,1676,725,762,1390,1818,1068,690,1112,433,364,713,1140,674,1073,594,686,403,588,783
654,1333,711,626,242,643,559,615,589,994,885,461,1047,224,880,289,446,698,118,422
926,1765,656,268,1194,1202,460,97,480,979,2074,588,419,406,1316,932,1050,1793,500,324
142,56,251,948,601,756,1126,1187,123,576,913,852,947,973,1651,562,413,1410,673,799
561,406,1150,795,1008,1043,774,1556,1331,749,398,790,0,1189,1044,521,362,459,1468,1461
1074,323,730,390,1633,980,378,975,1354,1161,1322,390,1078,808,437,2874,219,942,2068,1514
866,800,1846,787,861,409,650,35718,83,0,568,1005,1890,462,1596,1909,806,555,2108,1009
1230,719,1916,842,609,1240,1179,335,1324,181,555,278,390,0,1081,415,1447,434,897,339
351,458,816,466,1461,1089,1202,909,571,663,114,890,1251,158,607,863,658,758,1065,277
1175,394,376,1537,2702,613,782,1115,175,44,481,1480,330,208,0,1135,750,1816,1512,891
0,1015,735,1385,90,437,1136,896,341,810,417,824,1093,329,702,869,2052,417,516,1082
1117,474,988,446,574,1772,790,265,867,680,736,1055,647,982,1259,385,152,598,507,1456
741,766,705,509,328,842,301,112,1746,523,705,73,907,1094,645,903,529,295,1184,609
651,314,421,294,1107,2282,64,2027,312,974,940,1083,182,1023,268,1508,450,847,363,434
399,1875,1002,395,1206,735,631,774,994,353,0,950,604,1146,546,1345,958,1147,1184,232
748,643,24855,517,1057,132,1214,847,876,428,728,2670,258,470,604,375,1209,978,265,530
304,334,371,1113,265,586,146,762,1663,1157,1218,421,810,436,430,684,691,302,491,575
