-0.5213541653297691,6.133156772202864E-4,0.8524214119645993,0.9444979857352352
2075,737,480,1569,1045,556,341,1221,1233,136,555,646,538,997,739,902,487,557,204,521
1013,694,831,813,1057,2155,782,596,310,1551,1109,1102,247,1463,433,813,855,123,921,930
874,350,395,257,861,911,442,1332,782,1209,1084,0,521,648,1499,378,722,638,174,468
729,785,678,449,686,578,1072,1877,1762,1505,613,616,1113,935,903,818,607,1431,167,755
1288,565,830,584,956,360,834,1439,306,1989,60,1269,885,362,1502,426,1236,886,814,639
1070,508,1084,718,933,385,1438,905,689,603,455,1149,764,1179,1030,317,548,1011,1232,842
501,1166,808,587,164,724,153,731,1649,705,1055,1281,1536,1320,470,900,401,681,967,927
1089,635,1463,1073,545,1296,1642,1214,1852,1141,990,1127,496,1217,808,804,338,894,995,873
1165,3448,1057,1147,1862,961,250,1866,735,1318,810,31997,800,863,772,768,752,948,468,940
935,1159,1105,1301,195,740,831,866,1022,827,1147,1159,943,1557,1353,373,1419,582,658,1033
1145,749,1549,566,659,975,1107,1261,734,401,1153,2348,1917,266,784,862,908,485,1391,898
721,534,605,1927,1166,1001,1310,896,797,1057,876,2331,1528,1163,1546,719,220,411,1239,741
1409,1567,283,1095,533,597,514,1368,272,48,1123,1514,750,1096,291,1077,283,385,587,853
1020,956,739,1127,1400,681,575,2141,984,184,600,1475,487,530,548,810,885,175,572,960
683,373,890,885,1117,1045,1226,504,1057,1819,646,1149,522,1153,1462,695,1021,1506,951,1431
887,440,451,237,1283,823,1428,361,350,1473,687,866,905,609,1010,768,945,508,898,422
266,356,1745,953,1048,899,449,1741,733,1269,1459,1545,855,1370,1148,1207,1192,1011,631,418
661,344,572,662,972,553,1072,1174,901,709,1499,690,40,241,971,414,292,668,459,403
471,318,410,945,672,1178,930,282,765,222,552,250,912,603,760,539,1150,609,1080,1255
939,863,513,1162,1021,1055,1006,549,1376,661,776,661,863,875,854,919,308,382,485,652
