-1.5019044617797477,0.01821990468222269,1.0400669984728084,0.8988000344433966
5244,460,2240,572,44,25,61,35,1591,80,257,349,1004,1683,482,75,810,24,3307,6387
906,1429,4950,6201,1480,2225,1,993,316,551,120,1225,2884,134,72,2019,1429,1718,106,602
1745,2075,2046,1130,135,596,78,359,141,2006,2158,652,1033,1489,2645,76,2226,6574,223,2982
1312,286,4,949,2604,5237,51,89,1125,1452,67,90,1525,1122,140,140,37,2426,2,2016
596,996,851,535,28,4,38,836,1047,2413,704,625,16,648,3,1028,248,863,2821,752
608,444,2,869,360,867,2426,534,1343,193,1198,2386,334,622,95,425,10,29,1128,242
910,1400,1470,168,307,420,602,90,292,2791,237,454,91,24,16,3,85,2640,3654,1143
1730,1400,233,764,97,77,89,290,103,376,532,408,2552,1367,1,513,2946,810,52,1311
140,221,363,232,146,137,1767,45,2,641,106,27,62,641,1354,1163,1261,688,1083,1476
944,2599,514,988,659,6,71,1630,470,3850,99,3,7,1307,4273,733,181,111,227,1875
877,3560,201,728,800,56,2093,97,58,326,296,1472,26,641,724,536,1542,448,1208,701
2,83,582,1911,53,137,1458,163,142,918,2261,2,36,359,698,61,332,2111,288,527
1710,1131,1003,40,2219,448,351,26,170,389,417,341,665,673,471,48,34,226,771,26
578,3121,4,1,1650,133,1413,6,1146,0,47,657,712,344,42,334,3068,760,883,259
160,1566,2,2,124,1178,988,308,315,173,883,2,248,2,15,139,164,1,592,2212
607,20,830,3074,127,386,332,32,78,973,721,1,960,1173,86,2,82,1941,2302,3155
46,334,883,1,2675,1220,62,999,116,2359,543,826,2572,514,1856,1393,38,614,188,1844
2392,790,1803,1153,368,1184,131,214,789,10,63,584,2079,1874,283,959,964,772,864,339
5175,1065,428,2283,11,3471,1284,380,334,2,3486,440,938,118,632,80,1121,1619,249,1543
5370,2061,6129,4693,3715,2296,379,679,803,29,436,2844,2,877,3349,4583,3187,3869,915,638
