-0.9217195525540824,0.04606964585175625,0.7722259915581787,0.8962547751524657
650,575,596,778,896,387,213,33,862,441,780,1293,3661,213,389,428,872,486,880,1398
1195,1500,140,259,947,212,188,2177,688,455,1047,597,506,830,409,131,402,347,71,162
342,402,716,1064,3099,113,625,813,685,962,714,1159,1487,395,225,282,95,270,796,428
446,239,562,324,340,0,827,997,634,2639,624,332,328,718,814,1733,63,462,514,157
556,94,456,449,482,839,533,627,137,355,254,1241,249,467,926,318,1441,961,1177,978
397,587,407,893,928,0,724,112,669,142,458,732,183,580,717,1174,695,367,594,972
876,332,358,3124,748,10,1277,2076,1004,728,195,1011,428,636,68,799,320,509,430,361
821,1212,228,1734,232,888,82,1092,511,18,275,967,1565,732,1301,111,812,608,1291,828
764,122,876,2082,589,355,1080,1139,2853,536,7232,856,1084,2008,1646,259,222,149,267,164
741,1121,246,340,435,792,235,4235,3555,8348,7041,1037,694,241,748,746,2851,666,527,1917
714,317,1297,705,782,443,650,4481,1197,984,3714,2169,6462,282,574,370,1455,1787,592,1120
811,754,297,153,570,72,733,536,2261,16625,956,9250,97,1862,3392,299,851,365,1533,818
782,452,195,893,635,2582,525,323,11271,13798,618,6373,3099,681,1102,399,619,175,1002,0
437,338,318,1224,81,390,7364,829,857,1201,388,22,1268,44,1333,195,621,627,273,58
472,273,357,4517,772,417,453,871,316,577,397,544,619,185,140,253,2294,367,208,484
652,1056,328,458,56,463,876,1414,680,499,490,357,876,561,189,169,1407,279,397,442
885,222,2193,173,521,495,337,1785,141,63,844,227,710,668,222,928,147,921,270,178
1476,159,825,678,158,285,1411,383,77,947,880,1153,395,772,387,1956,511,1032,421,220
739,426,772,817,206,694,828,223,343,291,1504,284,673,395,396,906,675,221,1085,755
478,810,474,1006,1428,376,1032,601,1217,910,80,2189,547,377,262,637,1160,1272,440,1365
