-1.4196177533835102,-0.005445212341276222,0.8852601422769611,0.8490771174547
8,218,468,4886,312,3599,1667,0,0,321,507,63,557,290,3493,345,70,422,659,272
2568,784,573,222,313,1017,238,4,280,414,1781,1430,13,537,8473,191,0,868,1212,633
1889,2485,4794,425,180,7517,878,675,205,596,428,1889,0,1003,118,355,144,62,1261,266
297,392,133,1411,415,171,888,1504,1077,11,159,1832,1285,0,914,677,133,733,367,0
239,189,108,1,9766,1228,2,80,527,1646,423,632,1838,608,982,108,679,167,1027,3
440,118,1128,332,26,11,119,0,232,389,398,110,0,169,108,1019,628,5,2839,4443
697,505,692,0,1552,10,319,298,90,19457,677,1621,372,242,180,2986,654,21,424,511
936,1156,306,401,83,708,12496,119,719,252,219,705,2103,0,20,1339,544,0,7,823
86,17,186,2490,168,673,0,18,58,2649,180,95,640,1598,6228,917,11896,231,384,912
2424,1708,558,5109,167,415,6786,1901,2531,0,1417,9,2119,428,688,196,138,630,115,90
67,692,691,53,816,704,86,4073,99,202,8,1255,44,4084,63,2051,784,43,291,350
65,660,96,90,616,3586,1719,182,131,2550,5,468,200,2863,179,336,282,59,1572,0
690,127,699,0,555,1068,390,169,1437,0,6,1002,0,787,72,1004,515,139,1359,560
62,279,687,11606,285,1113,3,0,117,304,3520,4108,0,1557,482,19,184,33,337,149
1172,632,923,1819,1638,637,32,159,482,1083,2150,130,1706,275,872,27,1529,135,447,284
58,17,572,719,2,180,179,428,362,197,122,1393,0,1187,54,6129,1290,33,39,247
707,17,3097,620,29,43,237,0,346,1919,6,142,145,582,1563,437,2566,221,2255,369
1160,215,527,673,3583,284,2045,2090,929,376,776,525,2725,63,2966,3310,52,65,199,1838
76,3268,628,482,250,56,6,253,901,0,0,1732,217,1153,84,783,78,720,432,924
500,1484,419,515,360,837,4671,237,2099,129,1630,344,302,0,0,1740,5676,603,94,112
