-0.4296684371720216,0.051597398041355984,0.892379274028582,0.9823996013845082
409,322,1335,1528,1504,1816,1492,845,900,704,834,446,967,1206,1943,1116,818,1133,722,401
773,98,976,511,782,324,837,905,2091,718,694,771,1347,1266,1190,781,1752,786,966,795
543,763,394,1186,1126,448,1099,1647,1224,355,1088,1097,1067,1568,851,961,1456,868,2020,1449
604,776,1079,1333,1398,656,1605,647,1757,744,1034,1779,2243,1034,1537,1098,1531,1411,966,729
949,2115,1069,694,769,1578,732,837,729,443,1282,954,1117,1838,1218,1038,1049,2549,1194,811
184,973,594,859,938,784,1496,659,815,1467,2683,1971,1336,1593,1650,1253,879,1070,1154,1397
780,1562,1003,783,681,565,1231,847,927,1375,345,2979,450,1838,0,1623,1267,1713,1061,760
768,525,1323,570,1079,892,928,1582,1082,951,742,1846,1630,1483,983,1663,789,1120,1043,1210
1411,555,803,1172,822,1094,1504,573,1469,2278,2089,942,1273,588,1307,840,933,1368,928,1146
681,1165,1044,910,648,471,874,298,1024,1594,1100,850,1066,383,1229,737,913,1217,1140,1589
356,963,1285,570,394,960,501,1088,1045,902,1005,1630,1184,1321,1038,878,1533,1037,1087,547
553,808,450,933,800,1158,195,471,1053,1529,1652,1098,359,988,1544,1440,679,1106,1070,582
596,446,1046,453,684,1046,715,230,1164,1194,2199,980,1340,465,1263,974,945,1449,454,672
933,916,892,329,1031,932,742,533,730,664,2018,1386,426,969,1335,662,537,646,1275,577
656,856,1043,503,766,1500,663,810,1099,618,364,689,305,1176,1059,697,561,1111,759,1031
1012,906,737,1476,432,582,468,1404,1046,866,1263,287,1225,1308,934,831,622,121,1182,643
695,955,1022,992,856,441,413,1287,655,709,462,943,800,1420,654,377,641,692,0,637
362,150,972,585,308,210,894,595,1175,993,683,970,594,1105,1317,448,697,1079,860,939
641,661,1288,633,504,869,1029,582,1007,1934,1350,860,1602,892,383,680,667,568,594,433
776,256,1260,1022,1223,748,517,764,1590,362,982,797,637,1511,1253,1060,399,1511,1010,103
