-0.5938442016295375,0.05066700760861625,0.7992321397985609,0.958378076208553
146,506,1138,498,352,163,1364,439,739,706,505,626,723,467,1182,861,388,689,504,474
686,1188,665,482,420,464,990,1144,953,1862,626,933,593,133,1130,944,218,686,339,369
340,642,345,728,484,1110,500,1255,858,654,1835,1148,141,263,462,443,436,733,601,163
346,295,403,741,411,875,845,1467,1403,1009,1535,720,1094,600,1009,622,919,378,296,636
1348,1125,185,339,355,966,717,699,956,511,1127,2290,1452,780,518,543,863,980,568,1145
460,718,871,1105,1455,1273,1533,1083,1589,1749,1085,587,864,833,1794,507,1217,595,853,492
678,724,775,1565,1527,1426,1373,474,1408,3865,1097,3269,2129,1079,1283,1193,763,727,738,787
669,405,550,680,442,1251,1767,846,363,1113,7166,1514,1429,1075,1479,1107,1659,517,392,414
444,303,662,480,1120,808,1718,1245,1463,1142,979,1693,791,1596,438,1119,2315,285,1076,692
1075,275,541,1446,628,973,689,1130,969,9857,1489,2140,1715,634,2240,567,913,715,898,698
753,406,667,646,1444,2261,2088,2869,1412,2223,1382,1563,792,1151,858,1093,1347,709,844,474
228,1091,388,894,821,1553,811,1681,4138,1450,1800,1556,1193,1050,9598,461,745,396,848,524
808,701,695,875,1503,777,1170,1661,3101,605,1494,2265,1833,1518,3736,1046,1354,590,790,285
579,1327,295,558,742,780,1920,1129,935,2880,1690,665,2034,854,860,554,742,763,771,973
732,812,351,610,938,700,638,364,753,186,2282,665,359,867,1208,1446,624,1297,893,371
941,588,1204,1020,765,950,519,1399,793,809,1284,904,1086,1079,359,304,856,985,399,677
312,240,317,798,988,700,807,892,311,1231,531,1198,822,1171,1239,761,1189,634,595,1005
758,574,850,533,856,1232,464,70,540,763,218,286,841,1408,744,399,416,440,825,477
364,267,679,548,439,333,951,285,664,591,1105,779,940,366,1147,604,548,924,590,1116
586,812,583,310,272,325,495,359,264,252,1273,766,720,722,663,633,388,336,831,709
