-1.2152693939216201,0.027046892546100477,1.043630828939489,0.9137716183612656
5254,3302,915,900,129,82,198,36,2876,465,453,231,789,52,214,23,436,82,2786,6470
2230,986,4696,3661,1272,971,447,154,865,124,389,897,1430,85,758,0,1140,4006,106,2423
1892,2144,1480,1057,9,1931,58,157,294,1478,863,677,1250,473,1819,752,1468,0,255,2545
1172,352,2114,636,253,2362,239,9,1178,923,3307,149,844,917,1557,1118,1103,1228,776,3177
197,1443,324,184,63,4,801,636,209,1139,448,552,49,186,3,954,634,123,2282,675
1588,2163,4,71,93,514,1229,523,1112,442,2150,1126,311,806,67,700,87,31,1393,2331
231,1896,1918,74,1451,529,1548,355,466,2826,375,583,990,24,342,2,1189,579,3572,1368
1102,1013,1073,663,252,37,99,91,164,434,54,159,0,490,338,68,1277,544,1029,1273
326,456,711,226,370,45,1346,28,392,1100,1498,21,596,743,703,341,1404,249,2174,621
578,2166,659,1624,1245,5,58,271,478,181,58,152,2,24,2261,980,68,420,219,3460
866,2056,194,54,794,586,1687,110,0,140,51,1057,70,207,1868,456,42,520,885,423
74,1033,849,814,1244,317,2202,340,138,129,1371,297,106,99,1499,245,1051,2136,719,156
1887,213,672,232,695,1867,237,440,244,477,2915,295,641,706,468,109,32,420,1064,824
541,1846,5,146,1249,179,35,31,1852,82,361,795,181,236,176,2442,2391,1886,905,285
2358,1058,99,231,122,1213,922,562,527,331,1538,339,488,2759,216,111,350,607,987,1446
995,306,304,3067,28,300,1017,50,275,1,136,718,282,1146,265,2,476,612,2809,820
1352,1578,931,1727,1182,2595,87,1698,416,148,2051,413,1198,834,1003,7377,230,1230,789,288
714,1564,1351,1514,104,3300,7,110,820,163,368,1118,190,2976,143,1067,2227,1003,1678,4
5268,1633,1854,973,34,1253,1393,571,285,36,830,843,961,220,806,2786,3176,1647,3692,1460
3724,750,6237,3504,2924,3170,306,857,1072,57,855,2772,1121,665,5262,3112,0,3328,966,221
