-1.6804134224021936,0.004355958692126456,1.049590641266165,0.8499351750569726
26214,570,617,2563,5,788,21,346,432,1,1656,214,77,306,1042,1217,1761,2635,39,7325
924,2755,1780,754,520,539,2074,13,1497,1242,1872,198,1181,1,474,2893,321,4,312,2197
10958,3243,4,827,256,83,566,2504,993,863,25,61,16,1400,21,872,2325,457,26,594
178,7,73,6,1,38,51,511,18,376,6,334,208,223,61,7795,108,1342,1045,8029
4,1140,1120,4,118,1032,42,1848,10,8,7,281,112,246,1538,2847,117,824,3098,527
359,200,13,1827,135,1187,981,665,1380,217,935,941,4186,125,2563,326,514,153,2131,1112
393,1125,32,617,356,141,88,615,469,1718,6,77,1198,88,2455,356,20,638,26,114
18,613,22,735,1981,91,2,544,21,691,159,963,1,645,104,311,90,2400,825,1904
0,541,103,330,617,427,23,1106,768,248,3415,832,31,140,4,13,780,4990,581,321
4,418,4,1268,15,1,3,769,521,368,1303,1127,194,121,1064,129,58,2268,1796,4971
594,492,414,1219,46,216,1,1532,583,15,311,26,1444,645,679,1,194,681,1196,251
207,929,1744,116,257,274,485,117,915,1155,199,0,283,1504,285,0,368,1083,146,224
1098,434,525,2845,281,235,32,226,535,590,2,52,66,78,339,185,743,475,844,121
983,1427,116,1,290,512,159,1404,3876,2167,237,1877,2328,828,311,11,2643,74,24,186
678,1,2874,1352,403,318,145,6332,322,168,284,418,2021,718,1230,162,198,82,1064,833
1014,6544,1004,210,26,2295,101,12,348,1438,189,780,1256,824,76,522,0,1471,1350,415
31,907,1,662,102,1414,1130,1,5648,319,17,12,933,201,300,3321,934,822,449,30
1740,558,875,652,11,126,0,4,5242,1,224,2521,270,908,4312,7,41,4745,17,735
4020,806,149,2105,19,1583,0,186,3,530,934,340,1650,25,384,146,45,1006,2615,2977
183,139,245,2843,513,2396,1533,6541,105,322,18,7631,162,3297,133,5980,31,13,42,5653
