-0.600799627679815,-0.0038745455447036906,0.856648103246693,0.8934897190385865
1185,1455,301,1738,895,901,692,115,1418,1221,1129,863,916,494,593,421,771,190,1603,442
909,510,1553,1305,656,486,604,687,739,597,1455,1853,1709,381,355,1411,369,953,903,1153
1161,369,425,737,628,654,1044,583,1068,922,678,885,1118,799,683,1609,223,207,855,588
349,1367,840,1182,317,1491,1014,1245,783,1754,824,585,885,719,1660,441,887,813,527,665
1049,1686,668,291,19,382,1047,155,213,972,915,427,717,260,1141,486,1023,624,279,168
1240,731,979,375,0,721,483,454,771,331,158,527,254,461,609,463,863,888,426,1381
361,399,343,1972,1127,1474,892,944,453,860,1057,793,2458,329,902,3,995,1310,1276,1072
440,680,1028,865,799,153,189,1264,566,988,191,476,345,1449,898,1629,1054,761,551,979
794,148,575,1424,638,1361,91,306,415,1044,534,572,563,1146,539,1840,241,2069,1135,0
423,962,947,477,919,344,735,57941,1382,692,325,960,555,247,413,316,1087,696,801,1011
1325,719,1878,233,698,613,1106,1418,1457,246,825,623,1140,599,303,653,368,832,635,393
762,1834,785,150,129,850,1366,785,18,617,471,1527,577,1294,395,763,643,861,1114,472
1051,422,417,1313,817,724,797,249,387,574,960,969,857,760,1025,1084,382,1779,1346,1154
533,827,551,837,899,339,1373,834,490,1890,442,540,1268,101,2060,742,747,1614,523,1495
613,438,126,203,596,724,474,466,376,645,716,614,875,1083,402,467,771,794,874,2148
424,838,1577,503,431,880,324,533,1482,867,574,1219,1401,524,342,518,283,0,1214,877
1061,862,461,790,436,1405,413,1115,2070,0,511,901,570,783,257,1187,489,369,643,272
142,1158,741,398,1513,465,864,1241,297,628,724,758,0,1643,705,1315,1305,714,0,428
1088,310,789,732,1053,571,987,813,565,456,570,1487,1006,771,676,331,1452,1154,583,279
890,760,877,1641,485,1103,549,1239,271,1127,643,504,684,702,2542,1628,1986,552,1020,648
