-0.7657404802361235,0.05104664106810454,0.7998658646289851,0.9517505832699934
180,351,512,702,1236,142,658,993,1962,1105,631,1760,490,425,325,633,209,111,34,483
733,944,1112,668,329,388,239,494,904,445,619,363,825,467,262,850,1199,601,423,696
774,903,741,972,165,734,867,23,469,1156,202,426,399,2283,681,477,687,1418,225,1170
525,296,154,775,82,1871,1562,1014,1178,3136,98,1544,561,659,859,1123,983,442,455,173
318,361,980,1021,272,484,906,257,1172,1305,956,1887,854,1217,1034,588,1043,2384,574,18
857,275,315,300,1506,3251,100,824,770,2441,636,1170,1382,1794,3393,801,566,725,389,167
89,587,1148,475,965,1280,993,1740,1523,1432,1597,691,203,1828,862,987,480,779,345,471
251,465,954,83,459,1102,2027,1094,887,842,1088,828,994,1575,459,881,1673,726,946,1398
586,546,2097,541,489,1201,2102,604,2283,1472,709,3837,2695,2314,1781,793,1390,513,1029,459
1504,1694,1218,1016,2297,457,2268,876,974,830,2094,1815,1368,792,1126,1532,3070,1020,1820,600
285,1061,887,520,504,3409,2232,1253,629,4954,4722,3209,1379,1236,1713,659,438,1563,719,216
583,690,622,938,3286,161,4,1615,1026,2700,1345,936,1128,1620,7040,469,2465,891,392,1171
633,506,713,1515,1701,259,1045,1126,3353,3058,3461,1145,479,1068,733,478,472,482,350,1535
235,744,991,307,697,291,741,642,725,1199,1764,1072,1378,1266,558,1090,658,1898,330,64
468,1131,498,629,992,1969,1506,1603,253,4305,2882,602,914,933,1555,423,988,503,743,544
250,726,921,819,468,651,1199,1268,1890,1384,2060,1024,717,253,1521,643,1147,236,1025,790
461,820,88,784,362,396,1145,1676,995,93,183,698,434,566,527,361,610,1226,821,1425
55,619,432,532,1300,1432,702,330,2271,1155,1924,1092,249,1275,104,370,543,394,512,78
316,201,638,525,601,642,477,863,122,1306,158,1148,1414,572,505,918,173,451,294,223
115,427,116,316,266,221,594,981,1957,1114,1037,137,428,236,243,1186,591,396,168,115
