-0.7102269271475533,0.008476861006293534,0.8116588522103213,0.8581355445356366
1123,1920,1012,737,787,600,600,693,1586,311,608,748,1055,1119,576,676,714,740,449,442
355,499,765,924,711,994,584,561,715,647,356,503,866,641,1810,520,477,523,452,1221
1954,1523,436,956,684,581,640,321,588,410,520,1197,812,4510,53,571,363,284,366,482
868,929,540,526,756,1100,243,890,1408,1050,832,224,19274,338,971,1804,553,770,77,0
1111,382,302,646,1117,552,1338,797,222,724,630,452,797,904,86,157,862,437,474,660
940,766,808,18302,1114,181,1659,1103,113,725,941,245,532,279,131,155,382,257,602,1772
879,1047,744,923,630,1181,965,1400,232,1876,401,552,561,121,450,442,266,357,840,1482
665,999,579,883,682,674,871,826,468,1306,74,88,963,934,1102,142,927,756,312,628
327,1069,108,727,681,1679,118,331,1210,1673,631,35046,33026,624,361,740,2099,585,868,475
763,350,599,1465,632,952,613,1334,0,791,859,1379,117,564,901,336,1039,254,283,449
837,1150,657,376,1276,495,647,1127,1178,292,1443,117,359,1066,998,378,570,222,1296,262
530,1143,552,845,362,1045,809,918,1225,345,1055,976,402,1469,152,1270,604,710,969,298
818,155,821,397,372,391,765,733,400,112,959,946,978,656,661,371,148,334,479,1049
686,626,598,905,730,221,805,368,831,360,608,248,820,713,886,474,881,827,891,555
430,569,354,1500,629,736,86,833,152,925,409,2563,666,381,675,856,336,249,825,309
430,724,790,430,522,672,257,285,43,181,418,678,338,204,283,541,542,617,296,362
459,990,308,1319,384,607,604,48,411,303,356,718,753,1048,1221,571,688,377,962,293
1794,329,404,339,464,1337,918,495,1812,787,381,821,262,988,568,288,606,234,510,833
310,553,220,633,223,284,358,962,388,182,905,211,156,43,705,380,119,851,411,813
683,551,372,505,1099,552,301,512,638,1075,346,870,1183,1326,823,726,233,631,1175,1163
