-1.7843114446444603,0.007185537946191091,0.8069258069483377,0.8498185022927085
1148,41,7,39,688,254,201,1044,429,5,913,4,2061,46,1653,156,1,510,69,135
274,1085,73,1,26,29,433,594,1899,2480,3717,879,4270,0,285,11,57,79,339,2082
43,2459,20,135,1,1,11,2417,471,5938,187,838,1222,597,84,147,239,138,538,73
2,301,470,3086,412,1070,6,1350,0,2071,1494,1,0,118,2550,106,1700,711,1339,11
127,1,212,191,98,5463,1149,0,20,572,138,11092,446,2079,187,244,18,4,90,11
167,635,1230,1814,45,2293,2503,199,153,7258,576,1246,60,3288,89,1205,285,94,558,333
163,283,1672,436,265,5,368,3471,498,120,1988,127,4086,241,1665,4223,0,216,2358,120
288,248,1974,1328,3438,3635,32,4583,142,1062,249,2433,196,1849,651,1271,825,3,273,621
1177,1000,475,219,2458,165,1128,1,10836,1094,536,2,84,113,1506,1473,357,1223,682,76
1138,394,402,3518,2,431,1986,461,102,800,7569,9199,937,8,92,1172,2220,2309,9,180
3,1775,335,282,3,187,3528,7,167,496,3138,1,75,131,2912,54,757,3894,80,153
1210,296,21,283,1,4,1461,47,2429,2065,1794,856,20809,2157,5,9,203,235,186,1940
181,749,91,1616,181,9,28,1992,80,99,2264,68,1167,10,95,3850,251,319,350,639
940,208,60,1815,712,4,54,233,2206,11,226,455,2340,10,3346,1322,148,1442,105,1
106,10,3235,101,2,2479,1037,2892,395,8,194,534,49,156,3231,227,294,41,1763,457
3851,1,3,90,1,344,26,1203,1359,664,1025,5,25,410,1734,24,4405,9,181,668
404,132,806,1935,1964,99,447,282,537,31,236,3717,627,11,762,4,1853,271,31,1113
306,59,573,377,3708,661,42,679,620,179,852,730,16,211,32,71,291,1,2830,1
794,6,637,3,870,1270,528,557,19,105,623,234,395,1452,3175,11,221,218,1877,3016
61,3607,238,460,636,62,984,653,32,231,961,74,1677,1310,5,188,89,16,2559,99
