-1.6213884057032817,0.012308713777077799,0.8475382808772038,0.9021842440263746
616,363,1,3,109,205,699,407,1444,1826,1198,480,14,697,548,1032,53,18,87,11
2,5,868,330,319,2777,807,137,721,33,1815,2291,122,1114,3907,291,1016,144,734,462
202,10,212,177,512,962,2,28,516,31,408,2711,155,3,195,258,1,1388,269,1517
741,4,496,207,32,874,2,988,705,35,4,27,4459,2839,1333,1,1736,2,738,161
566,735,1613,765,532,1735,6,1938,48,62,8,3653,586,480,158,77,1047,656,129,1514
480,1489,2167,740,850,59,2321,21,1161,8,2571,4893,1026,2908,1942,213,397,1158,135,509
1540,862,1618,506,847,445,24,342,834,4,826,4,304,410,629,580,4,1,1763,3244
690,413,1564,911,1743,1580,206,407,416,4133,1849,354,3002,347,1154,118,1,430,941,544
101,45,25,2247,453,23,2539,1,4272,1915,6116,4924,2817,563,503,50,30,23,825,1682
193,1301,576,808,13,1,2091,1323,174,730,1742,122,1862,3,1721,392,197,1912,1192,2458
1635,1942,1493,970,1152,193,5011,2363,1,1470,32,7049,2363,188,28,156,666,527,868,546
856,442,1133,1896,318,6,1597,2470,1099,446,1282,1594,756,775,12,292,3032,248,874,597
932,1532,574,469,150,4,1283,5,667,3025,2413,69,2118,1798,1995,1827,214,314,7,1302
981,107,10,2884,1441,16,286,132,303,677,1656,1108,2286,1684,14,2103,3118,422,50,3164
1092,902,1535,523,1574,47,1139,4451,9,4,1,1500,5,1,1046,295,2,1825,741,183
107,37,1703,591,337,1209,791,2160,61,3696,3607,42,692,1922,3534,1090,529,2333,2105,735
1148,789,4642,70,44,570,6,1214,2533,820,5896,1246,1336,309,84,884,587,10,235,100
67,206,333,2198,764,1798,1,2,1792,4348,1999,1032,3617,542,878,653,654,92,366,15
291,1452,918,937,1310,3,3,1521,1199,709,29,173,22,59,348,668,846,10,666,6
115,363,170,875,2,1479,4444,1053,1,2,2658,1656,1432,1717,926,610,117,584,1001,4967
