-1.59220717222359,0.004896302162763812,0.9689966274688536,0.9042292956843034
4886,1233,2084,217,15,6,252,270,2897,0,289,19,1057,2673,1006,514,252,344,31,1632
1,567,97,40,823,964,998,3167,1835,944,2560,2766,3,1,374,1568,2185,696,1499,1415
4248,325,535,583,2,2487,105,216,411,469,62,930,4,1795,1490,2330,64,3790,214,2888
3628,509,852,0,1487,3931,1,2366,27,791,350,169,1977,3032,26,422,2050,944,764,415
223,9,2149,193,4,729,3006,878,1,33,1670,12,72,0,571,4289,828,2067,1337,1
1,1,39,1291,743,722,529,3566,7,579,1122,4770,26,1447,211,2223,736,1374,592,1107
434,482,7,171,1013,545,45,723,1095,397,2218,106,1,3856,1220,1273,472,503,680,2227
295,358,1633,657,46,638,1190,35,103,264,1218,274,258,240,262,6,1264,7,1399,661
301,103,1105,1686,1358,53,530,950,2,233,124,348,2,8,929,1402,0,865,1523,553
6,2785,2756,733,560,33,3373,290,400,233,1468,909,190,2305,16,271,1601,2,1,1
648,0,1262,259,14,913,1213,1141,773,2155,779,120,584,652,14,212,2049,1191,1551,1084
134,1420,553,905,3879,1256,2705,1,413,218,14,757,246,773,100,1,21,139,1,437
37,1593,2700,1,3495,24,274,684,135,295,1,57,12,519,3402,177,425,500,2785,0
1597,8,0,33,2,10,9,2395,2211,2,705,1059,39,2955,2595,852,1743,5,2951,4616
191,120,75,1453,663,5,1901,77,1296,74,1139,139,54,753,3799,335,213,3069,234,2396
1074,677,18,3789,552,1808,688,336,1157,544,1666,908,1476,5,1932,2398,0,4180,2187,369
1323,303,616,475,260,590,993,190,1510,2425,49,29,92,529,1408,426,926,190,1849,3953
2352,1173,461,1071,1430,1752,889,670,2102,1327,2956,544,1,0,342,1097,2699,813,1142,1367
1499,1621,10,0,91,188,1351,0,385,4,1626,956,365,2482,2076,5031,2467,812,697,1015
2488,2213,110,164,1300,3,952,3,5529,1140,1234,279,812,14,1496,2585,40,3189,767,2482
