-1.1683205971311488,0.003131867701537357,0.7988345629844582,0.8494822445270134
332,517,169,0,0,2709,1075,1541,343,6,264,243,241,39,669,1461,4,1413,1397,1101
142,311,1544,361,837,1645,181,862,2752,19,1307,2469,1152,762,2408,70,528,79,935,405
1709,559,994,140,361,3021,95,106,943,2066,61,761,2028,701,1986,14,173,913,2565,864
338,2254,1944,668,945,440,476,1021,387,3690,162,182,1031,106,90,286,283,426,7,180
949,1728,102,966,284,985,1307,1702,350,1045,1961,173,819,727,144,1251,1261,54,174,2098
861,444,494,113,190,609,698,2450,1059,2,162,87,1348,558,502,2078,1246,1826,419,706
124,341,494,409,401,1387,780,3791,686,802,213,1790,695,193,537,520,1096,601,566,18
873,525,403,686,253,828,169,1018,1953,306,475,39,158,96,552,352,305,37,253,527
369,135,46,85,6392,1419,2708,0,93,1353,0,4106,18278,57,0,1322,62,2031,680,285
359,273,730,951,209,137,2409,312,48340,3994,1348,2909,1797,3249,244,1222,299,0,622,344
625,1281,343,165,951,3134,238,111,2708,110,347,1586,1692,122,724,379,219,47,354,2092
675,156,278,79,940,546,1333,872,870,33,1031,1948,818,1140,45,723,1135,1240,57,318
2,1052,382,1527,936,175,996,882,297,1299,413,306,112,687,467,256,143,472,518,238
382,9,221,787,208,235,2,1141,470,1003,17,1663,22,41,193,337,399,1492,79,80
38,456,176,207,368,273,0,1038,520,2496,632,195,644,2035,78,1450,7,364,2636,101
46,46,46,160,233,246,2120,1105,205,1346,1641,2226,258,513,462,143,431,3370,849,189
465,809,1138,1043,549,0,419,266,1141,1003,327,715,1237,452,320,1318,2515,659,5737,365
119,60,59,244,386,141,1414,873,298,1037,2055,110,1038,1395,211,761,1270,32,1108,78
1436,1806,71,2424,397,1109,1318,279,786,368,29,969,278,0,834,1144,1837,913,125,130
221,660,0,1469,195,84,353,278,770,46,513,47,113,1475,500,160,130,645,1324,845
