-0.8173203718387044,0.009228875981363552,1.0591313265767575,0.9251161023882558
23657,2459,1381,1199,498,855,2555,1279,964,1312,777,1327,4118,1382,248,1748,683,2145,2509,8274
955,418,152,1187,779,1296,0,798,2426,237,1658,352,747,2121,999,624,898,1123,1191,1485
245,2544,743,1702,736,660,135,111,2235,245,207,893,2077,372,1223,449,1007,1260,1839,1266
320,767,1748,955,412,28,526,364,370,601,327,686,717,936,1312,2084,224,774,161,4137
390,1666,729,1417,337,1141,156,658,75,391,171,597,692,1542,1192,955,133,454,755,512
994,1473,291,710,767,66,214,1507,241,206,978,818,965,96,48,590,1272,408,1001,848
1787,132,992,80,506,1330,432,751,1317,221,427,913,898,170,653,576,516,237,1965,1434
706,2226,745,1580,407,1874,636,1200,506,1123,1026,55,1745,583,453,948,593,1518,506,3
1324,354,679,529,1164,87,226,765,735,348,819,1645,798,379,526,266,373,1495,163,272
218,149,0,283,1079,279,128,581,89,237,0,376,1038,770,1178,1335,481,447,1451,839
1269,1223,1392,645,668,1293,19,314,60,269,499,719,1255,1008,0,496,285,903,1641,659
1896,847,314,447,96,1375,513,0,155,624,1435,869,150,252,967,772,306,191,586,1658
984,869,1516,80,0,713,318,183,236,0,680,1238,469,693,1519,1539,297,826,388,407
1473,804,1224,1352,489,852,605,188,427,1251,368,362,847,31,489,1197,2527,854,493,925
1046,555,252,893,475,132,1782,2354,505,467,1688,623,897,598,0,609,759,298,603,1338
1271,465,794,1478,0,2580,528,463,820,526,496,722,726,449,655,946,1227,487,519,1398
1498,1231,1169,224,58,622,743,878,625,201,727,519,330,559,1206,890,66,1437,1224,1242
784,543,116,1099,1478,723,215,680,614,344,915,501,830,2492,798,410,615,767,1388,5321
2347,820,888,145,679,741,976,409,2553,2011,213,879,386,1783,1873,1215,1034,1065,3102,1032
3102,2079,1707,1309,87,1904,1656,154,574,1568,804,2123,584,762,972,1000,6165,4250,1470,3301
