-1.3070800170653283,0.03336914823178683,0.9196940966013701,0.8971058117138382
254,216,1341,2575,843,64,675,634,1022,580,3308,4,1934,435,1421,33,2268,677,3858,2827
143,2367,1670,746,85,681,2296,0,1464,4079,1398,644,5521,531,470,118,2,113,75,2379
2860,2201,1377,309,677,30,107,347,333,104,965,907,514,1133,1344,1472,961,3125,1530,740
982,411,2177,0,36,570,377,598,493,1023,195,1291,12,514,176,157,311,494,1524,326
599,288,645,1386,0,351,1476,720,578,113,606,366,1316,1031,856,310,1049,5,534,2592
582,2824,71,991,373,3212,363,1823,0,425,585,1422,916,1300,396,658,146,659,336,5
1305,20,285,214,159,1394,7,29,176,46,99,193,666,1068,814,40,414,2032,2067,1636
52,37,353,724,303,901,1072,388,72,9,3191,64,895,239,1463,0,1935,2662,273,2536
355,2088,1088,1138,89,439,29,16,602,869,1976,414,360,200,574,1271,229,126,2685,373
744,163,1329,2012,252,144,465,18,81,1,667,1336,641,1032,4761,5569,3540,460,448,101
1964,310,1248,23,0,3,178,1715,1203,2425,360,2173,55,166,7576,5254,0,2092,3662,607
803,58,674,71,508,430,2143,292,433,1373,523,548,1435,0,3750,7997,3658,1145,826,378
399,274,10,439,352,251,463,0,6,0,1696,253,355,288,717,6097,4360,6,745,3184
55,559,2205,2241,59,1283,561,2753,35,1073,222,373,82,110,570,2592,2820,2807,621,2341
2828,1730,608,429,3012,1110,286,8,2040,505,628,550,589,354,228,207,4217,1427,1171,3503
670,252,102,512,468,226,7502,77,323,3655,638,0,238,1767,209,576,676,929,1798,40
551,247,1,349,920,501,1243,152,262,500,0,287,960,629,2362,0,222,113,1422,610
230,3288,912,66,1073,185,1652,118,278,262,111,941,587,596,0,717,709,420,396,1737
422,77,40,3,43,153,338,323,16,697,225,25,1276,163,90,1926,90,672,702,342
579,1929,86,127,293,2227,4114,64,138,710,2,12,2914,5,3635,4337,2732,50,1018,173
