-0.825151782285945,0.005168540882802109,0.828006232981076,0.8646800390596716
342,2463,770,329,897,404,212,748,1137,386,666,29,780,57,886,711,919,284,833,705
575,250,1556,976,452,501,482,718,946,547,492,652,767,611,1829,505,395,1022,751,584
1658,179,2033,226,781,658,58,333,1089,447,143,3773,668,3576,462,1496,565,858,325,398
446,970,882,518,409,1106,60,0,1734,414,799,2586,8725,738,679,0,522,791,806,1234
939,3,538,753,1402,462,1146,763,264,961,688,1166,1436,1137,244,499,810,430,656,706
149,411,802,856,49,224,418,867,391,741,598,981,681,254,455,124,644,50,371,360
1092,898,804,1763,370,710,532,664,283,1686,42,477,337,579,12,375,315,373,1072,700
667,1116,912,862,787,1090,401,1628,349,1375,1681,886,861,0,612,377,1074,569,605,158
210,833,344,532,665,1795,241,679,1549,808,46,21490,32720,624,392,887,1748,139,1108,630
1846,62,640,1504,570,747,1151,598,508,542,1687,1139,515,428,323,262,1039,377,271,445
837,678,501,1235,1570,431,735,811,1181,1178,2762,1203,1203,427,456,1072,252,676,1417,320
436,1215,1562,1169,193,710,405,918,315,498,751,514,516,361,163,761,30026,877,853,530
904,112,281,7682,152,175,364,779,1729,606,614,582,1063,869,1019,201,21,212,367,489
668,371,854,1246,464,83,677,867,381,1094,148,61,177,1105,1578,141,472,588,845,1436
678,1331,231,1382,1055,184,112,1065,485,546,438,656,258,634,217,1074,506,558,983,392
488,778,662,663,736,526,10,350,385,324,950,1162,255,167,515,207,26,1071,2165,430
560,720,235,836,384,750,882,199,1435,273,69,607,0,544,1055,925,410,1486,444,415
1634,182,69,385,290,1040,952,495,483,582,678,854,449,1072,762,328,1064,610,135,678
1067,507,129,235,311,1123,650,962,85,82,715,994,292,839,824,449,181,1659,186,1367
702,458,627,433,1407,135,1471,512,695,1117,541,659,1631,579,159,726,591,331,805,1266
