-1.2054738542293753,0.05331772028640844,0.8828363015138636,0.9043810547698404
317,1490,58,313,1033,469,290,4291,318,514,854,254,709,373,429,14,2637,1141,2899,785
831,544,1198,27,1555,81,0,543,998,56,1260,1693,416,1361,115,317,1618,2529,1648,1640
687,424,92,844,157,501,849,737,306,200,238,45,52,418,1057,309,404,2340,3775,2388
18,141,788,92,479,60,333,265,71,459,499,150,2911,432,333,43,1127,56,14,647
2265,91,528,253,936,387,152,1283,182,508,1517,120,1226,86,275,727,1511,2947,1070,2298
337,358,398,817,103,118,577,644,373,1608,304,71,286,948,2091,1575,256,1037,0,1942
351,1740,491,58,238,865,1161,416,255,685,298,1757,2136,167,1069,178,180,2029,1079,2344
32,439,973,416,480,608,597,378,2,206,778,1970,2446,140,20,419,341,115,536,1400
12,642,83,1569,340,215,45,3203,36,475,315,167,124,700,535,2062,104,111,281,360
136,89,45,1235,1514,237,15,0,979,34,73,218,713,2007,4174,2677,157,532,2001,4
1320,25,1704,996,1,669,83,230,107,318,1029,692,168,108,8327,3576,3708,1985,5690,640
479,702,873,149,156,1750,1003,457,1616,605,63,461,3550,4221,2913,7648,2415,927,314,2113
117,1043,434,1714,287,926,457,660,48,411,5036,1074,686,389,2136,6493,5620,26,1088,588
162,614,395,409,276,446,640,1602,621,359,328,464,103,15,353,2915,4019,1582,1114,4094
629,158,923,1056,786,3507,26,408,1806,1385,1529,237,1168,99,889,324,235,1561,1631,2340
47,104,672,138,162,1136,301,1087,499,2029,1934,220,16,655,312,1813,1106,2670,134,324
314,170,405,94,236,0,620,321,735,1805,237,812,0,1380,1633,2006,1155,80,3912,432
6,241,767,615,569,597,979,11,212,1858,2092,298,698,3396,408,1113,3074,118,89,1656
457,41,13,463,36,828,2901,549,1229,5192,80,425,2413,972,219,512,645,803,4212,625
566,518,634,897,788,1011,6694,848,2249,1343,765,93,3895,1132,1601,6,2196,315,2532,295
