-1.8200143859649822,-0.0034505717452871154,0.9219488124049542,0.8514529352282669
508,3448,818,48,2873,97,594,146,1857,510,399,642,17,43,69,1,1,234,31,1
5,41,2032,82,993,444,45,720,3,678,799,1716,1031,207,1510,7151,1716,2550,1,1158
130,170,2178,2205,2,4,2287,545,110,1,0,194,3,139,5,607,31,62,1141,2061
537,0,32,231,5,4,2039,4,13,230,511,326,411,494,765,2195,4119,1022,4,6355
836,53,1848,683,201,3723,508,547,3,218,41,515,0,1865,63,335,2,360,24,24
433,3690,281,72,1506,2765,429,276,34,2,48,1,126,304,2082,4068,1605,132,18,90
255,13,1694,248,776,293,10,3107,415,43,20,508,67,0,1844,262,3211,12,1919,796
15907,5073,56,10,1450,568,1116,622,5246,37,54,57,356,4166,435,445,1218,2421,511,727
2767,828,10,875,1711,654,2002,911,146,163,83,268,238,1,491,215,2419,117,81,1643
109,145,1000,5,115,102,3475,499,98,5240,3694,721,7,9687,375,1336,4221,0,423,157
1853,443,84,146,604,1534,3105,25,878,269,21,73,356,1197,178,225,245,524,44,589
31,48,202,3159,4545,886,480,39,1,43,3045,0,389,371,1518,2457,36,349,1413,416
227,921,1873,144,183,10,1278,1,278,5933,128,254,3169,449,2622,502,1,954,0,2875
11,0,1017,2421,1042,541,7,7,126,68,325,662,950,1396,63,108,294,15,2766,1895
86,65,1055,369,3424,43,661,427,1897,1076,658,61,9,8743,6916,8,648,2467,598,1592
1359,212,1746,125,3680,481,58,2421,1248,251,57,14,4498,599,471,663,2278,1114,2862,1
7405,76,2542,11,76,915,154,243,1440,1678,196,19,1517,286,29,7,14,643,3015,123
1554,2334,248,21,127,383,555,131,29,2219,1,2224,90,37,6941,627,5505,44,13,1
1233,595,3843,615,105,812,74,929,2,476,296,155,93,71,422,335,72,49,1,109
227,591,80,1505,447,1948,28,1006,256,6013,1,0,1350,217,10,30,644,2,1,3260
