-0.5077213376943007,0.005584552644649493,0.9525034724616631,0.9754867595569034
952,1335,1801,1205,987,1450,1204,1160,650,1704,770,1987,1232,956,567,662,921,365,797,912
1089,721,931,1028,562,965,527,1066,853,809,967,615,1252,1371,1403,1799,466,748,925,1150
914,1195,1503,931,557,411,701,3192,1114,274,519,1144,1197,1014,781,1010,417,2072,588,1292
909,770,1243,2054,202,706,884,912,816,0,665,552,1166,24,371,1465,1434,1630,2246,1003
680,909,1551,597,1108,1635,1648,2313,1493,661,1104,1563,1411,694,686,1270,1130,521,1367,2108
2701,600,1082,1456,941,1978,1025,345,627,777,1071,985,887,379,1001,480,1159,1477,476,1522
1113,999,380,808,617,485,1130,1007,1427,782,391,440,688,827,0,1092,622,628,514,964
1164,395,1039,608,658,671,753,748,311,1086,451,478,1436,1381,450,906,612,417,1213,1670
794,1626,1070,1549,1061,693,1149,1424,453,1353,751,319,1264,730,62,1375,405,1152,850,933
457,1838,690,462,1187,1068,1151,760,1388,877,563,314,1126,586,476,0,497,247,739,664
436,448,935,663,897,1058,462,362,363,927,471,175,1188,542,996,392,1544,734,1002,2208
380,593,1595,669,1072,1560,1395,0,1347,612,695,227,707,842,935,589,1283,734,954,742
1480,821,771,539,1422,822,2771,471,358,1773,362,613,904,378,203,768,780,480,1062,1799
433,1138,536,499,421,79,1456,173,861,868,1133,763,2171,720,776,1522,678,1624,1202,1075
1192,1658,729,2101,809,0,1252,969,1762,1274,536,956,1060,553,121,598,1185,518,1186,1948
944,2218,1212,581,814,719,1631,1147,364,594,436,1989,1141,1611,776,590,1207,1590,1093,1077
829,1498,1959,1637,858,695,1690,434,598,772,762,1083,1280,575,1121,1307,845,649,1372,989
135,1375,405,959,899,781,741,86,381,1425,1240,1305,2232,1403,2456,849,962,362,908,652
802,2068,1067,593,396,1005,502,1993,988,1092,2022,3113,1624,284,828,354,334,3204,1391,1264
1280,167,1111,248,605,1676,1068,1982,1286,830,1490,716,844,1720,958,1147,1128,1633,729,1357
