-0.9222657909915832,0.05208935147949012,0.9083350955210635,0.9473772061770057
931,381,97,673,1426,48,480,337,271,1032,745,189,456,92,47,1442,12,1783,1529,424
1884,162,117,7,84,145,1004,1573,949,635,90,343,3,568,703,415,511,98,370,1949
246,1549,1043,721,201,1076,270,680,835,322,1028,907,179,526,254,1220,807,645,907,748
228,833,577,82,498,1423,520,1691,1775,23,2259,1971,60,856,841,1297,2390,1698,832,5
1565,753,1087,1277,1025,849,254,1020,858,618,1626,1055,581,1226,1725,1581,1725,1053,358,2675
1028,150,322,2000,17,2018,369,782,645,773,517,297,1962,1031,1404,20,2066,862,937,4367
198,220,290,1732,75,410,680,209,280,894,63,1307,1352,789,674,2095,614,2917,2833,2157
2198,288,1213,624,374,314,504,6,19,287,717,91,1265,170,449,1249,1329,1546,1768,1999
643,1517,657,245,488,8,324,1164,1443,1102,978,0,173,1369,1055,119,2057,2509,803,1567
635,595,1503,486,545,1345,1967,1709,845,416,103,146,830,1415,1699,1744,1378,1980,485,4099
706,399,1051,522,1299,677,623,2413,212,1153,760,866,694,3155,3175,2156,1647,2361,2652,1345
575,511,1110,932,962,1198,92,736,809,1690,41,615,19,980,1815,3102,4343,3185,4047,2820
20,137,3619,693,1001,169,1212,3181,621,758,451,1158,288,1133,1277,487,2694,780,2475,2044
304,145,535,250,1056,2154,1046,307,931,909,404,1917,667,422,1283,781,524,169,1902,1211
78,1176,2302,1207,1246,777,298,957,1964,493,1264,668,485,9,466,1171,592,1814,1128,1483
834,316,244,537,563,1192,1262,8,185,276,607,991,1450,1984,791,532,780,874,825,337
1076,340,1635,274,960,373,348,1479,2882,538,1571,1210,1553,1050,331,892,380,1103,1837,110
481,1185,644,895,350,3,221,529,557,890,1337,321,205,156,1814,3561,973,499,349,1956
2008,1608,87,993,107,2000,1158,360,561,1256,20,503,539,1020,1535,1053,412,660,1424,2001
645,747,1744,713,986,533,842,2633,673,1362,12,544,1697,1010,649,3053,670,159,863,1709
