-1.6287097706474327,-0.006153964089610979,0.9126484159854472,0.9040236857888199
282,7297,2923,1793,4909,591,4575,3,573,3325,656,397,430,23,487,2095,1941,429,39,1756
789,2604,2,16,45,303,317,513,1,285,1604,3,351,1,2,2368,1467,121,700,1318
437,2213,948,1,1,158,974,3,159,1299,129,819,1386,731,560,728,238,56,1303,1288
169,1244,876,1132,87,787,11,68,1004,3,871,612,785,3813,286,1148,10,1575,511,44
397,677,1493,1257,2228,159,2975,702,1910,872,6,953,2,22,3016,371,1,556,648,7
10,595,4362,331,2819,4645,3160,108,50,174,177,119,1030,128,1446,1145,3384,4,786,1
43,482,841,1,199,795,624,1248,399,2171,2642,1734,1804,773,302,387,1453,2073,5795,101
94,1981,1063,54,3,52,2197,528,980,1484,3,34,1042,3250,1959,809,1338,167,2238,1
4,3114,211,1484,2631,3237,412,74,1365,1546,905,259,10,262,4,170,1655,1385,487,1
0,1759,592,1824,1014,1476,454,215,16,1353,1,1,5013,155,3583,689,391,2,1,237
355,819,2310,1026,562,30,270,1485,1219,3149,455,3266,444,40,838,411,618,41,104,1688
3,190,223,15,4,306,23,606,1284,460,146,1514,2451,261,1537,866,2,1072,1799,630
52,1130,1397,1,810,3040,582,425,2126,1927,2441,1,628,1002,925,387,77,1281,762,163
1671,834,353,1115,306,267,2254,2223,84,2221,575,2307,1224,5369,442,1360,988,12,1518,149
705,4645,189,1,3331,3416,135,3799,182,2281,579,3,672,1741,948,897,1614,2584,715,735
381,1,61,71,1012,597,2725,1,267,1605,0,5752,1179,2,600,35,3456,2,3,532
1843,318,1126,1498,424,3528,1385,103,398,272,576,114,873,1652,747,2,675,363,588,1077
1476,600,3276,266,934,129,850,890,303,4,1616,978,1,1805,44,2064,3762,34,1322,471
782,497,971,1038,147,2065,1,24,1911,138,514,2572,395,1235,307,205,451,758,130,2183
1732,44,1853,856,55,172,813,1398,409,4365,225,52,927,3,1272,418,2451,12,1376,820
