-0.9424123990876622,0.049753921827568826,0.7813884098000846,0.8992858305402588
650,948,726,778,0,640,526,0,862,441,774,929,1846,873,647,385,598,486,880,122
1195,1966,135,0,333,286,188,1944,640,452,1263,777,506,801,409,233,17,99,717,162
342,1200,504,17,3099,113,625,813,497,962,700,3157,1487,306,228,1277,95,270,796,1331
1587,239,715,1371,340,308,696,1003,1117,621,624,471,46,718,879,2432,63,594,439,157
556,94,536,449,481,839,264,655,137,351,199,1321,233,676,787,318,1385,447,2715,2240
397,75,407,2708,804,209,724,74,0,131,286,732,261,580,717,875,695,663,412,1096
876,644,358,1329,806,1279,794,935,1004,728,195,856,378,824,320,799,320,233,471,361
803,707,228,1543,232,930,82,747,506,285,776,967,1310,523,1301,1410,812,920,1291,374
386,774,872,206,1213,1717,1171,1228,2555,320,6766,1065,1084,1061,2158,259,222,146,252,705
24,1165,29,340,374,814,476,2884,3025,8463,7221,1037,785,526,511,0,2851,666,527,1568
750,1011,1297,670,834,618,751,3930,1197,522,3806,2169,6462,855,574,478,1385,518,533,652
749,914,297,174,822,72,1149,536,2261,10927,278,9250,729,1862,3492,140,851,483,1533,759
782,477,195,429,424,2582,987,398,11271,13546,927,8174,3254,190,1102,399,619,175,708,0
152,338,318,1224,81,390,7364,4434,857,2735,540,15,1272,395,1103,298,721,627,273,155
472,273,10,365,812,417,0,1406,316,712,397,594,567,185,140,151,2294,248,208,553
1268,401,421,393,55,340,1150,1323,1219,504,307,357,189,561,174,169,1465,200,222,434
885,920,2193,173,867,235,530,483,567,54,844,230,710,799,633,928,156,647,270,237
1418,649,1246,678,51,366,1481,228,77,822,880,1153,533,644,387,694,624,1034,435,31
739,426,156,5885,206,688,784,350,485,2120,1504,284,719,673,560,546,675,820,1085,755
450,732,474,1006,781,376,1416,152,1217,910,33,1662,547,377,74,637,1102,1136,440,594
