-0.6727635894673554,3.1701833900061086E-4,1.046071175276225,0.8944905836502729
31927,583,216,928,1261,265,526,661,1013,740,751,463,57,1655,475,615,1747,730,406,10840
1308,1049,124,1329,1073,1129,658,456,687,674,1118,1115,928,513,374,1587,1047,659,979,440
72,1278,477,998,424,967,976,417,920,1224,583,489,534,649,409,950,538,999,1134,798
1554,477,1004,639,573,1297,841,693,440,133,0,659,1583,48,197,944,653,1262,271,467
483,737,1368,6,782,145,205,718,1159,694,640,100,661,712,957,335,236,640,1053,1632
786,440,1018,876,512,1347,796,522,1248,810,280,600,517,339,809,609,1464,1138,171,355
1289,245,560,37,930,697,1040,614,1044,1653,1409,778,117,198,676,1476,188,5008,1327,725
316,674,585,755,1454,1102,321,678,953,466,1038,1356,673,766,293,223,88,443,316,343
376,768,654,3138,129,1207,482,295,660,69,1049,942,775,421,1143,564,1221,1210,1250,255
735,363,1274,768,334,785,360,544,830,1173,1112,771,578,377,493,1140,928,1217,665,1636
1957,318,305,806,787,1071,431,502,673,476,1120,508,1068,346,402,372,299,527,1254,843
470,1290,678,1691,1480,631,655,831,530,1173,504,669,852,3060,666,584,172,1593,696,469
278,218,383,559,669,1467,336,455,368,791,1328,549,429,663,795,887,735,1250,1487,520
703,966,294,1094,910,753,420,637,1406,295,921,800,279,613,1153,1067,322,0,1050,648
333,1076,1014,394,427,1013,310,624,600,833,1018,1634,278,634,592,800,285,1031,368,1156
1825,803,361,263,510,750,744,1361,676,572,392,641,1459,709,522,725,1259,1104,597,1067
1096,674,662,1300,416,0,951,770,1266,419,1043,781,890,1046,751,898,486,682,537,575
122,547,592,324,648,473,1484,202,485,544,350,592,479,562,1584,820,604,481,702,147
494,199,1896,1303,765,418,690,271,719,703,151,670,1706,1061,435,411,1213,23758,823,364
584,600,1509,660,888,1720,338,480,515,834,387,1277,410,1041,1198,1410,990,599,473,16084
