-1.03624377992305,-0.0017009358521848789,1.0224613363872248,0.8544153384150511
10526,200,264,243,556,41,1115,24,510,461,1484,2088,732,942,752,38,1110,1084,835,21938
365,169,552,1159,554,755,33,820,0,1014,1342,2045,601,221,245,198,339,1160,1711,1220
775,128,567,954,303,824,1039,459,270,117,55,706,565,1411,2336,498,469,519,1321,1548
276,148,449,171,875,1428,165,339,459,1106,373,3063,1382,611,103,730,1680,240,1145,8243
653,290,614,920,1137,1199,170,208,1597,1555,101,1325,360,1148,346,8,185,1319,589,7
424,1481,1161,1059,659,1333,377,116,41,2156,1341,673,457,406,936,1190,177,208,328,2377
403,427,303,862,362,842,315,2715,1349,2538,107,1184,346,51,65,136,701,1688,401,861
531,154,1064,224,670,406,495,1757,1880,1088,189,515,189,107,902,495,348,576,2170,398
514,85,894,46,135,917,856,620,521,2812,171,287,118,1079,1558,376,424,919,392,376
376,2640,234,2121,317,430,216,424,1223,1749,1,556,4072,398,579,1832,278,769,575,87
982,936,235,314,532,1149,1643,26,863,118,0,574,35,0,96,267,1744,1770,108,413
4,71,653,113,671,302,436,222,75,207,207,958,0,1381,271,1936,266,430,835,567
61,283,809,284,1368,412,311,1512,178,697,817,323,39,804,1340,875,1744,34,81,1798
255,499,1498,403,122,1126,1216,58,84,264,861,289,615,1948,11,155,1337,204,250,114
1466,385,1207,2173,610,1443,942,937,1014,732,979,844,707,630,322,82,1881,1675,339,1115
356,741,362,1421,886,175,328,476,385,1214,273,1953,1056,821,173,2109,1983,323,718,1649
1788,1244,24,207,359,1369,541,269,1112,755,596,1360,432,910,388,2336,631,1096,184,0
1302,2157,1260,0,814,1866,534,137,15,57,336,125,35,1257,498,690,151,2940,706,238
91,122,738,473,33816,185,206,215,107,793,0,1101,568,650,462,431,501,25249,626,1839
832,70,283,0,1260,596,1012,668,1290,562,327,691,347,824,853,140,733,520,424,498
