-1.93462077303388,0.013750806746017311,1.0544210362735849,0.8595872065414867
16290,2998,252,1805,176,2477,40,196,1044,2,2111,51,138,483,749,279,5517,7453,129,7730
1543,6818,1503,1,3440,1749,1860,45,984,973,786,396,128,1,2241,129,51,104,427,1921
7051,735,6,460,577,805,1,2112,3,137,1,17,458,1173,367,1322,2522,2837,115,1278
487,1,4,224,51,22,61,2,238,519,25,125,19,319,25,5247,386,3213,2226,6510
5,1678,1853,7,1126,280,2585,293,1,21,4,123,66,373,586,1369,223,753,4137,1225
0,38,14,46,1614,4,315,1183,846,130,1190,1516,2371,320,389,3220,1052,16,325,47
1195,1679,3,347,998,1,1,5,1385,357,343,411,1109,428,4986,140,1,108,2680,122
153,157,15,217,146,339,307,1378,3217,1034,1013,498,12,849,22,16,245,1321,111,665
3834,1089,2,745,1263,2631,2156,169,914,20,1229,576,485,364,2,37,1,4966,178,661
4,1957,7,707,1,99,2,401,3,1702,1606,1047,1313,187,25,78,412,2725,131,22
1521,1342,1016,734,50,45,1,199,609,2,1,88,87,254,461,1,3104,3806,73,760
633,119,1498,515,1186,324,559,77,549,1067,207,1475,1154,1518,64,1,551,1631,35,364
1171,612,799,5,699,7,62,2292,270,326,83,251,6,202,471,75,286,82,1421,193
2130,97,95,17,1017,245,363,114,10,2092,584,2010,1215,29,325,817,3,268,954,1642
155,4,392,1089,18,1192,2,1762,123,1504,1699,73,288,584,812,177,3,1617,1646,2
1543,4573,1412,1,1,2,718,3,1388,1133,13,1240,614,2,18,771,809,4,17,125
904,4217,1,645,595,5,1822,1,6784,490,2,114,987,1396,251,1895,1100,253,3435,7
2005,2678,21,696,254,470,393,4,135,3082,284,598,13,810,2685,123,369,3228,1,3290
2741,891,139,18,10,1216,2875,600,3,741,161,4102,911,84,545,229,6,1440,5741,3166
19,230,306,7,4,2470,1690,6620,1,601,166,5235,3,4291,8,4070,494,41,195,4659
