-1.421403635993881,0.011667569072011465,0.7994976600575526,0.8516787238889681
6,53,38,183,1610,0,665,50,746,268,869,437,1708,735,300,368,415,44,32,0
295,359,429,26,131,863,165,166,74,0,3224,344,130,690,2791,9,33,1470,964,3766
22,373,140,1323,134,94,466,5271,595,6781,184,721,891,305,245,126,27,488,177,731
651,875,199,423,92,766,1,1078,913,66,1422,464,669,5,175,889,907,1309,925,1139
165,30,1167,1005,220,517,107,1313,16,300,107,4207,102,1801,0,1146,51,1038,1128,144
325,2667,1434,1054,1554,1795,125,0,79,42,108,40,41,388,2,71,281,926,57,578
419,820,716,870,372,423,302,1192,6124,196,983,0,5467,1261,1949,1267,984,1019,1837,31
494,0,1387,517,115,8114,58,112,1331,14293,4795,46,16,244,23,6194,130,2443,1472,79
733,373,136,2338,605,871,177,7,12584,7220,1117,176,1049,200,3822,1519,891,133,423,209
201,81,369,677,61,57,1345,1379,43,1178,8946,817,39,479,2750,407,262,5644,52,2841
499,1616,464,1668,1162,2096,155,192,270,477,402,1442,1016,300,62,456,832,893,3712,414
1479,29,185,2070,469,14,70,354,10569,834,704,1737,20116,2379,192,169,2092,2202,338,111
587,1588,893,765,112,244,0,1192,85,94,1970,59,475,77,771,76,61,552,117,3128
1180,175,1672,0,487,24,763,293,932,361,946,996,140,211,1794,68,2949,163,118,116
49,2218,3095,118,430,456,1939,292,4384,285,14,1211,118,201,688,449,153,2,1958,224
93,2424,1140,0,1,233,1643,914,181,272,805,812,252,638,212,512,393,192,655,341
176,324,1331,26,1025,195,200,8,24,456,151,5340,492,118,1153,49,986,60,627,1066
67,870,203,180,2267,65,235,231,43,307,186,26,17,1824,840,86,74,246,760,1417
444,641,1250,1,0,151,1200,124,1127,113,896,375,1202,67,1343,53,12,5,636,1391
420,672,1261,1745,490,384,415,770,1350,42,1744,359,480,621,134,7,1594,2525,1597,3
