-1.2976577001668437,0.04649420369347297,0.8954258668426,0.8990792926017559
187,362,1475,592,121,27,331,1082,1079,527,1253,1,413,704,358,83,2610,536,4384,1625
64,1960,1082,677,965,681,2158,127,1188,85,621,0,2206,115,117,367,5,132,941,838
2167,448,192,146,173,60,146,52,1308,64,102,1965,431,170,425,1500,286,6327,1349,814
1334,110,476,210,429,316,510,1217,411,257,137,553,415,0,417,1985,377,221,1499,895
829,122,129,14,637,343,945,950,355,128,1906,5,1884,1047,400,387,330,973,1229,3090
904,1711,1,1171,832,2008,367,2846,243,333,338,1626,151,716,1033,207,0,299,920,98
3556,916,173,130,637,2323,1,31,455,304,57,1793,2486,1516,303,1583,92,1773,2661,909
417,313,380,816,240,562,619,13,181,17,3661,638,0,361,329,1219,3060,1472,693,1448
317,1269,241,1269,276,313,348,2,359,1336,3615,220,458,319,24,868,221,3,2341,1973
1776,65,3205,1312,57,52,32,31,211,417,1760,1894,17,1303,2733,3195,3235,737,1517,35
1651,126,939,44,176,690,178,2127,1498,425,724,1507,25,5,7528,5264,8341,2064,5341,530
319,0,380,135,0,922,832,1456,694,774,388,99,2188,2319,3630,8102,1880,2280,215,925
2780,850,44,883,591,49,3,245,54,29,1294,2045,559,214,1555,5495,3755,5,1748,3282
288,4,2177,3313,484,53,547,855,41,200,16,0,653,316,985,2325,2500,2679,1305,507
265,2077,931,434,1127,2878,493,1201,852,149,178,134,622,701,215,338,678,1685,1880,7042
443,509,0,989,1742,367,388,774,8,107,582,760,410,1120,2961,280,369,454,32,84
664,579,0,2,1091,967,30,155,1219,1228,224,931,36,1619,2601,3013,513,282,1448,1547
480,1255,476,284,2375,248,2058,134,533,0,236,292,858,859,127,1156,1145,494,276,1532
271,211,102,91,155,223,155,170,3245,127,119,217,1238,507,919,4293,227,790,550,680
1044,1024,169,461,349,2914,4139,999,704,250,3,10,2932,36,1106,4552,1425,74,304,227
