-1.9219230377482488,0.013317970447500473,0.8467849515268336,0.8499112947377628
1159,21,4096,1224,1280,5,33,150,1588,2,841,1996,217,435,132,308,2383,2324,3,549
468,124,2095,58,1280,626,1681,266,149,1628,462,215,129,29,26,5781,119,5,4694,623
1152,592,57,705,17,264,2490,1161,118,628,1420,1657,645,11,805,35,19,301,32,734
24,21,339,3531,3,708,1244,23,55,885,37,1900,2,16,1175,1503,8,201,1127,1
23,332,1755,304,11260,1014,2,99,554,292,7,710,508,2047,10,794,1086,904,6,1785
2,441,163,1,354,2561,1,1185,286,65,67,13,225,239,6,230,50,27,2372,118
1,1149,1378,30,9023,9796,0,4790,1414,4639,457,175,142,2287,1554,29,68,210,2977,90
1279,2245,4087,710,31,2161,9783,4703,1,49,5688,13,51,430,866,1915,18,1280,162,5
2121,2344,1016,1,2058,1,144,6480,256,241,5363,126,204,636,20,755,647,475,2145,226
560,1163,1834,5030,150,5305,32,67,1667,8,1017,2,4,119,6,1093,50,19,1,1
4335,68,1,1377,21,1365,1340,39,1388,205,1,377,991,8,4552,7,3,671,371,739
1108,103,652,78,1,1339,180,84,1,6320,3150,96,1014,1039,161,225,895,155,121,497
13,1711,1485,483,59,91,900,39,1444,8134,5245,515,14,420,590,126,63,180,106,1
974,62,98,1492,1526,3231,85,126,882,81,260,25,42,94,1296,19,6213,2532,26,924
240,88,1910,8319,129,1344,707,40,2544,1039,2462,891,5376,2228,1770,33,329,5,636,1509
8,1002,17,105,69,1535,231,720,439,3,507,308,431,6,1472,49,39,30,3491,348
500,361,1200,1,257,693,101,1261,10,1,680,140,254,1,1372,1,4,800,121,2
130,80,15,377,3226,2,4705,1975,5613,1,52,681,15,1,172,2117,0,9,4,1215
1813,194,606,65,389,96,264,276,389,2246,1286,1563,829,91,610,1321,165,223,320,54
33,741,960,1984,322,1659,37,2499,2375,466,11,101,504,2140,397,1,449,33,1199,1034
