-0.8923341303435998,-0.002330067013407788,0.9952219581288325,0.8577331418157801
4390,1368,161,2110,468,190,273,526,350,150,462,1950,633,443,165,1184,1539,307,1308,25941
679,524,221,1813,1587,34,207,441,788,775,386,125,992,95,1909,723,471,1302,354,2816
1212,897,595,1214,276,779,801,104,769,0,853,641,374,1390,790,673,569,934,598,1726
1557,67,763,703,1115,812,783,1279,737,342,586,1106,48,476,104,511,1237,314,224,619
137,540,129,861,753,1833,301,332,1111,772,35,903,367,519,794,1605,491,291,1423,551
542,2124,1054,1489,493,2187,1189,727,481,443,729,365,921,604,690,229,298,557,477,267
561,537,24275,901,486,237,1029,486,642,702,373,1260,694,436,241,219,674,1350,577,905
419,2129,385,1393,110,752,336,3299,159,44,144,1302,512,1545,616,801,985,1028,518,277
421,550,381,667,573,527,1225,703,4,336,923,700,26,391,675,84,2250,2823,230,373
1222,909,216,540,58,924,398,18800,162,685,622,826,27,1148,80,1102,161,281,63,1657
270,971,542,1221,387,866,100,283,241,1676,512,1112,498,801,989,1150,55,198,593,0
293,936,953,0,103,1274,393,693,730,710,0,1059,638,1253,572,0,1133,1546,550,730
87,704,237,803,532,161,2602,478,453,381,216,921,325,662,938,462,1316,225,173,312
553,651,1224,1106,1227,724,1262,99,234,338,1697,314,1917,322,5,333,782,1543,856,88
886,893,0,1017,700,410,331,202,822,729,0,816,441,1125,794,479,637,1864,195,860
338,618,386,257,117,592,1249,1373,179,765,650,421,469,810,37,985,2908,633,644,416
820,63,652,4491,0,790,521,187,1731,1182,436,265,14,449,352,1558,736,153,890,1899
413,1009,492,292,864,191,547,394,1660,136,1000,770,1152,1626,589,182,135,1263,293,987
822,1548,290,216,1679,971,529,1175,566,558,497,543,240,925,1240,604,1371,30328,596,1900
1228,42,333,429,606,190,359,511,439,712,844,42,465,730,963,0,1166,1379,547,200
