-1.5256204750168234,0.054353377965458284,0.8977632116336217,0.8920865521676558
807,853,1961,1028,301,264,925,1195,794,4212,2642,163,1134,916,1949,33,2343,1288,367,2038
242,1215,2229,178,42,406,1425,79,880,48,742,1707,3470,146,27,781,1540,542,148,1338
1,1323,1148,268,309,8,8,1393,522,591,551,839,184,202,821,2696,1626,2699,1769,4720
4,188,2132,35,9,589,368,359,920,117,59,374,13,313,321,211,1046,164,3030,568
849,725,403,13,396,2527,1067,560,252,1,487,193,2920,1837,414,343,447,2451,1549,1807
828,2419,1,944,80,876,145,627,94,39,273,7,557,1036,1617,455,505,904,6048,878
938,303,13,73,617,362,22,25,424,194,611,1,2052,1784,42,675,1,1756,1566,1103
8,627,353,107,319,457,1420,275,178,314,2204,350,451,9,46,1312,2002,1658,1650,2698
264,924,933,1924,119,332,269,30,516,998,2054,25,465,47,187,1481,2,2,702,222
169,243,886,1422,32,45,5,1,25,1,774,349,128,1749,4605,3330,2,7,201,18
1019,173,2271,38,2231,2407,1,165,2279,535,496,1323,479,336,9642,4760,8014,3354,4468,714
14,186,166,1489,1229,464,1474,1477,1271,1190,593,55,1310,1669,3368,7344,2487,258,184,22
279,749,104,2566,63,6,1252,521,6,86,1418,143,72,57,272,5095,4470,110,2148,2961
264,5,928,342,120,331,31,2270,135,369,1,451,13,595,20,5983,3498,3789,2280,2130
3842,1826,1246,1463,851,189,838,835,737,493,1,128,347,183,247,82,4240,4681,647,1430
672,155,41,42,154,243,62,173,1292,3181,49,1643,923,1370,657,946,996,378,1242,7
1104,409,23,1225,856,728,268,134,1141,1151,912,169,959,1070,1605,4946,466,1808,2733,925
797,1000,172,2,43,464,1835,318,379,116,167,610,613,917,78,1098,1405,1,249,2070
254,37,391,73,231,10,1417,232,13,0,254,99,1713,245,38,3411,8,15,998,445
162,1459,808,650,121,967,3357,1016,116,226,2223,24,2583,602,924,4291,1459,170,427,17
