-0.7356137051848065,0.011003564249172081,0.802297374039655,0.8667758612039344
286,57,751,538,586,284,1330,48,705,755,647,447,263,754,392,1762,437,847,29,421
954,500,341,648,1555,685,732,1034,1068,507,336,528,469,465,106,554,554,418,1398,676
728,291,1089,651,997,647,934,830,986,752,410,618,326,3896,1083,842,517,831,559,154
209,180,906,718,654,581,741,1397,1170,554,513,0,7282,465,716,1054,1298,602,954,450
489,350,186,1130,1470,706,562,1095,343,1848,648,1229,559,1087,614,369,433,470,781,1466
1110,611,600,727,412,638,636,874,941,75,1383,274,786,327,2745,1454,1743,717,706,475
146,528,174,1601,474,1086,665,474,761,282,921,294,1153,236,322,477,687,1302,589,336
1453,459,38,574,1216,1607,469,440,69,688,775,885,1487,358,1664,2103,537,434,903,1344
985,2300,552,129,940,842,1053,459,235,1307,210,43160,34120,518,854,654,646,625,916,1104
234,539,337,332,599,708,216,1055,416,1174,1440,715,971,470,269,723,1289,940,478,142
496,498,251,0,706,662,284,430,370,1698,1696,51,1339,896,1994,814,240,653,109,456
1434,952,442,414,0,657,928,240,205,262,373,330,410,720,854,115,926,1762,574,1137
493,1231,1002,602,799,490,1610,1876,514,642,935,0,836,139,280,394,1002,2149,823,426
352,350,2107,1385,620,471,420,1196,633,873,865,739,1199,1272,312,1202,824,936,1023,973
146,1530,1114,262,887,713,1788,600,459,84,1016,443,502,398,784,66,491,459,90,390
902,97,823,844,699,1026,107,440,632,345,351,0,604,1045,1280,52,738,821,1148,893
263,1286,774,1342,473,1038,349,545,812,768,429,807,1600,1195,928,488,503,1092,380,211
61,1059,918,1101,902,1597,322,469,455,347,1600,504,690,786,324,682,89,482,987,467
1265,85,86,584,135,743,411,1184,313,1551,1294,8096,633,114,427,505,580,469,808,333
974,527,997,1169,555,251,746,355,1061,826,662,272,446,143,625,460,332,237,1329,1416
