-1.421345120520858,0.04597846225065169,0.8045606135091428,0.9001191536165135
2487,49,1178,108,114,730,1418,44,30,431,11,2007,1075,8,38,726,385,13,5,3
752,186,360,972,519,213,264,239,49,518,11,68,0,950,640,4,2926,391,201,956
163,366,2,58,743,1089,667,253,4,2227,1394,1139,3,1955,305,26,940,877,12,3799
1453,1160,199,393,1106,434,881,280,0,1090,567,162,36,1164,179,1,1921,133,74,132
1408,689,1171,268,35,1339,2523,119,9,693,92,565,4556,176,326,494,244,483,0,28
445,2915,326,197,523,179,2147,1118,381,922,471,0,34,147,2121,0,668,2,1470,574
2,375,301,556,95,1539,1640,1362,1314,1121,68,400,1038,0,77,2540,951,228,4,595
91,871,623,65,446,1094,394,2099,929,754,33,532,2,2994,121,927,2092,136,2006,339
274,10,1593,1557,1582,783,2087,0,867,2485,0,4993,1769,43,4128,302,657,1992,510,107
36,22,762,1412,4517,742,2185,2922,1983,3162,4468,2244,1105,1582,4394,2200,1432,7,709,600
361,70,844,371,328,349,128,912,3561,27,3803,3476,1190,476,732,2745,21,1789,0,1116
95,94,1564,339,4579,1026,1326,569,1479,85,4389,6233,2293,1405,107,1639,1068,35,114,706
0,2,46,2052,1940,301,1522,0,2702,1962,4341,6527,5087,527,223,1219,562,1297,2220,2587
546,2624,448,433,1260,166,449,2313,1274,1,475,2593,604,0,1602,2031,540,40,13,1448
0,30,80,282,328,303,810,1084,1519,3612,1669,17,2410,176,1341,2285,387,564,1216,787
648,2327,3,428,143,528,97,2412,1506,941,536,1379,248,2910,8,1925,32,2,527,332
926,610,202,223,1408,1712,1006,951,476,1161,136,2870,935,2148,1589,653,639,1222,7,1552
462,678,0,1356,493,34,656,16,1986,2198,5404,1154,0,92,1316,353,117,68,3807,355
817,4,105,862,1024,28,2,195,19,313,1811,611,4650,5618,2778,80,134,594,45,201
139,162,22,410,1873,2245,154,28,1038,644,109,1116,184,1930,549,962,2937,630,682,269
