-1.6572585097868253,-7.872132422093279E-4,0.9478703243098453,0.8487694170822608
637,1638,2162,1763,19,1126,1508,128,412,231,62,43,44,32,784,1103,3449,310,4,169
1877,29,400,177,1782,1246,465,15,1645,2315,1209,125,854,1454,422,41,363,437,2656,0
1043,36,7,121,103,381,0,69,543,52,8193,1192,390,258,1192,57,29,50,14,140
137,4,121,295,4,127,2490,3947,310,824,0,1398,161,1239,680,5141,1193,521,110,172
255,1443,225,14213,2316,404,219,10,1519,1432,636,277,653,2,5,93,7761,0,1,5
8560,1689,628,2691,214,120,170,2682,1844,19,108,1,106,1,176,4094,75,327,373,495
26,23,1466,187,51,260,72,965,110,1722,287,839,129,77,3467,271,0,2213,1068,406
1407,1073,481,256,613,4354,3023,468,13,256,449,19,1266,489,383,661,40,356,1490,38
1801,30,0,94,109,17,9,4889,52,1666,533,803,903,1121,58,126,16,1436,4267,125
878,2709,33,600,3251,1855,634,116,19,1,266,542,435,86,63,6,224,269,312,54
611,100,1769,825,1045,1314,3137,243,772,58,1573,301,251,93,70,2603,1653,79,343,603
880,90,168,2,55,3880,13,16,12,0,2264,222,484,2123,444,572,1,1,1193,15
1357,1303,792,103,176,150,2117,171,551,10502,823,76,1723,263,19,1679,2,141,293,134
45,3638,394,628,1457,184,1024,11,619,367,463,1808,291,204,2084,521,2027,1126,70,1030
4,11,3,1007,531,279,149,231,169,2686,663,1787,100,1477,3607,91,0,15,95,284
295,79,708,371,1572,513,489,192,28,20,213,850,16,502,1419,4156,1847,388,2220,1002
461,25,318,4,194,2780,11,6,502,58,49,108,4137,3,3686,128,863,7600,239,297
5136,27,185,343,283,3444,4,125,4347,48,237,423,717,5,0,1534,6161,236,10322,22
2644,515,384,236,32,1859,1802,514,58,1238,3137,108,0,127,1510,537,174,9415,304,272
363,623,2815,2719,6127,1052,280,1494,2273,1159,487,365,144,294,9169,39,0,0,149,938
