-0.45889206074893185,0.05048533509227889,0.914023991943094,0.9804746309199665
673,883,2178,1057,1377,1358,1390,1724,1486,515,1044,600,971,1059,2657,1178,1383,505,1703,301
764,936,616,2769,904,598,700,630,1563,1303,1109,437,1500,2280,1164,2255,1034,867,1594,516
305,936,904,1037,1420,477,1145,770,1193,1064,1971,460,882,1625,888,1117,1601,509,1169,1982
538,1379,1048,622,475,639,1319,1299,1931,1458,1923,1074,709,1379,978,1380,1714,1447,508,596
1331,867,1437,1173,925,1612,1376,789,493,823,1377,539,1357,952,964,1251,1553,756,2542,647
737,730,1291,830,973,1254,1262,1412,979,953,577,1339,2480,1025,1747,1380,1670,826,793,726
590,662,1099,677,915,477,902,909,964,1058,766,1454,2486,2127,1193,1765,1406,1706,853,1081
790,438,926,861,1424,2133,1042,1494,984,1186,1247,1237,1413,2127,767,1594,1769,1018,1161,1314
367,419,391,734,1097,1066,1394,589,533,990,431,906,321,832,288,2363,897,1577,1279,803
752,1891,688,868,814,923,1635,622,1097,1009,998,959,421,383,960,587,1328,1087,608,1113
479,851,876,727,1393,757,1050,1942,1598,578,776,917,1950,1010,826,1666,1506,671,1446,745
368,445,348,1123,437,1140,1113,874,763,1571,1023,851,473,1562,1456,1269,518,384,460,723
691,1365,1161,606,259,1208,679,362,189,1156,435,363,1044,733,575,1882,314,454,324,687
751,934,608,194,334,894,133,476,544,1533,1213,1002,921,1110,865,797,1414,803,436,459
843,497,1144,596,1154,714,836,411,601,834,360,967,653,875,526,756,593,579,1479,669
1462,1020,616,663,465,0,774,838,344,911,841,407,451,915,366,1329,1136,956,1558,499
1100,969,1141,846,383,747,461,640,959,439,752,584,1005,1157,775,469,449,1002,174,1965
1041,929,1112,1042,553,926,320,699,725,1561,514,1168,1055,995,597,435,349,1103,886,1838
780,877,1240,1234,516,554,403,849,1866,340,201,540,1032,402,782,1794,642,590,812,446
812,967,1168,1504,582,151,863,1307,1190,684,1177,500,229,405,768,1008,1143,1158,1200,527
