-1.0856121682995963,-0.0038944342293698525,1.0368933154642348,0.8547386027537037
33380,155,29,243,142,35,1115,0,256,461,1766,2504,269,976,597,36,1206,105,835,21591
217,287,68,1086,554,465,227,770,0,1093,1213,2062,625,221,211,604,699,1160,1711,882
630,128,382,954,323,149,688,171,865,239,89,567,1137,1173,1270,682,469,476,590,1801
164,7,579,205,875,1249,165,252,276,1019,11,3384,1347,611,1045,409,1293,240,1164,3269
778,541,502,900,300,1787,101,289,1807,925,101,2232,2105,650,457,347,185,1055,428,189
580,1567,1086,969,790,2354,240,587,177,949,1522,673,1081,307,151,524,171,384,326,2288
318,9101,15,748,433,900,473,2172,1394,1454,130,1745,343,54,117,136,571,1622,1565,2252
597,154,980,2196,145,354,815,1557,1880,926,224,159,409,307,205,503,377,813,97,103
514,8,1653,224,26,364,761,295,571,1370,301,342,0,926,237,353,2247,919,292,84
617,817,268,2124,767,1115,54,483,490,1861,1,1528,4067,398,482,2355,547,0,561,168
0,1984,115,313,630,516,1651,58,222,118,142,574,1081,207,238,670,2294,1907,134,19
2314,85,557,214,985,422,542,712,8,211,396,829,0,1525,189,1936,399,664,1095,2026
794,56,809,689,667,2311,417,1665,165,484,77,256,383,903,180,733,299,236,188,2285
581,83,1498,426,3,1133,1493,174,269,4022,3385,221,391,1960,85,9,732,203,32,684
1201,385,2149,999,501,756,1377,1201,1034,469,979,390,586,239,435,136,1903,1682,339,985
352,741,178,1389,1023,6,391,1562,282,201,486,1953,776,267,611,1244,1278,542,800,1718
2221,1244,1928,67,98,1067,570,269,1113,292,559,3202,449,858,269,1601,877,91,122,1676
1538,2157,827,0,942,985,284,22,226,57,772,146,51,1768,599,788,35,521,706,893
91,173,666,378,2824,96,444,1340,123,857,0,1101,694,374,537,436,663,25462,626,142
1310,75,290,430,1566,440,1227,1132,252,371,33,0,0,837,1294,137,543,578,228,704
