-1.6525372699676693,0.0062531224834700815,1.06247600346116,0.8512418261222569
24829,0,617,2991,3,789,21,346,432,1,1247,298,77,306,1042,1217,1761,2635,39,7325
930,2755,1780,754,520,300,2074,13,1052,1242,1872,198,1182,1,474,2929,321,2,312,6687
10958,3293,4,933,256,117,566,2504,2979,322,25,59,22,1400,21,872,2325,457,590,594
180,7,160,6,1,38,51,302,18,376,16,851,208,187,61,99,108,1819,917,8474
4,1140,1133,252,601,846,560,1848,10,8,152,181,112,246,1436,2849,131,673,3098,527
8055,200,13,2214,29,425,1109,665,1380,136,935,941,4883,125,2285,238,514,117,2131,1112
393,1125,32,617,356,61,88,615,558,1884,6,62,582,542,2455,371,20,669,437,114
18,600,12,735,879,93,2,1306,21,691,159,963,1,645,67,311,90,2196,825,1132
0,1785,103,430,760,245,23,1106,768,228,3537,959,31,140,4,13,780,5281,569,358
4,1530,4,1268,15,82,3,109,521,712,1303,1127,179,121,560,129,58,2268,1796,4971
594,488,184,903,46,216,1,1533,71,15,815,16,1444,645,2470,1,32,681,768,251
207,811,1744,394,205,274,485,117,172,1155,102,0,283,978,233,118,24,1083,146,224
1098,434,525,2845,281,235,22,226,535,590,2,22,270,78,217,336,743,475,844,146
539,883,116,1,32,512,159,1404,3876,1470,237,1877,2795,828,311,163,860,110,24,190
678,1,3827,1352,444,318,145,6332,322,154,284,418,2021,905,1230,161,198,82,1635,837
1014,5897,486,259,36,0,68,12,383,1438,189,780,216,657,76,522,0,1325,1350,415
310,1057,1,662,102,1590,1126,1,5181,309,17,12,933,201,300,2499,934,846,1543,30
1740,577,838,563,11,126,0,4,5242,1,224,2287,270,908,4312,7,203,5289,17,1557
4020,806,149,2105,20,1583,0,186,3,819,784,340,1650,25,384,263,49,1006,1731,2977
183,139,185,2843,457,2396,205,6541,808,272,17,3884,19,3297,685,5980,31,2968,79,5172
