-1.0808628599432066,-8.908966631493428E-4,1.052566942445291,0.8561697396536253
39496,214,607,243,321,107,1168,1,312,343,197,1519,1535,505,477,2,913,136,216,21308
176,771,441,1273,1601,840,159,591,4,1117,1199,769,531,887,18,732,293,2803,1516,1217
742,50,638,1371,435,159,492,173,739,244,11,195,293,336,2395,770,950,733,3152,1324
630,53,660,470,966,175,84,84,422,671,305,429,879,727,1637,439,534,898,367,2162
628,910,152,745,679,1988,46,258,1187,1371,44,2458,1510,2702,756,56,75,686,159,139
795,2271,1191,1182,681,1029,157,1120,68,2164,2028,680,864,381,344,506,359,247,69,1297
87,960,21,613,402,880,504,997,1415,1393,36,1190,293,109,147,176,1642,1793,1400,1487
279,155,1372,448,141,1387,532,1123,788,812,45,245,402,318,700,1003,201,804,529,213
1394,144,947,558,0,320,707,130,373,499,1163,658,0,469,111,0,0,812,155,871
1101,1242,319,1559,352,383,77,209,1154,1309,7,1219,3781,1751,428,3031,825,58,431,74
620,956,0,314,209,0,77,79,599,336,240,805,51,1783,514,713,1864,1714,390,581
952,661,247,292,209,45,1930,374,106,283,334,1354,1773,2124,14,432,208,1664,782,1332
46,0,918,5,2232,463,592,1705,221,1148,203,1002,9,2195,16,722,331,1962,0,2938
439,393,962,403,328,1025,2151,92,293,305,385,597,628,598,42,3894,780,889,1816,575
992,511,923,432,403,1332,711,1272,1392,1790,570,1132,593,484,92,135,424,1360,339,363
363,1036,210,1421,1027,8,833,1454,383,741,102,1620,1179,0,431,1692,1682,590,1882,1708
1500,1244,63,693,290,463,350,246,840,793,377,944,713,373,388,2325,1506,1139,229,724
2182,412,938,2714,942,2197,2733,53,20,113,453,283,43,1786,380,756,9,1976,527,1208
63,227,242,321,1477,141,616,530,255,527,373,377,725,10,497,3327,1297,22897,584,1612
1152,83,286,430,884,363,625,1079,2630,639,534,132,302,1189,1050,236,371,2069,390,496
