-1.057373382618747,0.05063959710432101,0.7754871309374344,0.9003956212899639
413,560,397,786,1004,229,1234,264,100,398,416,92,597,2081,139,304,559,477,83,270
1385,1997,372,7,1893,208,251,4426,421,309,1248,497,1725,681,477,133,400,1032,488,101
598,345,891,2034,1451,604,762,392,656,432,9,437,1310,0,977,11,137,149,1110,455
1530,136,1088,155,160,1034,0,246,764,764,650,329,0,1195,396,424,260,726,797,632
651,297,763,118,514,915,4248,528,32,447,418,719,399,459,860,119,2004,802,1768,805
412,233,382,2285,0,5,413,269,129,76,1101,1335,257,923,805,1326,922,402,1222,478
268,437,580,578,1558,403,1074,1338,118,943,376,1110,600,943,978,62,219,604,805,513
855,316,214,2098,222,1719,107,105,422,1010,349,1046,599,911,1142,266,732,1653,1057,186
238,325,505,1413,957,31,10,1752,2563,333,6627,521,895,684,1358,299,334,0,244,735
4,1536,230,300,398,606,213,6439,2556,8941,4287,512,83,727,665,934,2672,523,10,990
475,723,2074,177,458,801,611,3616,1232,667,6415,2735,5126,840,2010,677,2114,1550,487,444
280,778,2641,75,224,27,799,340,635,13025,1798,8002,1924,687,3374,57,949,545,1393,1623
545,1049,1,770,1233,2507,1404,886,7019,13680,1100,7654,3187,352,1172,426,662,192,222,316
398,455,307,1461,3,651,6819,4210,1310,2103,967,6,835,211,1137,352,369,772,321,1236
33,115,677,815,1201,424,518,892,839,856,629,624,1459,275,492,605,2682,897,332,553
544,1074,624,158,3,41,620,1121,847,939,974,422,1252,477,384,312,1207,277,1618,102
1134,995,51,678,548,1180,872,123,416,136,761,287,600,825,732,309,52,682,723,434
3,94,1145,821,630,253,1748,138,65,552,630,1558,630,991,522,1718,113,1659,403,742
932,903,261,1192,300,705,1044,523,133,381,1493,470,1209,2401,25,909,425,63,913,929
286,1290,436,475,1632,374,875,790,824,785,464,1289,839,934,347,949,642,33,604,691
