-1.013355578249586,0.04516106479656184,0.8067303794784653,0.9222066492529307
405,805,891,165,359,475,1211,1545,764,1279,49,585,1002,31,183,798,3451,305,526,85
582,475,257,1128,155,411,56,158,591,948,3348,213,37,1753,179,91,28,1332,1223,109
320,76,270,248,1339,68,381,759,86,2381,958,910,1186,63,251,375,987,643,348,1029
287,66,221,756,233,365,849,414,2352,253,966,497,461,362,1934,339,69,793,3143,705
1636,802,1077,427,2489,308,502,893,224,1110,1985,218,320,404,613,371,324,653,255,665
1303,282,298,224,817,748,1116,2208,2249,642,1270,2325,255,1141,28,217,792,222,1769,173
1314,419,137,38,194,748,1981,575,2016,156,404,1857,1213,1185,2593,630,85,368,0,874
1402,767,490,373,612,2067,1054,605,318,1642,0,885,281,963,907,1046,445,393,1860,2121
712,514,360,2601,0,118,1080,233,1627,297,2475,666,335,2347,2562,180,493,321,262,2245
504,88,259,1235,2805,397,1274,1134,2142,5208,4035,893,3047,795,2512,584,263,266,130,254
1011,1790,507,90,954,602,4447,4152,823,7959,6823,145,2716,212,646,803,1122,270,665,260
56,485,2746,584,1913,1728,114,1737,2376,2880,3602,5311,1603,652,788,434,1297,193,574,123
1035,113,732,367,1684,1698,1470,542,1847,4128,495,501,1764,136,2012,1041,1380,1788,660,673
17,65,4,595,1522,1006,5559,281,821,3259,1222,592,957,766,1673,287,866,570,893,326
4,1423,1080,316,3555,212,779,1017,772,4884,116,388,560,1334,2454,1574,37,592,1274,1703
592,429,918,816,124,618,421,370,1103,2641,1706,1326,311,0,702,0,188,1364,2028,336
71,561,188,190,107,2444,1656,206,1530,2039,280,935,553,108,3264,434,510,666,897,293
388,1214,424,137,499,3506,48,855,20,1767,1368,608,1970,850,1600,177,188,379,71,126
464,210,348,1084,1106,332,320,501,89,424,570,880,137,499,818,95,620,556,819,482
253,90,499,292,910,4292,562,2477,1167,64,964,2969,974,879,335,200,12,584,164,1293
