-1.2355258661715562,-2.1750939005439604E-5,0.8236454883814087,0.8492121086046162
802,286,1030,233,84,971,1089,1450,222,1966,47,1417,98,1227,176,148,324,224,474,3450
361,942,611,73,2096,254,1046,234,1635,174,2926,219,36,198,71,421,470,38,1914,201
167,0,0,409,62,839,183,1223,452,557,2652,60,997,208,1288,43,937,1501,47,2004
213,259,1304,48,53,919,746,916,2217,929,636,127,3779,340,1814,232,4041,334,1738,625
480,702,1207,1873,1331,600,457,1919,1611,1350,812,379,945,1832,2,315,530,194,572,71
690,1199,65,110,709,183,72,330,734,75,771,25,814,491,97,107,908,1205,50,1070
222,781,1070,488,1394,722,400,752,268,2940,296,2788,138,1,2914,305,591,1870,565,280
988,448,881,12,1846,3182,736,124,30178,745,1079,1501,67,1510,1088,239,179,1294,79,415
32,0,1643,1129,1250,400,3645,687,1048,121,40,344,1,1079,2,2,757,566,615,716
939,316,461,623,1052,2581,394,378,21384,689,576,590,4646,7840,128,537,5,1539,1279,687
129,228,1518,80,51,2471,0,122,786,1528,1998,210,159,76,163,37,0,56,29,1143
51,414,727,174,2813,1912,391,894,180,110,1854,890,1030,155,399,1458,254,1096,128,2031
133,125,314,1857,300,268,1132,1831,1040,163,14,295,51,1744,1442,679,763,494,138,850
1461,2152,417,517,2306,359,0,2370,605,674,321,172,459,1480,281,791,209,108,110,578
295,1792,2400,266,2332,146,1174,854,15,589,200,0,2824,112,1628,23764,328,853,151,1303
271,97,1461,327,1131,295,1217,982,58,92,706,879,167,198,189,71,776,36,554,406
1695,204,166,663,422,39,104,25,227,40,331,45,203,1746,2344,654,1681,1833,358,196
338,651,685,69,416,1650,3908,204,431,0,188,165,80,990,0,311,530,561,223,869
4,1205,24,407,281,682,1229,99,27,630,2188,452,647,0,504,65,915,375,1320,306
416,1561,60,74,216,1136,1440,1334,34,386,290,17,2858,283,582,1137,190,188,274,2437
