-0.7206825521013199,-1.151660310004314E-4,1.0536872572064597,0.8966079409163639
30296,728,395,1299,1641,578,505,174,850,1323,1184,1520,294,1228,606,1403,1563,852,296,12457
725,1983,57,1463,318,1070,540,833,172,309,1501,1497,722,1305,580,1321,941,493,1165,168
154,1320,695,1222,245,705,97,1276,1512,1260,723,888,887,742,353,305,307,7359,1099,569
1385,536,299,1088,263,1181,607,893,700,229,639,333,1592,0,506,1376,612,1001,478,579
461,1088,668,724,417,412,440,687,1140,1017,398,927,344,112,1231,286,192,638,1618,980
535,282,848,429,544,2211,283,498,1340,275,393,645,856,342,332,417,1478,988,259,257
1047,209,546,184,1389,249,0,439,192,1860,306,323,0,865,1115,631,171,131,609,806
270,569,672,1336,1162,832,453,996,1500,499,1931,1070,769,118,508,227,743,611,409,326
345,910,937,2223,616,585,646,329,814,736,551,753,1223,238,388,492,686,841,2037,985
631,370,90,606,2271,310,1022,584,786,665,1125,1118,617,183,532,456,1127,1160,432,953
1338,196,295,657,257,1048,389,699,304,504,1354,1432,1055,899,153,1090,1715,479,1708,204
593,1839,161,1396,1277,544,267,976,351,753,762,292,314,1732,652,506,163,0,721,369
560,1088,505,1014,184,1020,776,685,937,1278,218,403,337,2013,822,661,1102,1086,1014,463
875,861,262,911,685,980,638,0,179,1851,314,320,960,608,0,774,210,407,961,539
1327,2091,1479,769,0,1603,339,799,784,937,165,858,1109,185,743,1328,505,1088,575,1194
965,1192,532,264,733,77,598,1522,376,1361,283,1740,0,778,518,486,1760,1720,427,395
2021,599,824,5157,257,707,627,978,1066,137,418,1290,769,1060,331,246,1325,504,468,232
1675,404,608,1175,907,565,1097,355,698,1204,566,1148,221,842,1780,1114,665,337,1026,0
1017,294,790,760,1227,195,436,566,897,149,326,790,1115,637,843,571,1339,16098,227,633
818,974,906,529,1289,1018,931,527,1100,706,383,525,139,361,811,1325,1365,540,889,15951
