-1.7579898062515689,0.001488041882922879,0.9937086865508498,0.852779158114997
178,24,4152,0,323,36,690,654,578,151,2659,46,121,2442,432,6,242,348,24,1510
3555,904,259,1593,846,1758,634,76,143,495,72,978,8,3759,515,14,584,3259,1141,2565
3649,22,6206,14,1087,441,726,153,1438,77,33,8,84,45,3316,182,4102,2,1182,72
116,126,1036,74,90,52,703,862,580,302,1149,50,4236,167,52,2768,194,5978,1432,4163
745,280,420,70,135,72,421,243,1030,1271,332,2,1182,113,863,1511,2,65,312,2467
3413,2,961,3602,1683,287,276,5,1,147,16,1130,899,834,26,19,2568,0,32,3052
227,0,1,702,1711,315,3,210,294,4,4918,1,888,1723,1826,542,1,143,8,1
2574,3511,285,1,437,5133,1575,91,493,1,360,280,4,495,114,506,641,233,876,425
839,131,4,817,47,202,119,543,377,5159,39,1122,1086,443,1981,1164,1,93,3137,100
699,1715,418,374,266,1,255,79,425,1787,1706,178,120,482,450,148,53,10,259,319
442,3,174,330,360,112,3219,121,319,503,189,409,5418,811,102,5221,19,49,317,2217
3526,1976,309,574,856,2206,270,31,2,874,181,437,203,3946,379,733,141,6,261,32
112,68,114,1,596,5,496,0,580,793,1,465,1544,236,233,878,3722,3,12651,311
908,132,2999,1157,13,173,349,62,0,1943,1,1847,2270,334,970,637,8,156,377,466
163,221,78,233,458,1653,326,21,1110,696,61,1993,106,168,34,2,4832,3609,154,1788
3553,139,288,219,7,1,1099,105,19,702,12,149,574,2460,0,1329,70,9,687,0
2509,12262,1813,5142,80,707,545,675,0,1293,8444,83,410,0,29,54,681,1670,521,0
5478,526,3709,1492,488,2632,550,1175,25,103,2524,1555,274,482,3110,1411,373,1,3828,3
14,105,4704,521,132,44,319,673,14,40,308,1862,1011,17,2653,499,1777,99,4105,1151
1777,8,13558,1681,370,1097,426,2300,12,635,215,977,723,128,69,7,2243,21,10,936
