-0.8096745118295404,-0.00456049050783426,0.9982470236837208,0.8399621494602153
569,682,596,270,863,864,742,131,67,714,1007,1325,1403,1617,898,37279,1103,430,339,89
411,75,497,1385,327,86,517,1390,0,444,444,1200,430,58,414,116,473,961,546,1067
1260,353,674,1617,598,652,1321,786,1503,161,176,1232,559,146,521,200,410,783,298,297
235,437,294,711,450,559,901,352,459,263,603,1617,155,507,617,1250,750,207,1867,1078
817,228,607,1060,1120,359,763,160,1183,481,137,629,7,144,772,561,1561,591,666,183
132,704,1209,960,780,336,823,1138,463,787,1306,561,1068,395,299,397,697,367,699,689
0,324,235,483,15277,413,242,378,242,561,849,452,351,113,1627,206,744,1408,525,295
842,417,1425,981,834,446,761,480,762,268,688,35,981,926,753,605,259,954,347,404
694,506,643,463,593,774,363,488,1058,732,451,963,482,389,797,626,348,155,791,888
634,16487,544,652,1614,700,866,374,577,878,553,0,244,240,471,1108,731,460,595,393
721,269,814,172,560,2189,274,468,196,6694,548,206,416,993,1080,361,497,327,295,0
84,340,479,70,318,28,536,335,487,641,346,1661,886,259,666,430,863,1150,606,14438
327,1822,1501,1401,53,765,165,910,708,459,310,263,580,508,133,262,1911,666,479,240
1430,1304,332,608,484,129,856,416,637,685,614,282,974,525,875,999,988,0,620,424
322,1399,841,534,389,338,678,956,2995,380,1453,546,468,216,53,699,258,252,776,134
451,1132,270,825,0,587,0,53,1201,519,931,1045,241,201,1559,253,126,528,444,144
901,510,442,207,346,1901,2051,436,898,713,926,721,342,545,578,468,518,1160,277,886
571,821,1555,763,761,1497,1117,509,735,116,416,674,905,686,464,373,1832,1047,593,408
22376,540,532,599,491,158,787,569,686,785,280,280,348,1497,306,645,710,697,724,263
355,697,839,477,1502,619,367,204,725,126,1098,498,439,22064,707,998,442,740,1159,436
