-0.806001879834969,0.053083721562887334,0.9063285531614877,0.9488146375379547
411,156,1259,435,1790,139,323,335,1760,652,794,985,658,1194,1120,968,112,1428,122,1939
163,931,1115,767,769,1335,984,2271,1627,426,2558,494,489,170,751,1026,1103,1806,731,912
603,1130,1282,1184,362,1170,296,1018,1213,534,1763,832,2632,739,969,260,454,987,2324,1191
665,785,579,351,298,429,332,204,747,859,233,1239,374,2897,549,2794,285,4086,1546,2158
558,2574,672,883,300,732,342,509,391,1627,2271,472,988,618,1308,579,608,678,1388,2449
291,678,770,217,1607,1073,326,1094,655,796,925,1104,0,333,2169,3150,1554,1064,4266,772
1909,335,431,1140,1679,327,1108,236,1130,186,341,1752,1153,618,517,1076,2055,2854,2573,2332
1060,271,423,432,595,349,872,410,190,1707,1077,668,2358,605,1287,1123,2873,2918,1971,315
1051,304,731,265,170,374,140,253,350,719,435,45,701,3411,870,574,3070,6261,2409,586
1719,305,751,166,115,511,1058,1556,1912,603,857,842,5,3021,940,2523,1093,739,1934,297
1267,2615,107,478,241,535,501,1575,549,360,959,476,124,1687,2115,2196,0,3176,1111,1465
318,953,1347,246,278,110,755,1732,388,20,1108,1801,933,435,1220,2312,944,1673,1861,1588
341,54,459,338,795,94,443,1048,482,724,496,1398,575,112,1566,1426,389,70,2047,812
1271,0,2215,846,1287,508,248,226,539,152,650,358,537,1305,1030,927,1877,2171,112,2676
679,180,506,929,150,716,1876,1310,27,333,1534,1787,429,694,755,408,2229,829,653,1014
1666,170,89,385,541,401,1581,632,794,330,0,2044,1729,246,2493,680,338,318,1479,642
818,501,0,166,2621,1929,1220,2069,893,2241,1365,1102,679,434,72,2908,1585,2549,466,623
1655,1104,1074,1419,765,1091,464,1529,1564,1331,343,694,485,1196,1609,772,672,1180,287,142
161,634,568,1180,911,919,824,115,626,1167,1018,1152,652,1212,25,672,657,0,928,136
830,771,1726,110,1188,104,424,1212,34,1146,698,256,684,13,479,543,301,1202,65,737
