-0.607391574612607,0.052917796154491194,0.8510236993626641,0.9689838831404831
953,1178,317,520,386,935,547,1212,747,0,816,500,1124,648,707,1166,306,344,231,841
0,971,676,0,1484,1034,1042,324,486,1153,1197,2350,770,1605,1623,0,179,303,1964,570
1172,332,475,603,1245,2045,931,624,1215,778,1576,1100,1076,453,2199,1087,1813,794,1764,939
1336,634,416,566,1777,1344,1230,485,910,2501,610,1018,1534,1007,1401,442,1367,1477,2075,218
1244,570,699,324,970,1665,295,1173,1064,1235,607,1291,1265,705,1674,1064,1399,1269,1164,82
1233,939,739,1839,1291,1014,426,1026,1116,1703,872,1232,2517,1592,669,1015,458,1454,100,1069
1029,376,604,979,906,748,766,4,934,979,1818,1827,167,2735,2179,826,1430,1447,1102,459
474,361,369,650,989,2123,934,25,520,1388,1718,2096,2058,280,942,2108,1477,903,1178,637
1063,663,676,796,1528,931,110,673,1023,1027,1351,1827,2291,1032,451,1229,1220,1180,329,1122
1096,877,686,956,1075,1116,599,539,1081,1626,977,1170,884,1069,498,2568,1684,889,1077,447
901,247,1048,34,1016,518,845,986,489,1490,2502,1258,1162,1944,497,24,864,1913,930,1797
879,729,631,675,1431,869,1124,765,1875,646,2382,1220,3666,1064,2568,2319,1041,699,766,289
661,190,443,1321,273,2699,1401,938,1802,1786,1486,860,1746,1511,1519,3255,2285,1937,1109,512
1076,787,1642,892,68,1912,1612,1898,1108,969,318,1339,2164,1996,928,0,1513,1039,990,789
453,1426,1526,1045,588,207,722,608,1291,1980,1056,527,973,1547,716,556,464,1170,1315,449
446,290,418,525,263,575,1109,594,914,1364,1277,767,862,1017,1507,1302,1226,1559,1197,331
533,669,319,478,875,1269,944,908,615,1444,1186,965,1898,367,487,685,765,198,425,99
555,105,470,601,675,88,653,75,1276,1065,189,1361,2035,1098,861,533,636,396,103,787
682,252,855,1159,944,995,1101,297,730,1190,590,824,873,849,334,345,522,1296,415,337
164,189,124,379,288,784,387,320,1132,1108,305,971,728,157,769,845,510,460,1478,706
