-1.7696967745570618,0.008967122540851458,0.8204463310923221,0.8482535168059482
1202,39,7,36,3678,69,255,1206,1635,2,913,2,2061,58,1653,79,593,945,33,283
134,520,80,1,21,29,439,503,3310,3023,4375,1478,3111,1762,285,217,55,3,187,3262
26,764,31,44,38,5,15,2929,477,5841,89,954,694,625,84,147,232,248,317,43
5,373,252,2490,468,1094,62,1208,473,1,1494,1,1,53,960,0,2711,677,523,134
94,1,1,275,293,5463,1149,0,119,63,39,11092,170,2208,124,244,485,4,741,7
167,780,1296,1494,263,1078,3664,503,214,5389,0,747,1283,3472,0,31,544,94,491,398
406,2910,576,137,1,314,368,3471,613,115,1940,100,3829,0,851,2958,249,24,2358,146
211,110,1764,921,3437,3406,7,4692,139,1122,1570,1451,84,693,48,0,825,3,269,82
1672,1168,90,219,2689,165,1128,1,11336,3731,669,2,76,404,1599,1473,269,1219,626,46
980,108,258,2548,307,472,1817,0,24,285,7751,9199,6,1507,3,1034,2220,2309,593,1049
3,6196,367,414,3,153,0,0,456,496,3998,1,269,76,1381,241,744,3902,1715,1330
786,192,225,154,1,1136,1493,24,1878,1083,1742,661,19409,3436,10,306,7,125,279,1940
171,837,326,1433,88,2,126,1841,49,86,2604,210,1397,21,191,947,57,0,350,511
940,174,60,0,551,4,52,233,6076,11,292,899,3660,26,714,2362,613,2016,309,2
20,32,170,101,2,1718,1071,1226,395,5,220,2665,0,156,3265,227,218,789,1454,457
4051,99,1,581,1,396,91,681,1140,686,34,2,45,492,19,3,4501,9,479,72
375,129,925,1785,2147,33,917,2,528,31,170,3646,335,13,783,456,1499,624,30,1675
1599,58,613,112,3799,661,105,63,481,883,1007,910,16,138,544,71,38,1,3296,198
794,27,886,3,330,1508,528,637,15,105,430,62,1286,867,4108,11,226,222,1867,3007
896,896,238,301,828,62,846,321,84,1066,527,74,1848,418,7,200,222,123,2835,115
