-1.2908190884565724,0.0510178656979938,0.7998397523128072,0.9016041831078694
173,549,1006,54,398,260,50,22,165,161,119,2216,1839,923,907,308,1152,707,401,73
390,181,485,202,348,473,138,907,183,842,707,51,29,1945,266,488,244,271,657,339
44,4,659,363,822,41,165,10,562,894,789,314,354,2466,158,11,66,126,393,796
127,374,79,27,348,280,957,298,30,49,607,612,179,451,14,368,631,137,2952,1461
1189,75,3,93,666,490,547,263,2136,761,848,1939,747,541,37,285,914,542,1614,433
1733,286,745,28,841,378,45,2326,185,147,310,51,348,886,156,14,867,57,89,1323
1103,3090,58,843,3,415,345,482,3283,85,974,239,712,427,5974,431,371,2205,279,26
274,206,609,1105,53,1521,11,16,1059,866,3187,143,389,236,654,1578,812,449,690,1126
289,1102,357,424,255,1653,177,5211,2101,286,699,3610,1476,247,2454,53,4615,1233,516,1581
257,271,490,5,518,177,1511,2899,2098,1937,4107,670,0,1492,3846,545,518,2144,1150,8
14,472,1130,54,553,410,1116,2336,2106,404,3926,7798,3264,698,2145,23,834,278,561,699
14,923,548,959,140,443,151,1743,3123,973,369,4322,3110,2861,3407,1024,1624,1615,99,238
1359,152,874,6,918,972,209,1928,2331,662,6082,3889,1741,167,4671,4991,3039,4581,3082,236
227,314,628,466,1286,0,32,2688,606,237,2352,857,243,260,671,4707,4557,673,887,1090
21,20,581,46,1268,18,1867,478,1677,260,1419,5796,3891,422,88,1020,176,6,387,729
1169,932,1686,761,388,796,753,917,1132,182,1310,2844,11,1,152,3022,502,506,2881,792
2968,1174,60,858,102,264,595,144,346,340,680,294,914,2002,8,635,122,408,936,1118
51,226,723,28,3830,213,828,15,612,2196,3218,757,1738,617,428,1186,987,90,787,94
208,3,150,1658,867,1912,92,1376,112,166,312,1028,123,1450,175,1942,2065,810,2867,217
174,1122,708,1000,561,386,4061,6121,1175,756,329,1550,1606,34,280,14,644,225,1714,220
