-0.8330761121524127,0.01857988380891417,0.999566521431979,0.9507385094568345
1052,3354,1642,1358,453,674,1387,976,537,1069,921,510,1672,267,591,694,1382,349,1774,4971
1202,1186,2504,499,1768,1005,1177,1692,1818,794,1606,306,1946,1167,1247,567,1583,3862,446,1674
437,777,1421,1803,1615,144,966,1173,296,558,1147,933,452,265,1892,1430,34,151,325,737
405,665,2462,1257,4980,1493,826,1144,1218,887,1339,1819,481,1549,298,51,380,695,1381,672
1608,373,2438,157,1259,757,1206,2444,376,480,782,712,754,327,1460,1024,1517,3441,583,1414
895,1796,1277,843,1026,907,177,1308,181,959,754,596,891,1960,430,1775,896,1801,738,498
394,381,3375,642,1448,635,540,1734,351,111,560,425,134,136,95,589,666,1475,312,1011
1728,123,895,716,1290,672,193,95,249,1408,800,428,2,8,368,920,226,928,305,91
1210,221,343,0,596,91,713,492,515,121,531,532,391,2,640,239,585,526,299,492
426,2185,630,273,637,369,652,77,853,859,385,164,307,210,4397,304,1708,518,1246,154
212,51,2727,602,1563,831,1705,260,2728,239,327,1240,1583,171,348,742,241,835,1996,1675
450,1477,946,175,1358,255,266,535,508,272,1,329,147,418,400,1221,1018,1744,260,1336
2106,577,799,1388,130,345,228,930,1254,673,650,757,1075,904,616,651,435,1286,1078,1106
1888,860,1885,995,1770,558,542,750,761,1481,247,369,654,468,58,213,1116,741,1360,24
3145,273,710,378,563,575,494,170,1276,182,117,1245,301,1171,391,625,1237,1120,985,384
446,1221,370,970,742,1409,677,598,564,1535,1187,1133,467,340,2226,1555,1361,723,3631,821
1810,574,4,400,1175,715,984,1262,194,332,524,123,204,349,2149,2353,1252,476,1789,1244
1503,1658,898,107,463,355,422,272,250,4201,134,417,10,1371,1943,2027,354,926,2459,1347
2018,1214,1642,1522,1300,620,1218,1043,2218,821,1516,967,607,355,1395,681,1073,446,3043,694
1400,2635,2163,1334,978,792,2606,1072,1712,1088,1267,2542,3230,1302,379,1017,787,1533,2629,1244
