-1.380074467885407,0.049688234209776284,0.9125872110899473,0.8981866795531578
229,540,1297,2136,718,746,870,486,997,539,3308,1,754,826,1417,65,0,605,4007,2542
118,1974,1130,1892,81,710,2296,0,213,74,1146,2494,2585,531,66,147,2,122,32,1816
2860,1338,1675,457,358,310,146,348,1163,108,6,907,929,1153,1115,1407,1032,3746,1094,747
982,602,1592,271,46,570,517,962,592,166,170,554,18,340,176,2,793,1460,1027,332
629,102,585,12,486,616,999,664,747,69,584,26,1744,457,420,110,769,5,403,617
860,3321,90,869,645,1716,109,863,27,427,585,1007,634,1198,1140,146,149,405,336,49
826,662,303,3,361,654,4,16,221,69,80,1359,186,1068,1162,209,515,521,2112,928
52,37,30,657,208,330,1381,184,11,5,3368,1774,355,1557,0,1766,2572,1819,1201,2276
335,2127,252,1499,543,187,149,15,473,1522,2743,27,513,0,11,1257,13,4,2235,340
707,163,1181,2079,666,150,288,1,87,1,1036,1336,24,761,4543,3195,3524,739,623,141
1945,310,987,712,0,3,32,1329,1388,655,401,2170,60,136,4456,5193,8596,1961,6783,834
586,39,812,424,311,329,289,1065,433,830,434,373,1593,1672,3749,7519,2207,770,304,798
158,269,446,1430,616,1511,125,194,6,0,0,253,228,295,551,5742,4349,63,1193,3131
49,4,2205,2241,60,802,468,2567,46,601,138,1009,1058,115,244,2391,2498,2986,732,3069
3194,317,995,31,2930,1110,724,4,2040,554,679,201,480,354,229,139,4220,1409,1110,7009
670,1340,246,512,175,358,153,415,26,3549,595,0,285,1816,1153,295,679,0,1467,54
218,726,1,4,696,1107,588,152,559,833,549,1297,756,1521,5380,3783,617,88,1435,2284
196,2142,275,17,1073,185,1657,385,346,262,163,1915,594,932,899,130,1319,419,353,1532
443,94,157,6,86,1,394,323,107,2971,1045,574,2893,319,321,2390,90,902,425,333
1384,1715,89,569,192,2227,3720,1029,26,95,26,18,2961,14,2986,4023,2706,2905,314,17
