-0.7417969051833972,0.008334274900314806,1.0494408868891778,0.9298846188407023
23439,2084,1929,1117,500,673,2455,1279,964,1312,778,468,3368,1382,211,2058,1456,2052,1590,8107
937,398,1084,1811,779,900,0,798,2150,219,948,438,574,1941,999,624,619,1207,1235,410
696,2055,1902,1725,736,350,390,768,2235,227,18,362,821,0,1223,572,1387,1111,957,1358
554,467,1748,610,403,557,254,382,370,603,1569,686,800,936,998,1385,249,488,1448,4791
390,1647,729,1662,337,795,254,658,271,376,331,584,784,404,1204,587,266,177,872,329
1656,952,273,710,751,313,320,1612,523,876,1309,857,767,80,48,840,1218,408,871,349
924,325,843,406,635,1330,432,756,1072,1084,427,749,1210,483,670,812,931,389,1639,1471
907,1903,745,1580,1073,1874,766,1200,638,1272,657,168,1285,767,0,302,593,1518,522,0
1052,171,1196,0,1182,714,776,434,674,348,544,1645,706,379,526,299,373,1541,874,1428
1791,24,968,283,1173,700,128,512,7,293,0,376,429,770,1809,1335,481,447,1451,217
1267,1262,1359,599,61,0,475,281,83,194,499,1265,1320,1008,0,133,0,903,1641,659
1896,357,449,551,132,1163,607,250,113,307,1191,683,135,644,1307,829,128,207,563,1237
826,869,1082,228,459,1065,318,167,197,482,532,1442,391,700,1712,1434,454,826,663,380
1262,1192,1517,1352,1581,309,605,150,616,1251,361,362,1083,232,511,804,2527,1349,493,811
1784,391,252,610,840,216,1386,1688,414,467,2093,978,897,351,561,609,667,1928,290,959
1271,451,929,1184,1314,814,339,501,970,543,578,1521,645,377,771,716,1374,485,380,1708
1820,446,1042,414,58,2122,694,988,625,668,123,959,330,1181,1142,660,210,1609,991,1103
741,393,116,1411,961,574,367,974,138,838,1061,617,319,2492,798,410,666,795,1124,5321
1539,820,890,460,890,847,976,409,0,754,118,559,629,1629,1893,1384,746,942,3098,1032
3102,1848,1253,1250,201,593,1402,379,2599,1110,741,1606,494,762,1126,1000,7549,3937,1470,2042
