-0.376149426690057,0.04947180836697139,0.9004588216637389,0.9863599906936437
536,344,1100,540,1877,2119,1049,987,920,719,697,595,734,1226,1395,1472,1471,1189,1742,490
961,723,1237,1096,1122,500,595,1206,1017,1407,828,769,1828,1024,770,1080,437,1516,895,811
1177,877,500,860,711,580,637,1141,980,709,1698,967,1537,875,1066,257,1393,1340,1605,1287
401,839,592,830,760,692,1381,552,1435,978,1059,937,1168,1136,1512,1069,1333,1184,895,907
1076,954,983,798,609,1425,1075,998,1048,1010,1330,805,1248,1276,1068,1207,2223,2244,1013,644
823,729,797,733,1496,504,246,820,1592,1629,1924,1835,1275,1812,1310,1516,521,1167,1303,1354
760,995,1566,703,690,616,899,673,692,1682,848,1572,839,1977,1913,1182,1122,1642,949,795
809,441,1368,900,1018,761,1055,744,999,1278,685,2064,892,1513,1023,1671,731,1060,1007,811
1165,761,1075,979,1272,1188,880,1039,1167,1510,1286,1426,1976,1397,975,1033,1217,1539,767,912
943,1558,966,965,287,504,510,1533,951,1638,578,1422,827,586,1373,466,1027,853,1251,1675
311,1220,1044,334,317,961,553,1122,859,1415,987,1582,886,925,964,651,1478,885,852,636
379,432,484,955,820,887,660,1042,1045,1160,1484,909,0,555,954,1349,815,1097,1081,659
947,583,926,1136,654,980,936,1183,1486,1087,921,2017,1163,626,1142,1533,852,702,514,900
916,1134,1045,338,621,1047,1088,764,822,1275,871,966,974,641,1859,794,641,620,1125,1279
939,676,1285,464,597,1246,641,1075,966,761,430,1057,443,939,1124,312,618,887,1285,1344
1224,810,760,1305,1315,519,637,1022,841,604,1466,539,1069,786,743,638,1193,1072,1146,273
959,1111,794,1131,463,651,374,1127,689,747,494,957,1172,1726,576,468,963,621,1237,1104
619,837,444,547,404,276,1157,1122,760,964,673,1118,611,1090,770,284,580,896,535,648
375,647,901,1171,234,632,358,448,1160,1531,513,847,2183,1219,497,684,591,653,371,418
526,1013,1525,807,1218,930,1138,506,1363,463,1047,888,572,1179,1575,723,745,744,1229,411
