-1.0419978596419082,-2.4969950767519847E-4,1.0640054538222354,0.8535037308452146
37849,32,660,1127,302,40,837,188,325,362,1353,1961,1478,37,860,37,1389,71,162,21308
783,423,489,1377,1726,1424,530,833,123,164,691,1300,615,870,589,253,416,382,2313,1389
0,171,403,535,340,181,1712,352,647,202,73,174,334,1261,1921,850,548,430,831,2158
630,478,680,88,0,2313,190,1365,494,649,220,472,1272,1204,971,640,574,714,565,6275
302,293,606,440,546,2429,51,540,1485,782,38,2151,1696,1211,465,50,111,594,693,136
55,2417,1087,1571,808,1254,57,753,14,2156,1158,612,1994,392,583,567,94,797,46,3243
164,689,24,1187,915,895,504,922,1217,1059,231,468,1357,37,386,249,825,1791,2342,1627
658,435,1117,75,56,641,302,973,456,314,104,520,108,64,401,490,299,1220,586,226
514,198,500,1057,626,886,846,82,363,442,390,351,28,643,320,368,1790,797,244,791
926,1172,166,1577,275,732,139,226,1246,795,134,1306,4801,1304,401,2006,628,7,404,113
1590,326,788,390,590,332,1605,47,529,213,1209,900,34,468,290,214,1675,1165,366,426
678,550,231,294,154,422,743,129,25,365,281,781,1835,159,549,443,203,239,1001,1332
193,32,120,428,432,480,791,2100,167,930,121,100,218,574,949,270,495,392,209,2444
46,517,1889,403,176,396,1586,101,162,903,252,379,3328,473,786,441,189,369,146,413
1050,450,1345,361,403,1380,0,312,801,522,641,447,667,316,82,409,1802,1656,2133,1239
482,696,210,2627,992,8,446,1205,340,1493,285,1622,571,746,172,1118,851,589,1268,2603
32,253,41,31,377,1671,555,297,1172,567,596,3468,562,706,393,3165,3209,259,224,730
1008,3138,814,1481,899,1639,85,139,18,1264,387,1905,212,1857,481,641,33,2032,721,1692
2786,0,851,516,2946,302,93,815,78,637,245,1098,564,10,177,243,967,25625,723,1635
1024,69,204,389,787,978,455,1464,1369,357,513,96,573,796,342,477,1256,366,733,750
