-1.112022691402669,-0.0013735718223905743,0.952469482883152,0.8491952993799577
282,1059,355,1002,107,1108,30,44,586,413,2604,373,0,351,1121,1438,602,0,337,114
692,335,356,329,1120,414,41,437,9087,458,501,600,0,410,1792,1168,132,1898,160,619
131,2574,414,450,1726,318,379,411,260,2878,1291,1326,893,2508,475,16,726,759,137,152
1532,2448,1035,522,635,362,724,1209,518,365,1727,849,10187,2220,215,475,772,0,201,358
618,1925,1409,982,196,599,354,829,854,624,1269,187,26,514,195,1809,184,354,7,371
677,1259,2765,803,254,167,1175,1004,2841,697,1550,1229,197,447,563,203,309,425,168,221
361,381,1483,674,638,1172,48,378,59,700,0,312,211,798,546,618,1176,23,354,6
1106,167,393,206,82,249,119,84,156,918,1024,16,917,1284,666,414,41,436,387,146
936,2,1241,618,411,151,939,335,30,326,50,256,543,394,567,926,523,72,500,745
194,112,1502,1499,2971,345,1183,120,32,1071,188,1969,473,484,392,945,1203,9,378,946
2395,3293,267,55,860,868,100,895,1022,197,11,501,686,619,484,212,582,846,232,300
89,11,909,1010,1683,593,148,781,790,957,5257,493,657,603,0,30519,4987,1687,658,264
96,37,742,553,74,665,502,1011,1059,502,833,540,1034,41,412,1089,1238,2794,199,759
23,635,589,406,1385,264,0,2488,136,353,212,455,1235,478,1597,188,1190,106,127,742
857,1245,29,807,1475,246,787,31,82,336,193,222,1670,257,125,1146,559,379,198,2467
285,832,928,383,638,241,732,317,1056,411,828,20,3680,208,1553,365,0,237,2650,1053
135,927,1564,902,412,1010,1215,566,400,101,978,693,993,229,233,2130,855,288,795,1077
491,0,1702,280,562,838,3,19,798,311,381,1658,672,1779,81,280,809,1156,0,2138
1222,86,977,789,673,481,1325,0,1678,642,720,314,776,3291,694,47,472,0,3119,2
866,33056,291,1042,2762,384,12075,399,673,1191,122,186,519,452,104,717,644,1152,1150,5
