-0.7595630421733137,0.050056211847401444,0.7987146178549874,0.9500360038637913
505,272,419,428,254,931,251,1877,1104,948,664,1198,849,256,169,666,981,160,595,345
242,428,1254,478,99,496,281,659,424,1586,604,693,777,829,793,472,725,355,627,1045
726,1820,839,1498,212,839,383,118,1060,582,473,699,298,1251,876,648,622,1075,323,944
190,175,745,298,208,1705,1108,415,1145,2672,594,930,305,977,792,592,1241,166,584,250
316,84,815,657,413,1235,1147,631,732,306,1393,862,994,172,1261,810,1031,2276,712,67
487,658,483,1130,1542,4027,530,894,709,2288,964,1259,417,1262,3492,691,962,1255,706,461
486,859,765,466,487,1558,1306,2330,736,819,991,441,1064,1886,3267,1015,781,488,329,4
432,237,847,662,934,2529,1970,1867,763,1345,1718,653,875,1122,762,443,784,332,1660,382
562,726,888,413,425,754,860,1666,2821,1687,1182,2636,2955,1884,1801,1199,946,852,632,512
1138,1545,1006,795,1815,394,2679,1392,1142,2620,1702,2469,1826,670,819,2430,2746,555,1643,481
766,638,816,818,549,3251,2205,706,539,4329,5281,3290,1579,1605,1558,1696,333,1078,1518,1349
269,1288,481,575,1530,43,776,640,3026,2447,863,813,755,1153,9558,551,342,668,486,1224
479,396,1581,472,2538,534,2161,2425,1601,3767,540,2418,2187,555,623,1078,818,330,622,786
737,690,1422,380,1095,694,1482,494,599,971,1210,567,1268,669,445,1035,315,1202,515,308
677,1154,621,1163,489,1075,1352,1428,418,2428,2370,1328,1017,1144,1113,740,295,754,462,373
766,1376,521,1286,246,792,1355,1196,2097,1546,2307,1266,355,219,1696,175,558,290,946,680
251,457,223,588,448,142,1536,2727,1273,347,382,173,270,494,407,296,818,1522,1156,833
75,930,239,203,320,875,581,516,157,1274,612,1782,305,940,110,299,716,368,274,153
807,238,596,567,60,704,781,2309,506,2222,297,266,665,477,691,903,56,404,216,370
93,409,25,77,58,455,2147,359,637,1734,1389,271,216,422,928,778,704,51,124,1151
