-0.8989376977097118,0.05727550587194678,0.8038806737066526,0.946859843293132
205,337,45,149,636,1118,223,1611,204,387,412,260,1066,229,331,275,505,149,65,300
251,638,468,1373,879,466,362,1661,440,367,472,1233,1481,1064,30,9,1285,980,138,152
637,1446,355,1100,1638,1258,975,2106,1477,529,772,250,1019,417,236,290,890,264,129,420
1626,425,377,1375,1690,679,857,1097,802,738,232,1843,238,386,822,407,1019,524,77,747
37,1194,698,1760,225,656,1889,1315,2418,194,1243,884,1377,1131,994,1195,549,319,277,782
760,1573,322,1263,199,3123,140,1805,3135,1721,752,2213,1940,612,2464,1686,186,624,1729,275
766,1970,985,688,2,1161,2206,794,3464,1012,188,1490,1618,1524,135,918,756,47,650,750
89,489,924,414,647,142,3420,1070,986,1631,2114,2178,1196,2202,764,1084,2349,2011,661,985
211,6,1729,3374,970,1086,1327,1721,284,1852,2627,1957,770,203,604,1297,514,1138,162,225
540,173,1719,318,1324,1923,1691,2579,1483,2811,4415,1805,646,826,3375,850,1186,1674,892,137
1450,0,940,25,411,1354,2448,1412,930,3114,3096,1436,1971,1533,1799,442,1589,1422,1331,1377
1411,92,685,1305,1737,873,1801,1039,1902,3375,1811,3600,912,1135,610,559,4174,1554,842,439
944,410,666,303,270,32,1163,1335,1282,580,1782,1713,3548,672,2701,802,111,594,851,1339
101,494,419,356,146,727,1378,163,1932,1368,1058,146,719,1128,1222,822,964,1075,22,985
897,835,249,1574,444,1035,253,1856,452,722,697,2946,976,1007,2780,721,941,1194,1382,1283
438,53,686,509,352,1579,806,1111,852,683,1568,3128,68,203,873,1640,0,1906,1299,138
588,883,1272,1297,0,892,667,179,2970,209,1142,320,533,1226,387,990,5,1520,1,298
323,263,709,814,603,663,32,1559,1133,253,419,714,620,1365,1276,1671,320,1622,195,93
486,832,365,229,372,1024,346,0,1462,1082,927,510,1606,808,1019,1087,22,173,190,1408
301,925,152,597,542,101,85,503,138,145,851,9,647,430,1837,877,12,26,299,854
