-0.47338657528173006,3.533947889264573E-5,0.9392466636432555,0.9776363420876316
895,175,1801,1240,969,2034,744,1160,871,1704,770,1036,1232,956,409,1055,2245,300,797,699
1089,466,931,1060,433,761,163,971,962,809,951,615,1442,2068,1807,1799,466,748,995,1165
1473,964,1503,1197,233,817,746,3264,1114,274,519,1144,1484,1014,308,952,417,2072,739,0
909,770,1243,1025,557,706,884,873,714,595,665,552,0,841,480,1465,1098,2439,1980,1003
680,909,1551,839,1108,1802,1460,2266,2333,294,1104,768,1411,890,1148,1270,287,521,707,1728
2701,600,1082,1456,941,1978,1442,366,926,780,988,985,870,583,1448,480,1159,1477,442,976
1734,1056,1655,808,617,485,884,919,1427,782,391,440,551,2450,1594,1133,622,628,514,1147
1340,395,1039,604,658,2483,753,748,356,1513,451,478,1436,2872,482,910,612,405,1116,821
637,1626,1070,1549,803,693,519,1424,466,944,751,872,1264,480,405,1409,405,1095,1136,933
446,656,721,531,1187,988,1163,760,1388,1455,563,993,408,1196,476,1005,234,308,739,664
436,495,935,992,897,1058,572,362,631,894,471,1024,1405,138,935,1388,1544,734,1317,2208
246,872,1595,669,992,1661,977,744,1030,362,708,770,407,842,935,589,1283,563,620,445
1480,821,757,604,854,822,1177,474,358,580,535,613,885,183,208,686,745,480,1062,1124
688,1600,485,465,1096,765,360,545,543,868,1512,763,1096,819,776,1132,1165,1019,1202,1075
2169,653,729,2101,0,0,859,608,982,1462,533,956,1060,553,1215,977,1185,518,1067,869
1024,1694,1212,1361,557,1332,1688,1147,618,594,1040,1989,1141,1742,765,590,1207,1876,1093,1077
829,1498,1959,1453,858,695,1690,1248,598,599,762,1083,1280,575,1332,2320,845,593,906,1000
645,1375,405,959,457,1044,1121,918,381,297,1222,1305,1040,1173,1800,849,962,1901,1020,424
704,2068,1067,705,383,919,1158,1993,977,1071,2061,378,1699,664,828,1167,479,1387,1391,1264
1280,633,1452,345,605,1676,1068,1982,426,881,1490,589,914,832,1014,1130,1128,1633,86,0
