-1.663674072050349,0.009523723868452953,0.7947284650464336,0.8496355474344832
58,3336,390,53,2428,11,808,789,694,17,766,1,3932,174,2377,135,3,878,51,421
92,726,98,248,39,69,824,595,864,288,5085,1070,968,2070,379,34,55,33,247,527
1,750,974,41,160,1,31,3727,69,71,79,664,1638,483,914,146,362,197,399,168
5,199,288,2666,531,1093,31,466,428,1,816,7,61,79,326,234,570,512,694,18
104,9,1662,120,11,5760,787,378,15,113,4,8891,891,3,3165,135,112,395,119,9
165,647,1467,1936,338,2307,2832,1975,120,2525,90,635,684,3117,228,192,709,54,123,308
223,191,177,363,339,0,171,634,493,197,1869,556,2543,31,1634,3534,1226,307,1774,74
83,782,1435,39,3342,4542,65,2710,6210,1108,501,1460,16,895,939,210,312,6,962,82
1396,745,171,243,2572,223,1867,4,12451,874,1545,7,77,218,119,1545,360,32,32,46
391,8,417,36,32,707,2885,497,368,290,6593,9199,807,2713,3,1284,1552,4491,16,182
28,902,937,306,135,285,5167,2,147,507,6982,307,577,139,1862,50,733,601,1959,560
456,57,226,297,161,4,1116,80,3657,1189,1558,956,22372,2397,28,3,633,370,209,1512
160,505,70,843,1432,3,1381,2413,55,275,2386,236,854,52,76,133,1649,554,837,379
450,362,702,2119,683,68,347,101,5234,44,146,2089,1385,174,2721,1354,523,2704,156,1
24,315,4,157,0,720,63,2221,547,62,257,3544,219,105,2675,260,109,27,3785,356
2452,2,1,444,1,8,0,1399,3011,1164,129,1,25,457,6,53,4646,3553,69,397
316,155,61,1931,250,11,930,1,209,82,994,5766,513,538,2934,25,2176,128,38,477
1802,54,837,608,1108,253,846,1031,1649,368,1126,874,26,93,416,57,2,66,3199,14
203,244,413,7,128,1205,1255,234,4282,86,523,52,1555,1609,1247,108,384,0,1838,2843
1079,896,238,353,2191,9,987,745,63,852,553,61,314,384,5,213,70,914,2868,167
