-1.0028695282089102,0.00826832897449105,0.7998490551353924,0.8474787794119569
2783,1466,564,205,1461,325,251,38,461,254,1012,382,2101,839,277,1391,0,255,623,801
135,349,336,186,235,680,104,776,548,306,940,516,889,613,8203,7,510,126,1928,662
457,441,124,162,1186,1171,93,369,0,209,533,1026,79,60,546,979,1309,695,666,318
806,639,1022,187,570,875,282,1139,174,1340,1611,176,3518,630,1583,266,84,389,548,1744
214,392,685,102,795,1865,1438,725,78,1890,895,1209,783,578,6752,60,1229,767,421,412
747,676,61,502,330,2446,1676,522,881,473,685,61,410,698,0,516,123,136,1936,543
1701,1760,118,518,712,163,1710,145,387,773,613,983,681,311,1379,1139,208,371,533,1381
0,323,36,1085,299,1515,598,558,949,493,1243,429,979,1840,120,358,405,1189,239,235
93,117,290,2546,1795,1265,550,1595,1277,1384,115,49918,26691,1685,238,43,339,332,250,566
987,763,736,201,1366,4,53,294,981,143,649,2,117,136,1246,33,604,1645,320,228
1272,1317,860,820,1109,109,294,73,1222,1640,1598,750,1059,463,656,114,1625,139,2728,365
565,736,475,690,134,185,340,97,1167,452,162,2027,834,1257,1470,713,557,516,931,43
88,437,198,1240,2077,595,347,1339,115,1953,358,1077,2527,315,2277,1765,751,244,923,969
344,2189,857,1212,318,1054,3399,161,12,846,271,68,716,825,1143,1084,3373,606,353,584
398,225,153,1400,125,235,539,437,472,44,84,2142,275,769,211,1403,785,603,628,228
383,88,604,486,84,839,108,57,475,399,1062,219,392,142,562,1215,650,378,518,335
252,15,1125,1384,203,1556,302,435,159,1072,125,356,190,547,418,645,287,349,23,851
182,493,829,263,319,1024,689,29,1852,99,1035,494,1032,1092,2721,0,1059,347,189,2171
61,210,1132,1074,360,1522,1552,3376,1872,2563,1385,274,334,1039,150,158,40,342,768,855
242,1642,490,1355,186,814,531,1026,1183,865,692,622,346,323,372,738,798,861,170,744
