-1.5266090293812453,0.0012393043420772655,1.0327179072031794,0.8497047902100335
24168,163,712,2040,3,8460,785,136,386,58,800,689,127,275,1028,1014,472,0,4004,7424
212,1200,1151,145,6,81,493,120,139,1523,2036,867,4,305,174,1256,5,285,877,3265
14758,4248,28,422,646,1969,482,607,10,252,201,136,171,1594,547,3,2504,409,175,1837
193,92,4,372,409,307,872,1199,32,406,109,368,621,848,41,4099,0,768,1139,4208
951,736,113,10,16,339,1639,242,256,1182,220,408,13,14,33,1752,1755,61,575,84
1719,576,4871,711,122,116,447,101,96,252,2622,374,500,2837,2781,444,1,0,1425,2216
245,2765,565,0,203,29,13,325,870,24,419,218,3578,73,4912,11,844,182,46,397
96,253,1327,1050,1145,1588,151,1550,39,453,788,2625,88,131,611,207,400,394,0,2995
269,436,655,91,392,1237,2042,773,231,3424,637,244,0,399,69,4,660,0,1477,475
17,1815,27,1475,232,70,116,1464,596,823,2029,1707,1739,127,102,1874,3,4882,827,14
859,71,37,1059,2060,336,15,324,981,35,379,36,1594,433,63,1003,0,59,5401,53
197,94,2,1314,2919,15,951,115,398,1736,136,1260,339,2006,76,159,629,1068,83,98
0,1047,286,772,352,727,119,3229,505,116,1205,1096,255,211,328,180,0,0,60,377
218,3,349,4034,1157,795,436,28,2,5808,102,1212,3070,33,156,430,97,944,1422,3151
6,1624,214,409,269,489,9,427,0,574,1893,94,3658,226,813,373,564,1711,661,305
1639,3917,183,0,0,47,3218,1586,342,158,455,27,0,1999,24,1998,332,1414,1447,0
124,631,1,258,182,5,0,53,5367,138,387,625,621,1335,864,2378,0,189,790,884
49,72,106,446,474,1237,314,388,2115,0,1596,109,3,195,136,663,185,4040,4,4006
6598,3462,276,229,932,2248,3582,999,1,313,792,433,137,104,108,0,371,52,2287,4553
747,69,822,1340,205,35,99,7217,140,790,226,4964,38,2056,467,1861,20,545,113,4129
