-0.5887875267821621,-0.0014829450582687885,0.999461144656583,0.9462411666881211
27013,402,1485,2241,583,1056,1713,800,605,1346,1132,980,1123,605,759,1028,1081,548,856,4388
65,1229,754,1714,443,1285,1960,869,735,863,589,1181,1198,428,1229,837,1240,435,625,1673
381,1296,313,256,457,2033,813,576,533,1304,1475,485,369,824,652,988,645,862,1342,769
1241,905,776,743,281,775,1035,395,993,1963,724,498,973,803,447,670,1246,1098,781,2425
803,1292,1157,1218,500,177,809,598,538,815,797,1371,1130,752,983,878,1180,788,1148,900
280,913,664,693,373,989,1541,455,335,863,637,232,479,734,410,1014,621,1114,760,66
721,484,361,311,413,459,914,316,540,378,678,716,1482,453,271,1906,1296,923,231,286
1875,1454,386,630,321,48,1601,90,932,758,524,739,661,745,1716,1377,927,613,891,1147
587,1713,952,882,653,0,509,1454,1100,1342,806,416,848,533,594,102,229,623,781,1689
1013,0,1344,1256,1294,1287,312,1209,218,433,757,553,483,991,174,508,732,705,2297,582
797,1039,854,652,1043,490,476,630,662,713,1059,896,336,463,901,786,2077,1035,5,518
585,1404,1902,719,285,981,1146,1532,654,1309,1147,1045,744,923,1766,1313,1140,855,1319,1693
959,793,774,399,609,612,294,847,521,431,102,785,1650,1121,1135,771,629,1383,485,590
916,249,503,885,442,1510,2274,1159,711,1300,1221,635,1657,811,727,879,534,1394,690,1089
1860,657,2839,1279,1190,1938,354,570,803,200,87,1073,313,232,1308,567,2036,170,916,710
760,1042,792,1185,674,1264,779,1407,540,1926,418,3763,337,575,891,374,873,1585,172,1234
737,629,809,686,940,1365,953,169,1369,1250,1019,591,790,1234,926,977,311,1101,1592,2473
1844,579,1343,394,480,753,296,407,447,352,541,1097,858,452,1288,1251,1247,1157,295,973
1144,1382,1115,805,1064,885,1093,1643,1334,0,656,936,300,1056,455,2339,564,1276,1068,1453
1517,1155,2797,899,949,524,1215,296,1193,642,929,155,664,1358,532,1169,645,417,1099,2291
