-0.7847735153179423,-0.001200144335526371,0.8973821942358088,0.8724082803247778
592,281,1652,229,149,571,530,1156,198,486,0,62,1596,1407,285,1430,329,150,193,1049
871,685,808,324,277,1089,1011,1228,2302,599,1687,1536,556,30,766,75,1184,679,511,871
1185,2760,1537,311,2236,104,125,1817,1902,784,350,235,837,564,55,269,1258,443,561,0
214,1570,492,721,383,642,701,1381,65,308,1360,704,657,216,409,649,521,902,0,1253
428,311,1058,1035,431,884,1143,926,439,0,1976,1505,782,2193,1468,1296,957,525,444,389
335,1555,1184,1445,1955,638,857,1761,938,897,868,388,535,789,104,925,883,29,239,351
0,74,1585,215,326,1616,152,3072,1023,636,1140,723,482,223,434,25,1181,589,924,839
1020,205,15,62,84,774,316,1136,1037,278,69,732,2680,552,205,1856,1030,526,506,582
556,995,865,913,1056,471,565,2623,919,787,566,1420,1431,1006,808,560,1282,1619,444,0
270,149,830,1559,83,948,1347,773,1449,442,1407,221,0,342,1052,846,1888,985,528,780
155,2335,1387,1480,383,620,2172,396,339,2541,0,574,405,19,304,406,290,1067,68,326
1171,820,1134,68,665,635,262,394,876,1525,554,289,332,759,1545,942,518,665,909,81
711,797,757,228,377,2059,2065,358,998,1134,57,1108,1443,532,714,1079,412,1257,1074,212
0,336,368,710,36,887,665,843,501,1146,300,586,330,930,1016,472,629,585,316,398
123,1437,615,1778,406,1548,218,1128,345,630,662,2078,93,238,1139,338,1418,1233,780,623
1121,1119,1318,1199,737,499,387,2154,1364,291,579,1209,685,195,1475,1041,479,1140,1401,1074
281,89,874,1696,860,583,1310,290,820,644,942,360,1837,685,229,358,210,514,723,982
845,614,908,948,61329,2211,231,1420,176,1406,1315,131,400,716,385,779,1082,2333,166,494
107,871,558,513,1594,190,505,1326,1585,281,243,1469,321,1492,681,483,169,344,296,579
1684,722,557,2115,838,500,452,192,99,420,508,1128,65,993,772,652,550,0,1282,1214
