-1.437004945300753,0.005203858988885548,1.0536886976793622,0.8515782743365266
26552,1245,1059,3594,672,171,35,1987,342,90,2637,803,245,70,1123,0,237,1475,4102,4061
436,1955,1240,108,113,233,4026,0,1347,1523,2068,678,46,259,206,3403,281,233,144,893
13079,4135,757,1226,744,1229,839,515,0,101,348,97,515,1392,616,2181,2339,364,137,613
82,101,90,150,81,16,249,1885,6,121,6,554,2,1281,48,0,355,1248,437,8785
190,1024,841,0,582,0,281,225,6,1535,230,20,1089,2319,158,1562,322,1031,32,1036
3732,202,12,2048,635,23,670,185,765,175,2408,796,2151,257,1092,187,7,575,618,180
1746,573,0,0,533,177,10,146,458,258,174,1164,112,217,4826,37,514,1244,40,484
28,385,2189,592,460,1,223,1265,194,807,814,223,28,4337,495,929,286,331,110,404
6874,79,250,15,828,2807,3100,892,226,1820,2682,221,126,0,388,4,50,3377,473,233
448,646,106,1650,35,68,117,1299,658,2878,719,166,473,140,8,1256,615,3175,4,225
2193,110,128,178,569,66,355,428,102,10,220,411,422,172,298,488,33,344,1682,529
474,644,181,445,568,21,519,227,244,869,282,685,130,696,312,44,128,2305,217,425
348,282,761,0,369,408,167,3571,32,2,1878,188,390,166,659,354,117,663,12,38
785,518,174,566,1688,441,112,0,519,2689,36,1891,96,416,1611,35,201,1911,740,335
382,1,245,718,251,0,9,318,86,963,333,113,1538,776,858,67,1956,2586,618,85
490,4345,227,355,4,279,1024,177,288,533,474,642,39,1742,317,2417,92,1471,2485,542
55,652,134,587,78,835,2176,194,6379,296,1720,107,971,2033,543,2997,146,244,1292,674
59,177,503,942,170,1357,236,244,453,677,4821,335,19,169,5364,648,192,1718,131,2087
2766,5294,18,39,131,4865,4768,43,8,1043,1030,27,451,24,96,0,140,3008,6946,3703
373,581,210,1335,1,2692,125,7242,137,608,407,4790,281,1994,350,2358,74,999,175,5557
