-0.8657391179791668,0.01577118638741566,0.9995264519732402,0.9444263339984817
414,3194,1031,864,1503,804,1856,1384,246,254,1088,345,62,622,1970,1256,936,495,879,5299
1545,1376,1535,1731,1484,2008,930,920,2772,745,39,1861,1335,704,1640,2622,1967,5069,862,1546
1046,277,934,1098,657,462,234,1293,386,122,2040,1204,220,549,1135,3975,0,476,577,157
133,1800,1455,1002,2392,1354,386,1712,1083,1832,2099,475,836,1547,680,629,452,0,271,320
1489,220,1517,81,299,336,1401,1440,626,439,701,1207,266,135,1220,1414,333,5323,241,1631
1330,2788,918,881,269,291,1140,1485,214,747,232,246,1588,1819,858,1946,1320,2347,47,1167
119,719,890,529,2001,18,109,1773,149,317,508,483,417,320,0,1001,0,596,91,779
286,825,256,177,1911,736,1254,131,587,595,115,491,254,414,38,1303,201,199,1043,1947
396,164,317,554,609,376,15,662,534,485,1225,699,671,233,774,817,244,1018,921,1160
532,3817,260,331,1299,1033,508,5,318,42,795,22,664,934,3481,399,1008,1254,2177,502
720,916,1093,359,175,883,312,1460,965,112,40,649,652,1707,429,1022,1425,1448,1761,1759
1040,961,727,2535,632,423,1129,338,458,2428,604,141,409,336,116,958,1821,345,608,556
2348,1621,0,1522,66,1832,911,775,743,1693,749,81,4,954,617,220,2255,490,725,1041
1758,906,1334,460,539,324,672,392,24,1687,712,778,406,411,224,53,698,129,1151,408
658,772,133,270,177,980,613,224,1573,737,300,1654,401,368,397,652,893,530,315,529
1333,598,662,1251,432,1162,1000,238,445,877,1363,800,483,326,857,1458,757,1027,2634,1643
2450,667,263,494,1268,547,2277,1231,212,826,494,642,1076,201,98,812,1275,1301,1863,1866
1336,755,162,977,146,722,752,254,3004,2702,475,357,414,728,2879,2662,473,1693,1899,0
1385,1351,631,3764,680,956,944,85,2931,204,1442,803,896,6,1024,244,2795,2284,1720,1563
2421,998,3164,1348,915,112,2508,1154,2420,402,933,2742,1668,418,330,1559,1094,2007,2828,1857
