-1.6023608402391207,-0.0017263634392977389,0.9757885770454813,0.8490043622426272
302,568,2600,366,1990,351,366,733,483,1,2177,275,3,290,750,351,1883,2848,24,2346
477,846,1110,66,2486,1428,994,93,955,1167,1909,1227,553,1362,149,3012,158,256,211,0
11964,3243,217,614,92,1876,5630,306,378,54,1,86,739,111,221,545,5607,833,1429,0
39,76,569,4,135,158,77,221,610,540,7,59,22,665,456,7506,0,342,415,4326
5,1573,3818,4,16,3177,177,1115,471,46,273,1417,52,543,724,3505,301,1104,4142,358
956,58,0,793,423,0,1160,37,223,304,407,650,4230,9,1375,25315,130,569,1634,317
896,2579,910,667,203,2,1,0,0,389,1307,210,175,1249,449,126,944,466,0,103
431,240,141,719,1117,38,1,592,7,920,471,628,490,2120,28,1149,12,1155,92,96
3557,2264,618,245,203,1423,3615,430,859,120,8436,904,1057,694,144,5,2,12,6,22
515,354,0,552,886,284,904,37,34,709,1789,2639,33,1031,2100,38,480,2,1872,633
819,1859,1319,563,1,176,212,271,0,125,6,1225,848,1267,871,1,1910,275,282,1670
150,286,1934,51,805,68,320,46,58,538,66,1141,1398,3216,19,698,35,250,3531,790
707,177,504,128,272,0,9,0,2080,199,2,48,5,95,271,746,639,294,2189,72
2475,504,84,408,61,943,201,1054,116,3152,585,2053,165,432,2372,185,10,313,29,3270
268,117,932,32,934,27,159,1321,51,748,1132,836,260,1815,2052,261,884,825,23,3
430,2956,4307,1086,1613,127,0,37,311,994,151,946,680,532,26,1988,448,638,30,257
1216,635,15,334,58,365,184,1079,6467,83,294,114,751,344,84,1810,30,231,2869,2817
192,671,8,155,722,203,1454,1099,228,947,109,3350,368,205,4429,13,1118,2999,1,291
458,941,120,586,3,1545,2128,135,10,168,730,2643,844,22,565,126,23,1133,4290,406
749,386,21,10958,994,914,804,6764,67,45,206,7723,437,4612,3,566,16,1,111,5662
