-0.6333790497068064,0.05046100106920261,0.7991837954487915,0.9568065279695934
160,281,1138,498,352,382,1342,268,718,706,738,689,852,485,1016,861,219,1212,473,474
686,1114,711,482,420,863,633,1226,953,1862,502,1197,615,133,1130,937,469,622,339,343
340,642,345,728,798,1110,390,1255,727,654,1682,1313,141,263,462,437,363,830,601,289
346,354,355,741,411,875,845,1467,1403,1075,1535,873,1094,661,1660,622,939,367,170,636
1348,1040,531,490,213,975,756,699,500,681,1603,2056,1386,17,518,543,777,891,649,1145
271,715,864,1105,1455,1162,1550,1181,1572,1749,1085,672,1017,833,1960,264,1217,721,853,504
796,750,701,1515,1527,1175,1392,397,1408,4085,1097,3481,2154,1050,1133,775,763,727,758,787
669,447,550,680,641,1342,2280,846,385,1339,6506,1566,1399,1229,1241,1104,1461,305,392,414
444,110,691,480,1120,808,1483,1280,1457,1212,912,1932,1209,1596,438,1089,2315,285,1226,692
1075,275,475,795,407,973,894,1130,981,9872,1460,2171,1828,759,2240,443,498,814,799,1044
208,804,667,856,1340,1095,2095,2886,1514,2223,958,1563,3,1151,847,1155,1440,1711,813,399
291,1091,499,894,821,1553,625,1612,4076,1450,1800,1186,1325,1053,9598,461,855,90,388,441
832,575,695,875,2098,777,1343,1504,3101,894,1811,2265,1833,1912,3847,915,1366,590,790,225
215,1339,295,538,570,780,1863,1129,935,2856,1690,658,1741,812,860,699,1025,763,604,979
693,986,422,634,938,593,638,369,753,978,2337,700,678,628,1208,1446,671,1597,893,443
941,588,1119,899,741,950,519,1622,782,880,1173,904,1230,1289,93,335,843,985,399,1059
319,240,317,887,988,700,843,778,104,1231,381,1198,822,958,1261,974,1275,736,595,1005
758,583,766,420,780,1232,426,196,818,988,218,283,776,1323,744,620,416,252,522,433
402,267,708,551,456,347,774,285,664,363,1191,740,789,385,1147,604,548,962,590,1022
539,805,583,371,272,605,495,335,264,260,1273,563,720,722,640,867,388,336,359,709
