-1.257064630883133,0.0513812413466754,0.9124650477223677,0.8995464255894803
1264,544,307,1159,555,237,233,153,2852,748,1637,535,0,1501,1227,191,2833,403,2695,1315
968,249,2647,1375,8,1505,2821,799,30,1534,1082,3594,834,93,2034,355,39,800,229,1326
241,1188,521,160,82,31,60,367,1128,246,2529,84,1358,97,296,3529,1137,4408,1801,777
284,1170,4177,3042,629,1090,387,338,468,423,5169,851,49,927,222,87,929,1457,602,120
1777,644,98,8,163,1055,599,996,703,282,547,74,561,0,98,309,1965,1285,2262,626
77,88,202,201,6,2127,7,656,372,170,252,150,47,367,1652,122,144,834,109,1091
2928,502,87,1453,308,319,1,497,360,680,23,234,1687,403,1266,3,3,856,377,1004
5,1378,172,1484,1067,402,1254,98,133,746,2743,1009,117,112,145,1144,921,0,2148,1397
2684,478,468,1777,66,344,289,1467,1015,600,1009,240,295,69,220,1263,208,2156,351,353
882,448,1217,1379,357,61,1121,1,227,230,906,127,45,667,4905,4313,26,1771,0,26
213,113,294,893,1126,131,721,412,1137,1202,347,433,364,9,9173,6436,4466,1999,6388,892
0,51,542,802,1574,1016,593,671,865,290,399,118,1091,2665,4675,9037,2949,2062,504,637
294,879,169,1312,156,209,174,444,354,23,187,806,84,368,739,6278,4042,2777,1456,0
1089,216,990,1120,415,215,1556,1311,279,662,388,294,0,1106,2,1661,3388,2143,2450,112
3061,404,2869,130,775,105,0,1349,269,502,1,805,132,1901,334,136,5361,966,305,2233
235,712,225,50,299,2939,1315,710,681,529,37,1574,36,181,337,402,1458,181,685,232
1632,216,313,587,1080,265,717,539,1268,86,210,221,900,293,4223,1334,2114,45,2066,1771
1611,516,114,111,624,188,704,565,55,95,230,477,332,1287,95,2100,3085,240,892,2268
397,800,3,216,167,24,2087,142,1098,2621,953,205,389,250,179,3150,510,2754,1801,686
86,448,398,30,198,1788,58,345,88,2179,2024,30,1327,205,2636,1791,2820,2238,542,79
