-1.171784526741863,0.046564295893040564,0.9075689888258799,0.9031789400328233
931,0,181,1043,362,371,303,1118,204,549,3105,732,879,242,985,66,1363,610,3054,1302
378,570,1083,592,91,561,6,84,849,376,1150,2756,459,386,23,317,1296,407,253,5490
286,1021,624,241,473,382,77,0,581,205,1647,750,191,199,1197,692,1464,2947,2267,2826
266,785,1889,104,106,278,15,31,188,0,232,314,69,736,221,236,894,140,191,293
2450,311,405,768,548,433,1101,233,281,519,613,599,834,1406,663,473,230,2430,1769,71
1780,1752,2,2435,655,1097,1123,694,353,1034,90,1017,866,515,1018,0,43,2007,169,1302
1872,1379,3008,116,518,244,25,708,634,156,272,1506,2242,248,0,379,1064,2502,551,730
186,0,807,132,536,695,569,431,141,53,4392,765,522,1598,48,0,860,4285,2159,1344
653,16,1521,827,274,169,91,22,407,1311,493,307,524,187,1552,2483,503,221,392,1328
1509,847,476,87,30,546,43,162,470,43,145,883,237,105,3274,2148,90,374,680,943
197,216,347,131,1373,64,170,557,513,670,375,823,800,66,7771,4406,8260,431,5706,652
1652,733,264,56,484,0,1481,445,131,668,143,127,908,2072,4441,4894,4150,225,146,30
366,944,4197,3566,433,2,103,3721,248,2312,246,339,1133,196,1909,7745,4415,76,1926,2182
402,430,1300,1128,1343,95,386,1871,55,336,994,211,41,1327,1439,4719,2939,2012,1692,916
2750,36,2738,618,10,1375,1386,45,35,433,1466,75,510,248,573,145,2851,6505,1878,742
1209,142,23,354,1574,652,442,1386,188,2584,444,833,2428,2673,1402,556,2123,277,786,584
1479,196,215,1382,630,569,106,2574,1530,1725,33,291,161,753,1342,5497,597,49,882,1130
275,2222,1887,58,89,833,1520,301,400,214,101,1807,136,0,58,323,1650,849,391,509
6,1745,270,36,686,500,995,128,519,2423,163,282,2824,636,68,774,138,465,359,9
1214,3653,250,2769,202,553,495,651,411,291,1422,507,1392,796,474,1961,1000,855,738,2182
