-1.0219915273190885,-0.0036475171708699413,0.9135713227932544,0.8500859692846557
209,89,238,5,463,997,2362,7,711,285,1640,727,65,994,1001,1542,1080,6,437,1747
200,105,477,553,289,518,539,1000,1291,111,218,1132,1036,81,741,384,68,944,790,695
0,774,1007,680,738,739,187,372,230,358,405,198,972,2645,38,488,257,585,719,139
1076,128,4194,315,578,133,137,0,2663,16,613,399,6523,99,409,256,0,628,91,584
744,691,11377,213,100,901,152,382,1095,435,1302,342,860,543,358,1161,1006,647,207,1281
1429,1619,655,368,582,226,414,1119,932,1553,1106,978,829,2030,478,370,650,856,0,43
518,95,462,540,414,794,462,552,565,1018,2059,205,2331,334,667,1710,617,0,1094,4
695,700,375,2322,158,988,1410,82,250,202,1059,519,245,74,2857,201,502,1166,3390,944
134,155,133,2376,865,39,195,477,191,390,415,649,333,31,635,507,1762,829,242,1025
632,752,769,606,1186,1517,241,658,545,2294,116,2283,482,109,936,1000,1595,1405,453,1618
970,907,2277,591,546,802,854,235,0,230,224,322,8,299,327,179,173,2081,93,404
824,1206,931,1074,188,1205,1372,126,1403,456,2400,895,1066,845,505,42863,1688,518,287,1420
446,429,592,410,822,954,177,441,2449,1300,1012,2378,303,329,571,0,1654,1117,742,199
709,198,131,752,502,0,843,1206,1780,472,428,566,1273,7001,528,437,409,307,216,82
360,788,924,1531,1176,365,1092,1575,344,972,233,709,951,859,688,303,245,269,610,2
292,419,8,3552,17,2499,748,1309,251,1368,4064,0,1812,259,0,143,639,853,4114,863
592,0,343,634,438,1313,428,630,13,666,169,597,0,1397,516,525,304,1085,243,459
212,2162,22,221,1929,186,236,842,369,568,1040,603,48,408,563,622,1467,471,882,2227
1505,568,403,129,423,280,558,500,1211,106,684,212,396,1015,146,1,833,449,1124,386
683,27923,428,27,181,791,1100,530,157,464,757,173,778,392,389,875,1072,229,1309,742
