-1.235176586656315,0.028973697558527058,0.8168231866055113,0.903692170678279
157,548,805,137,285,141,32,74,2,1842,131,2337,1848,1673,387,215,0,0,312,4
989,140,1074,336,660,444,348,0,43,849,1453,834,31,1654,115,1084,235,72,829,160
120,607,494,129,672,436,191,5,6,139,219,290,258,1470,1,542,523,129,72,714
322,687,10,12,201,656,629,380,4721,226,4358,209,157,730,0,644,476,701,2534,672
335,45,19,47,0,1672,1022,425,1983,337,171,944,430,542,325,192,161,306,1266,502
1287,1625,700,659,850,555,947,5064,110,62,493,604,1614,612,177,578,6113,74,838,17
1005,1270,205,245,4,182,479,368,2869,88,919,52,871,2180,5864,81,157,1925,2140,7
267,25,272,1552,254,1602,227,104,1085,1327,2572,786,784,280,429,2938,693,358,533,1096
1180,709,491,394,247,361,506,3799,2299,416,779,3571,1168,62,3191,384,3806,1381,558,994
39,758,160,1716,217,441,1256,1460,1626,2296,976,862,154,1570,1953,593,623,2237,1250,145
24,500,1121,201,152,235,253,1377,0,856,4016,7804,3655,1318,2015,195,803,131,206,1560
15,1103,287,496,165,188,169,2608,894,1955,187,4260,3693,2925,3257,898,1628,963,641,812
1412,548,323,427,1011,1042,990,4365,2815,705,3815,671,3272,348,523,3757,0,3108,3290,1410
268,333,262,441,1774,11,60,2849,255,1220,2327,1062,236,155,363,4707,2631,185,662,911
0,71,153,51,1600,189,2112,263,1445,202,529,5577,1520,849,673,2096,36,0,554,950
950,2045,1860,849,418,845,783,671,738,197,219,2845,885,142,35,755,536,436,2525,262
3031,1166,510,805,1926,664,1111,755,669,3835,1187,279,604,1429,153,161,222,387,590,319
10,154,3479,26,3797,178,1024,75,362,3053,3200,264,324,575,540,238,1071,220,710,192
208,3,139,1973,4,81,16,1376,126,57,374,882,1124,3046,760,789,1538,755,2137,1166
41,140,153,0,690,605,4768,5816,2127,602,391,1596,1682,3,778,7,716,478,478,799
