-0.6753871177801203,5.842383484144085E-4,1.0392562327755874,0.9029974572356818
30296,696,267,948,438,473,342,271,751,1323,682,617,294,1957,646,1344,997,852,371,11367
725,2082,57,1463,860,1070,363,1375,521,874,1112,1497,717,1142,833,1336,941,493,1165,633
554,2593,799,1222,245,705,444,722,828,1388,594,505,846,626,353,456,307,766,891,1230
1399,328,410,849,518,1191,607,997,700,387,930,333,1024,0,506,1376,446,1187,478,941
447,0,668,685,432,412,81,687,1096,371,0,738,126,950,2070,272,305,638,1256,839
487,282,848,897,865,1289,150,498,1340,866,393,617,738,227,332,417,872,511,253,257
751,277,737,0,1389,131,532,439,290,1426,339,946,428,865,677,618,214,2296,609,806
1387,592,668,1336,1162,832,568,508,1500,447,1082,1070,982,1040,508,83,723,242,409,404
298,174,1094,3087,644,399,791,607,680,736,514,753,902,958,1091,492,693,850,778,901
503,1127,584,532,1257,514,423,342,1108,792,736,1118,533,467,532,456,1310,1959,691,302
1338,196,383,418,1110,446,389,1086,543,589,1412,980,682,899,372,318,861,486,1498,204
628,1797,547,639,1277,544,580,1089,548,900,779,338,523,2321,652,483,162,1092,691,1179
547,445,505,400,620,9150,776,685,1290,204,204,420,326,1856,532,661,1416,1086,961,463
901,850,665,1283,685,980,697,465,848,0,230,188,960,602,351,572,49,0,1685,778
1375,1866,1374,386,378,1166,345,681,784,1004,153,858,900,0,1646,727,411,1082,1012,1162
966,1055,527,676,574,957,382,1807,1378,1017,851,494,0,725,397,0,2689,520,435,768
1949,599,1184,5157,289,482,1073,978,736,698,989,490,1222,361,562,509,1400,531,1062,406
804,373,608,1066,928,706,1136,355,326,1145,566,874,164,909,1780,854,559,349,1238,0
964,240,1322,762,987,121,1249,566,1028,208,429,852,959,566,843,563,7500,8958,731,637
89,527,906,453,1091,1152,931,527,1100,471,543,586,162,381,819,959,848,503,889,15951
