-0.7782171395288332,0.009452036180603095,0.8036556885709899,0.8547552994333211
332,2463,754,354,877,393,212,748,1626,410,666,29,812,57,886,711,919,778,833,750
581,250,1556,976,452,524,482,718,946,547,521,652,767,611,1829,476,395,1022,751,584
1658,179,2033,226,781,658,58,353,1089,447,153,3773,668,3511,499,1496,565,858,325,447
440,970,857,476,409,1106,60,1161,1815,414,799,2586,9038,738,779,0,522,800,317,1250
939,3,550,749,1402,462,1130,763,264,961,683,1247,951,1137,244,499,810,455,656,802
149,411,802,856,49,244,418,867,391,741,598,981,681,254,455,124,644,50,371,360
906,898,1076,1763,370,710,502,664,283,1686,668,477,337,579,12,375,315,373,1072,700
667,1116,889,862,787,1090,401,1030,349,1375,1681,886,861,963,612,218,1074,569,605,158
210,833,349,532,665,1795,217,679,1549,783,550,52421,29109,624,392,887,1748,139,1173,630
1846,246,640,1423,570,747,1151,598,508,542,724,1288,515,458,314,262,1039,377,190,445
837,678,501,13,1570,431,712,817,1181,1178,2794,211,1031,427,456,662,252,639,1417,320
436,1429,964,1169,193,710,385,918,237,498,735,514,513,1353,163,761,317,877,853,530
904,112,0,7682,152,175,523,779,568,606,614,587,1033,253,1019,201,21,378,367,489
668,371,592,1206,464,83,667,404,659,871,633,61,1008,1105,1364,135,472,588,845,942
678,1319,210,1382,1055,184,96,930,485,816,438,656,668,634,217,1074,349,558,983,392
488,778,662,663,736,551,50,350,385,324,1058,1185,255,251,515,237,566,1071,2165,405
560,720,235,971,384,750,882,199,1435,273,667,607,880,544,1055,925,410,1486,444,415
1634,3925,69,393,290,1040,952,495,483,582,678,854,136,1072,762,328,880,610,51,678
1067,507,352,154,311,1123,650,962,85,254,619,994,292,848,824,61,181,1061,186,1367
702,458,627,433,1407,135,640,512,703,1117,541,670,1349,684,159,726,313,409,805,1266
