-1.3456609051760045,0.05127620707641574,0.9036215457085457,0.8994717893534454
250,540,1297,2139,715,746,778,486,997,539,3308,1,754,826,1410,65,0,502,4007,2542
124,2066,1130,1394,81,710,2296,0,233,22,1393,2494,2585,531,66,147,2,122,32,1972
2860,1338,1377,211,247,3,146,348,1163,108,6,907,416,1133,1115,1521,827,3746,1094,747
982,602,1592,271,46,570,517,962,514,167,197,759,191,340,176,2,786,1383,1027,332
629,102,585,12,486,616,978,664,1079,118,584,99,1744,1031,383,85,769,5,534,617
860,3061,90,869,645,1716,99,863,27,427,585,1176,634,1170,1140,116,149,439,336,51
789,916,352,263,361,654,8,16,181,180,99,1307,233,1068,715,286,515,2529,2158,928
134,38,346,657,203,628,1381,184,10,5,3244,1688,355,1557,0,1235,2572,1825,1201,2276
335,1971,252,1499,211,187,161,13,433,1469,2743,50,513,0,11,1252,12,4,2235,861
810,151,1181,2079,316,150,288,1,87,1,1036,1336,24,761,4543,2202,3524,730,623,141
1875,310,987,23,0,3,84,1226,1388,652,401,2170,60,180,4456,5193,8634,1961,6611,834
586,39,812,424,291,329,2183,1065,408,830,434,324,1440,2222,3749,8017,2207,770,304,798
158,372,446,1430,641,1511,125,183,6,131,689,253,228,287,486,6117,4349,63,1181,3131
49,4,2205,2241,60,851,670,2753,65,520,138,556,108,115,244,2472,2416,2967,732,3069
3021,1730,995,31,1033,1128,685,4,1915,554,679,201,480,350,1222,139,4731,1427,979,7009
670,985,246,512,175,483,153,168,20,3549,562,0,285,1816,1042,335,679,929,1441,40
218,726,115,7,696,1086,685,153,501,833,561,1297,756,1521,5380,3783,617,88,1435,2294
178,2314,282,17,1073,218,1657,385,346,262,144,1832,594,932,899,1516,1324,419,353,1418
443,87,157,6,86,125,394,323,11,2720,1352,574,2893,319,74,2390,90,902,856,333
0,1715,89,569,192,2227,3679,83,138,191,26,18,2943,14,2986,4023,2706,79,314,17
