-1.1546733308372046,0.05477964445887612,0.79910802681914,0.9015473353766993
1376,2303,357,480,607,120,370,1097,1516,290,918,403,504,0,785,1715,1723,417,864,80
1402,415,675,72,437,100,1967,698,397,924,0,248,159,99,128,978,2,468,1343,104
534,858,6,98,909,68,969,1959,342,255,29,637,721,671,23,244,424,92,912,1350
259,273,850,218,200,395,378,352,3898,1115,392,360,9,1556,262,1586,0,1540,324,114
36,50,238,904,829,2306,105,4,514,1065,196,1211,0,509,747,153,1485,973,742,99
356,1270,1641,149,148,952,99,56,464,8,1420,1595,683,595,194,239,207,442,22,406
573,204,4065,606,110,503,1269,823,535,1009,823,1401,534,125,560,3991,126,2,1041,63
518,171,1891,656,1,981,723,874,348,125,580,2280,573,586,140,204,314,132,1570,1445
68,303,1710,543,1810,365,2298,1198,2644,2115,2176,1034,957,106,326,404,387,643,1001,150
1279,1055,1116,487,84,2875,242,5184,2541,5076,3938,2561,1064,161,137,1520,1486,851,702,1144
1267,94,0,809,712,820,1782,3858,1972,3469,8072,1896,6365,1199,1366,231,953,355,1001,1295
665,1157,94,29,809,753,5135,262,302,12017,6914,4279,1222,2424,683,130,132,164,909,212
1819,1186,395,5,135,2018,1644,398,6945,11403,1128,939,4715,1408,1049,159,97,29,1176,394
467,891,5542,546,865,771,1132,1337,272,575,543,628,181,572,117,240,241,14,22,544
711,1568,275,10,571,7,619,96,1110,1127,1081,628,843,41,517,0,301,335,50,1554
1075,402,1248,348,864,193,636,161,585,342,1871,785,1311,128,379,1066,469,83,1821,1530
516,2732,471,24,1333,664,3221,1526,359,230,331,488,900,1566,247,432,151,1172,2651,775
91,595,1621,1536,431,504,1349,707,762,2302,447,934,69,943,715,1948,1315,273,1332,277
1268,3044,285,1263,117,187,170,364,506,281,2977,1077,504,957,1180,625,396,502,1244,72
54,1342,129,934,2100,37,410,276,76,492,12,2578,818,774,1064,1332,739,92,582,317
