-1.7787010219541446,-0.0021367670312756803,0.9923056783768428,0.8488841997368892
93,24,2613,0,132,404,974,654,578,151,2780,34,121,2477,432,6,197,961,5,1510
3555,904,259,1593,846,3733,634,76,143,502,72,915,8,3759,1408,14,563,3253,415,2565
3649,21,6206,14,1087,235,726,153,1438,308,78,9,84,45,3316,0,4102,2,1182,72
116,126,1036,74,1118,78,703,917,771,302,584,1756,4236,167,52,4624,194,5978,2723,4163
745,96,420,71,135,72,421,243,1030,1244,332,2,1182,113,863,810,2,65,312,0
6372,2,961,3602,1984,1498,276,5,1,147,22,1130,899,834,20,19,2568,1622,32,4404
99,0,1,702,1711,315,125,210,294,21,4725,1,1016,1391,1826,344,1,170,7,1
1175,3013,285,1,1,5133,1575,91,516,1,371,296,4,394,114,506,641,179,990,440
1122,130,4,204,47,146,119,543,574,1280,92,1529,1086,443,1981,1138,1,52,3137,100
526,1715,437,374,266,1,255,79,141,8694,473,45,338,371,450,148,53,10,51,319
442,3,129,27,186,1782,3426,121,319,503,1588,409,1706,811,46,5221,21,95,317,2217
3526,1448,266,593,856,2206,270,1,2,874,181,437,203,3946,143,1420,141,6,261,46
327,68,114,1,596,5,496,0,580,1,20,465,1544,292,315,4851,3312,3,16106,311
15,98,2999,924,19,173,350,128,0,3539,1,2639,2270,334,970,637,8,197,144,466
218,457,33,233,458,1653,326,21,1110,696,61,1012,106,429,64,2,2620,7375,154,1788
3737,139,288,219,7,1,1064,86,19,15,12,149,101,2460,249,935,5,26,779,114
2493,12262,2055,4939,80,339,656,1376,673,1312,0,83,344,0,29,54,681,1670,521,0
1824,526,246,1492,488,2632,550,1175,14,37,2550,24,274,482,3110,289,581,1,3828,407
14,105,4704,479,244,44,319,673,1611,40,306,1862,1011,38,2653,499,1820,99,4105,3871
1777,73,11799,1724,370,1080,154,2300,12,635,200,977,723,97,69,7,1659,81,10,1139
