-1.7516644478633316,0.009303575695934898,0.8010357077876827,0.8498490003027612
1148,53,7,39,2262,69,201,1206,544,88,913,179,2318,46,1651,156,329,569,33,282
104,520,116,220,174,404,548,594,1763,3023,4398,951,3021,2061,285,2,0,79,339,1864
43,297,44,27,1,212,9,2374,301,5803,186,1009,101,311,745,147,219,381,520,73
28,373,470,2788,412,1070,10,1286,977,1156,1727,1,1,118,2550,106,0,957,1027,35
55,17,1,115,98,6145,1149,0,20,61,340,11092,317,2208,272,113,1048,8,90,10
167,814,1230,1855,30,2808,2503,846,189,4209,907,1013,60,3045,316,39,326,94,500,400
203,267,1724,436,205,5,342,3471,1050,59,1961,127,4086,9,1665,2681,807,19,7,255
236,5,1784,1349,3437,5906,59,4518,157,1062,653,1349,38,2156,732,185,825,2,248,244
1177,1000,29,219,2109,165,1128,1,10933,3761,536,2,47,203,1599,1759,309,1219,565,46
963,135,361,3473,2,1499,1843,494,2,592,7448,9199,1047,1042,3,540,2220,1653,9,459
3,2405,367,332,3,187,3528,7,165,677,4007,1,228,131,2912,94,671,3894,0,422
742,354,21,245,1,23,1461,158,3515,1205,1742,765,20809,2322,18,40,41,235,347,889
190,749,91,1455,351,117,28,2325,80,99,2515,50,792,10,104,0,251,8,376,639
223,228,59,1774,639,3,42,233,5282,11,226,491,2340,10,2358,2297,613,1410,46,2
48,6,159,2459,2,2479,1323,2221,11,8,212,2753,0,135,2858,35,228,31,1763,457
3833,1,25,377,1,394,91,1203,1140,564,67,12,25,492,2025,24,3433,9,66,588
252,132,694,1597,1863,165,443,13,527,31,907,3717,433,11,445,6,1757,217,28,1113
280,1813,543,292,3617,1107,14,61,481,477,727,878,0,277,38,63,351,65,2830,1
794,24,769,3,870,1248,528,669,131,252,623,54,1316,1452,3184,399,216,477,1877,3007
879,3607,238,404,290,62,852,719,25,231,1958,16,981,450,7,177,89,18,3400,95
