-0.6131255704133848,0.04000148166868499,0.8074370356950377,0.9561425855793031
117,573,1368,490,261,163,962,466,805,741,213,913,749,677,723,861,304,793,473,636
136,1197,587,669,456,156,987,858,1638,1500,571,622,764,258,1130,984,313,643,307,346
379,501,297,627,624,681,475,1519,776,654,1608,1652,110,263,830,437,361,728,499,207
320,366,545,1173,438,1247,845,1536,0,1067,1795,1193,1142,676,894,701,1062,387,430,662
694,1049,185,242,486,416,722,657,801,610,1487,320,1365,937,518,559,780,980,652,1086
452,816,1205,1104,1139,1327,856,1366,1640,1291,1214,654,1017,1069,2726,795,962,679,844,490
352,1093,763,1396,834,1348,1396,982,1618,3656,1193,1812,1573,999,1398,774,870,752,1129,790
595,460,619,695,659,1218,1968,823,650,1214,6288,1141,1399,922,776,1237,1848,953,360,584
385,105,730,480,1309,624,1207,1266,1251,1329,1008,2717,1079,1825,222,1083,2450,269,1027,679
1141,258,804,1408,607,907,630,1074,889,9935,1080,2094,1011,651,2210,443,687,699,840,764
388,922,659,1130,1426,609,2001,2816,1199,1994,1405,1128,430,1059,553,1541,1223,2537,1073,628
217,1091,700,926,821,1388,805,1662,4419,1403,1845,1547,813,1282,10360,546,1051,352,685,709
845,1535,695,558,1251,735,495,1674,2751,550,1347,2487,2621,506,2596,960,1394,590,746,569
444,670,336,338,862,1038,3156,896,937,4114,1535,664,2018,807,1018,918,717,968,771,488
783,734,322,685,938,438,250,456,1011,197,2140,665,542,1467,1621,1494,620,1468,918,314
489,483,1227,974,563,942,599,1399,832,887,1118,806,1086,955,630,257,1004,1048,2764,108
217,315,331,874,849,700,843,892,462,1399,534,1087,913,778,1140,1337,890,375,457,916
758,1003,837,254,703,966,296,349,651,625,208,141,1492,1583,741,315,461,440,687,1732
581,267,680,610,335,526,1109,335,845,573,972,849,928,346,1132,460,543,924,609,1649
580,1001,594,534,584,167,624,435,343,310,1102,624,692,722,544,592,300,234,551,563
