-0.5849439463377941,0.009174257900919825,1.0498616804846206,0.9438299547796379
26479,1811,1049,758,729,706,772,1351,868,534,804,1258,502,858,784,1330,1810,2083,1829,7024
1015,1526,1167,295,138,1176,1041,821,992,593,1126,762,899,1034,582,223,901,1846,1099,1819
1999,1759,1572,1408,433,561,615,709,964,253,224,454,1472,1268,1003,1154,1150,1037,1291,2018
327,396,1065,1458,259,498,470,725,358,185,621,583,844,977,642,1099,371,706,2149,1885
451,1038,659,124,805,1302,496,1047,235,705,679,654,763,568,651,514,300,1006,760,1253
2240,1021,700,420,1108,468,256,841,455,562,591,668,874,437,481,1213,747,721,774,915
526,870,1304,532,708,501,708,274,488,1505,750,414,1103,306,510,349,704,397,962,1261
1425,547,1003,1249,569,1202,639,1116,291,855,760,546,766,728,458,993,686,1157,542,836
215,1023,702,396,274,341,398,266,425,646,1660,1393,690,684,686,247,539,924,754,667
1592,893,1127,275,833,311,517,6,665,301,509,647,287,467,808,833,1358,752,1200,288
1430,1180,1384,642,703,564,498,719,635,423,483,305,792,650,354,549,0,355,1586,732
1606,1137,356,904,473,670,510,1013,395,398,421,999,2030,446,1440,727,195,696,337,1228
696,782,1079,403,1133,984,400,715,454,1108,1076,681,788,470,1566,395,563,994,498,546
1228,807,615,1010,548,754,239,878,1247,703,206,826,702,629,505,751,2452,1035,486,877
825,283,452,1832,1383,525,1113,1610,1386,865,930,557,503,143,915,458,1054,1127,346,1737
1477,1190,752,746,409,1138,1391,1111,597,528,615,794,387,950,442,780,1316,269,1337,2646
1224,1932,950,364,316,894,580,1076,372,591,971,396,542,795,900,484,812,1665,1216,1464
942,1414,1161,1535,633,1321,1378,587,630,971,673,1119,627,680,499,695,580,415,1600,5771
1149,1638,1020,426,901,859,1620,745,1763,2034,791,672,587,2050,1196,665,1408,1084,1780,838
3030,1661,1555,1385,635,658,1492,240,1470,835,1329,1246,1003,544,499,1175,4945,1436,1420,2077
