-1.100052591009777,-0.00293598116861964,1.0429160318953163,0.8500705160840348
36440,155,639,154,77,171,821,0,328,461,1766,2150,0,976,597,105,1379,105,835,22102
217,287,1747,1394,467,318,227,770,0,1093,1878,2062,553,59,70,16,699,1160,1711,491
514,128,382,954,281,216,678,171,865,232,89,567,1284,1173,1318,682,469,476,590,1801
164,2291,1166,205,875,217,149,252,481,0,11,1056,1514,611,1224,409,1725,141,841,1171
778,541,301,900,456,1787,101,190,1807,925,78,2232,2105,650,318,155,185,1608,361,286
829,1047,1340,987,1284,2354,0,551,177,951,1522,586,1081,307,151,1642,171,384,326,2288
318,679,8,6370,260,900,473,2563,1394,1454,130,1745,343,54,117,136,571,1622,1565,573
529,39,980,2196,145,678,865,1557,1880,941,227,159,409,307,155,454,377,844,97,20
514,8,1653,224,0,205,796,389,556,951,281,342,0,327,267,409,2132,953,308,84
2945,817,268,2124,465,1115,54,646,490,1861,1,1528,4067,398,517,2282,876,0,561,110
0,1984,19,313,784,168,1651,58,423,166,142,574,1123,207,77,939,2294,1907,127,413
2317,85,557,214,1186,422,542,712,8,211,135,829,0,1525,42,1936,399,0,1172,2026
146,56,799,558,667,2310,417,1617,165,484,77,256,383,1166,238,733,299,236,0,1323
801,81,1498,89,3,1133,1787,174,269,4022,3063,4,391,1948,85,9,732,188,36,404
573,385,1467,999,501,756,866,1919,1057,469,725,430,586,239,435,64,2226,1682,339,1028
352,741,367,1416,1024,6,391,1562,146,181,486,1953,776,267,611,1244,1278,542,800,1588
1579,1381,1928,425,166,860,1593,263,1113,292,361,3202,449,858,235,1766,877,88,122,1676
1538,2124,827,0,942,112,296,0,226,57,987,146,733,1768,901,733,35,637,671,893
113,160,666,378,2824,96,499,83,123,793,0,1101,833,258,580,1172,663,25462,626,486
1365,75,290,430,1488,440,1012,1132,252,63,29,0,303,763,1459,825,1800,1540,205,704
