-0.5796282068481131,-0.0026237698593547503,0.9318586063016069,0.9038159762995455
1202,570,1566,1075,427,1645,666,727,795,1101,632,850,510,1404,296,0,311,473,1325,825
1116,456,839,437,746,654,768,393,1842,949,827,653,863,535,959,1223,350,985,0,816
543,476,618,50134,1306,1007,551,914,769,556,943,1378,538,1289,719,742,758,668,414,731
421,512,872,652,423,193,982,530,635,1960,411,572,1442,632,1318,918,1093,1679,687,0
1327,542,825,1171,863,522,1184,960,301,618,1739,1248,472,1505,455,519,859,1934,954,372
704,1786,1368,967,561,2574,1071,311,533,501,1803,644,106,9046,865,86,660,504,1561,299
559,205,894,921,546,1202,679,337,230,316,439,272,493,548,709,1027,806,570,1113,1060
1195,361,663,552,598,890,639,715,1136,2066,377,1163,61,1079,567,380,146,1284,984,507
1196,1033,1081,427,497,661,584,745,495,369,1350,110,1200,1216,1882,810,808,965,472,726
545,805,264,799,359,765,541,3244,1230,598,380,520,1012,347,255,734,980,263,172,255
572,1477,819,633,1032,372,707,393,1671,1165,428,1901,313,1217,1093,717,583,763,1358,0
399,981,893,918,718,150,143,861,779,207,324,466,601,1078,601,810,703,1581,1141,1401
1184,299,730,425,1092,372,722,572,127,187,391,958,258,1031,900,1136,440,556,199,1153
1261,0,549,1064,769,315,667,801,986,518,539,1595,846,1682,445,2039,822,884,565,509
768,537,1217,373,401,467,1082,653,512,443,446,733,540,669,830,1730,865,927,1621,1185
518,447,671,0,793,893,927,1044,1017,160,871,576,859,1086,822,749,707,757,864,455
683,325,757,502,922,796,1355,685,979,752,875,813,554,33,1093,261,1240,1191,963,386
773,898,422,1426,944,728,887,423,540,612,984,523,202,1784,620,1651,625,411,1313,329
1229,1127,872,711,90,1349,845,1047,545,1310,1348,351,1070,929,517,132,249,677,731,927
1457,709,485,1148,1501,950,664,1929,1091,988,1349,2211,811,502,296,579,545,1373,408,1098
