-1.1421082778467742,0.02906297298797966,1.0537152912994028,0.9165504596244902
5073,298,160,3279,54,44,368,343,2260,197,1320,235,1008,5372,1048,13,142,844,3732,4395
476,1304,2455,2517,1242,311,257,189,2579,103,690,1056,2638,385,846,1416,1318,1486,275,2354
2328,1559,635,796,57,438,201,215,1005,2661,2661,681,332,1567,1212,346,2216,5776,2744,1398
992,756,1026,3362,851,5626,515,268,794,603,663,157,950,146,298,0,1425,1350,979,1955
576,1308,464,187,45,511,89,594,2134,580,925,296,399,42,33,326,990,245,2412,825
1083,1454,444,98,962,926,174,204,367,226,557,414,187,241,264,336,46,10,506,1363
185,276,1429,1135,575,13,488,576,99,1494,366,6,118,3,112,751,0,846,2098,409
3928,2155,333,478,1067,153,108,250,321,681,827,1031,741,862,170,743,3204,9,247,1591
2085,117,1376,389,1,850,2400,917,30,401,591,142,684,940,1059,67,177,360,1407,301
1041,692,614,1518,624,173,196,460,299,291,1877,921,10,312,734,212,71,1235,681,199
592,5537,175,281,612,242,1127,194,519,352,38,1043,252,241,1847,492,678,134,2066,964
329,1190,722,2010,21,1884,1620,216,258,228,1111,5,721,188,1882,501,138,1511,963,1127
2511,973,1864,59,47,575,293,190,180,77,656,230,929,445,177,15,71,395,2702,8
292,1222,164,482,1034,117,1577,12,1559,235,21,314,228,707,123,2249,2970,1256,50,143
974,1361,75,323,6,120,1274,301,121,392,688,470,133,2306,383,132,500,35,2010,963
358,666,557,2154,464,1045,807,118,239,208,656,287,552,262,50,443,283,138,2309,3965
986,922,1005,318,18,975,280,448,289,701,404,374,542,1225,1515,1593,143,1780,85,4003
2868,1174,2821,495,732,133,195,302,509,797,1290,992,3725,1675,487,1352,2090,751,768,130
2042,2648,2871,1145,90,1236,500,323,173,90,2138,388,3221,710,569,1306,1916,2679,2823,3271
4949,575,4259,4715,3343,230,1760,408,587,1280,259,2638,348,2535,1860,2371,799,3730,1139,2659
