-1.7781753695143776,0.003583257278057545,1.0454843662834452,0.8577704770440433
24775,589,716,1573,6,278,32,991,2702,1,1951,27,77,111,934,514,1761,2309,18,4929
861,473,1856,39,675,362,1306,1701,1134,1668,1643,763,583,40,535,2926,260,3,201,1365
11931,3799,1634,770,40,2488,1,1832,1176,94,17,21,17,2243,86,1856,2174,482,73,0
174,1,305,25,1,2287,56,60,18,396,6,533,58,30,154,8072,179,2117,1310,7644
5,1340,1103,16,43,182,80,1100,865,8,9,121,31,240,977,926,229,472,1234,467
1067,38,569,1689,1178,3,1188,1450,1225,379,1433,914,4186,308,2596,630,243,237,972,500
0,1425,2,752,332,9,764,14,552,1116,890,428,924,8,4309,201,29,689,907,25
21,405,16,1328,796,114,2,2117,221,846,235,971,1,704,18,13,42,1001,149,412
2790,1548,238,327,610,2188,3152,1355,409,54,0,1435,618,492,3,6,1,5296,1594,545
5,1437,7,1634,16,47,3,797,3,2365,1731,2471,219,148,1912,28,62,2633,1437,58
2232,511,638,549,44,216,1,178,1155,15,16,246,1411,330,673,142,2202,671,1195,254
406,663,1744,47,1585,274,372,233,915,1155,53,1185,318,1199,755,95,482,81,258,395
416,389,636,15,292,59,3,890,334,144,2,52,56,265,47,926,438,16,577,1087
1995,1305,96,1,1116,438,164,1013,5,3157,35,1835,74,597,327,94,36,56,46,444
51,1,2797,516,443,215,2,1706,165,168,1142,88,1792,680,1172,1686,1848,1752,1062,2
5122,3670,473,4093,1,156,407,15,406,1316,224,588,134,594,1718,2375,154,1471,1628,872
4,368,137,1151,72,5,1299,318,6110,296,22,12,961,905,59,2127,1186,773,2989,22
2031,1489,18,648,1,146,1,1775,113,1,690,2201,46,908,2215,1,30,3296,1,806
3589,806,144,3,11,1184,3057,204,31,754,1035,1228,559,32,378,442,15,1133,1953,2977
163,288,111,2417,176,1289,2413,6838,1,1104,37,6843,3,3176,431,4982,65,33,3656,6630
