-1.5740557248318312,0.056598353333257787,0.7948173041001791,0.891635962795413
1027,516,1053,58,61,2033,83,3,37,175,197,2531,2888,1497,331,195,499,325,100,1
1788,170,73,194,582,211,2,1242,6,21,1481,29,0,331,656,561,356,370,828,18
43,2,556,15,40,320,1,1,368,472,607,204,4,1743,238,12,476,129,102,670
122,361,107,31,181,682,788,418,21,49,994,441,575,305,499,346,112,156,2981,852
1351,257,4,28,522,60,1083,0,0,28,526,1145,978,130,7,119,1071,462,3069,468
1185,1,1289,616,390,0,1,1416,143,9,951,16,12,906,0,436,1520,26,597,2
1023,1745,145,790,1469,388,490,450,3327,66,1320,278,1635,685,6536,677,370,1925,358,7
157,40,502,1221,9,1566,8,6,183,1024,3402,913,292,14,682,3029,161,113,391,885
1214,855,455,236,123,636,144,1893,452,207,397,3577,1860,81,3119,219,2180,1372,736,1114
2,281,360,409,475,144,1501,2426,2268,2051,436,1187,5,1552,3979,700,718,1787,1146,62
11,534,1563,103,336,358,1118,2336,2787,355,3308,1907,4550,615,2089,34,579,52,49,991
30,1588,764,80,73,1,1,843,3831,2165,2940,6933,3853,2857,2875,1060,3552,1655,250,37
1390,166,394,5,375,314,525,2269,2361,2216,2026,4273,2129,3367,4769,4281,2905,905,4186,423
169,99,521,637,2169,772,36,216,1110,248,2188,792,594,247,920,5006,4987,932,458,54
1,2,54,6,1106,0,2267,61,2112,1,3364,6944,3230,485,861,3679,5,8,310,905
816,254,1810,1515,719,418,120,2011,875,311,399,5177,64,2,2,1976,328,494,1246,695
3271,478,22,801,421,1868,1036,822,6267,33,161,334,740,2074,464,776,901,83,1121,1086
51,241,317,24,3988,269,838,1034,1152,1871,2359,702,5,698,580,548,925,149,826,1
465,1,218,2320,862,802,136,1519,1,135,436,875,57,2783,1027,1142,1300,825,2952,419
155,790,208,1526,607,480,4144,5417,904,685,919,1735,2324,3,189,39,245,100,2788,500
