-0.6760055837357121,0.009935871731499938,0.7759481960335688,0.8445352698994997
449,517,719,701,863,617,211,857,1148,426,688,802,977,425,439,809,577,708,544,399
342,346,1271,972,651,994,413,1207,482,266,754,521,860,500,1880,91,423,927,646,997
1535,884,465,2368,465,645,640,321,587,615,934,1168,703,5397,161,510,488,498,362,482
602,756,857,543,796,1168,179,668,1696,1018,799,224,19557,338,494,885,347,576,407,634
971,362,311,672,1123,381,1371,178,169,1424,794,593,561,1137,377,654,888,439,484,1301
172,506,374,1402,1357,310,1002,1187,282,545,846,308,566,317,461,770,725,314,516,737
936,1018,663,815,696,1120,790,1330,159,1876,401,552,564,370,374,442,709,357,918,1441
880,986,608,738,680,654,250,625,878,1295,141,705,861,597,1110,204,714,756,389,104
49,839,70,752,542,1795,512,650,1279,1683,581,52432,33555,624,1103,853,1820,98,853,514
485,181,450,1183,287,905,538,1392,470,581,863,1233,822,564,842,523,1078,221,459,265
217,700,485,157,1201,387,615,701,1164,343,1443,149,371,883,657,347,1357,236,504,275
500,1193,774,1518,261,824,385,711,1584,438,1184,765,195,855,90,761,461,725,526,264
856,186,821,683,266,539,648,679,460,310,949,1028,1063,671,666,292,197,266,501,501
888,392,436,1826,839,388,709,727,825,910,739,302,644,1375,1031,440,1220,649,876,927
1098,721,368,1500,237,582,89,1062,221,360,404,1289,609,129,726,1041,467,467,662,238
215,617,809,321,434,931,515,204,698,520,502,411,300,267,282,605,440,556,1609,164
480,758,350,1343,384,767,374,175,427,979,548,1150,738,1146,1205,909,273,886,1030,361
1745,289,189,393,1205,1074,903,411,804,494,381,1292,192,988,645,366,606,610,512,831
808,241,342,301,223,1204,239,1043,388,288,646,283,221,795,464,337,181,775,386,55
37,503,1197,515,1099,335,353,507,638,875,204,959,1135,1211,586,658,303,805,1175,1268
