-0.7010790633968234,0.049777870020513204,0.8037926016716801,0.9454066041734366
627,841,533,281,517,968,1025,1078,932,672,647,661,387,1137,833,620,320,567,733,1094
712,832,480,771,987,1028,927,398,1222,598,413,1393,472,773,1180,163,473,388,802,1241
596,1072,973,619,501,437,403,144,230,368,956,823,581,458,820,928,427,222,215,353
499,465,576,997,101,311,900,136,1155,818,328,1420,785,1572,270,1216,1796,496,1287,585
618,917,552,2811,1420,659,814,180,1552,199,1011,3559,532,1284,479,414,344,148,978,267
487,87,0,796,344,687,603,497,1088,1227,1277,614,819,1240,1380,1229,1130,985,1543,705
742,411,331,1226,2028,1065,306,866,1145,3190,728,789,240,909,503,849,1108,881,675,1079
356,439,777,473,407,1150,2469,2834,1986,2119,5974,943,1072,2153,1211,1431,0,1097,818,218
363,489,390,1274,1357,2698,624,588,1913,3215,1428,1714,2000,3058,415,1047,670,2314,1004,962
1094,122,648,869,4204,380,858,417,1020,8400,6127,3545,1180,2067,779,903,214,932,694,635
617,1390,1366,0,989,897,1384,964,2468,3883,1835,1589,2752,1311,1509,1450,321,646,557,1180
94,1423,817,454,1340,961,1472,1700,2426,2359,1655,611,432,1424,11145,1079,1341,3158,482,327
502,1142,1188,1310,613,1798,844,578,718,713,460,963,4135,958,823,437,1020,1471,539,465
226,369,591,329,139,1172,2158,708,1873,1145,1100,355,895,1230,2012,351,994,391,2230,1015
213,741,586,1034,772,155,1460,592,1052,1363,863,856,1382,684,341,494,1324,985,195,646
576,2133,873,140,261,639,725,196,486,1571,1736,1292,646,1549,573,886,271,839,999,723
1534,457,697,748,185,364,1214,1504,511,713,479,1031,1308,466,312,1135,1200,268,921,200
1176,483,1155,443,272,149,866,550,799,487,62,381,0,1283,255,993,481,720,900,586
348,531,575,383,718,956,1028,1106,839,967,355,1196,1035,0,616,0,378,502,841,1877
280,949,52,694,337,622,343,724,132,751,126,535,0,1109,217,607,565,351,218,236
