-1.8664400644945187,0.0047670921521773815,1.048197955373244,0.8512444511739842
26197,613,716,3478,6,278,32,342,666,1,1951,27,77,432,1036,514,1761,2690,18,4265
432,1537,1856,39,675,362,1306,18,1131,1668,1671,385,111,1,535,2838,142,3,333,2177
11376,3466,4,921,177,1480,556,2505,1176,110,1,21,19,2052,68,2017,2231,482,73,0
178,1,80,25,1,277,57,15,23,270,6,531,1,1038,3,7896,225,2117,2731,7868
213,1340,1103,656,22,270,80,985,10,37,9,132,31,240,977,2556,229,1079,3624,782
1067,38,88,1689,996,2,1188,1395,1113,199,1010,958,4186,310,2596,554,567,237,1696,1259
280,1536,2,752,400,6,1,14,552,1591,1209,428,3117,106,4311,201,29,689,1129,25
18,143,16,166,681,107,2,2641,12,846,651,983,1,704,100,31,47,1001,258,318
3364,1308,1,327,824,437,3152,1355,409,54,2670,1435,618,495,4,8,124,5296,678,544
4,1584,7,1571,16,181,3,913,3,2365,1288,2699,235,535,1912,40,142,869,1449,58
1708,805,638,1168,32,216,289,195,576,15,16,65,1411,589,673,1,731,671,1195,254
382,544,1744,69,1585,274,487,233,915,1155,259,1184,260,1239,545,1,482,213,126,0
1011,389,636,8,292,2,1,890,236,139,1,52,56,265,434,202,933,51,1821,194
2088,940,96,1,1022,581,232,821,5,3150,266,1835,74,403,403,158,36,56,46,2623
73,1,2797,955,443,215,11,638,165,160,1206,88,1858,680,1056,46,1484,1647,1062,2
5122,5918,731,2188,1,137,296,13,308,1438,224,598,134,788,13,2480,1054,1327,1968,485
4,1226,1,1124,223,5,1299,1,6140,296,22,12,961,905,133,3080,1186,782,2013,22
1884,1859,9,701,1,125,28,4,113,1,230,2201,18,908,4135,1,30,3288,1,978
3589,806,0,9,19,1180,2843,204,3,517,456,1228,839,25,378,1333,15,1021,2361,2977
158,539,111,3869,176,1663,1393,6723,21,517,60,7789,3,3053,290,4982,21,1,83,5653
