-1.3721051749016915,0.049769538089654716,0.9015216006803983,0.9054809014313074
11,3029,3793,3570,416,558,1708,66,284,759,0,1627,1813,54,0,1305,296,713,469,2299
117,2068,1056,2917,1858,346,73,161,1658,238,694,345,403,1,5,747,460,5307,18,823
10,526,2953,45,739,4,1481,1558,1701,219,115,722,738,359,1663,1486,1120,798,1437,1122
964,85,434,166,2236,120,934,923,703,17,484,1225,1414,829,4051,1,28,152,3,78
852,265,1066,640,105,430,898,6,380,777,1735,101,970,3424,2,1127,489,0,1115,580
0,246,22,797,1779,175,863,1832,45,70,926,2229,3060,1902,535,110,15,3,2180,658
77,1418,673,588,40,185,534,766,214,2455,261,275,2286,1266,8,3616,1162,1795,1533,2566
102,1268,1565,15,282,237,34,186,75,594,1162,1935,337,0,1,4,2644,2429,513,516
1232,1440,733,69,2,48,150,97,1868,780,95,8,20,202,1656,4400,972,4177,1762,1786
124,1854,1336,2133,226,51,212,73,351,82,236,182,678,748,4859,686,2961,488,984,455
1040,152,58,1858,0,168,590,2216,9,26,1689,124,159,607,4648,3795,2149,2109,294,241
22,147,808,249,16,190,553,2384,274,819,500,2320,114,292,5966,5944,6330,1154,1999,6264
63,543,1691,1623,25,2178,92,765,638,337,907,37,1310,2722,0,1757,4513,0,926,4023
266,485,428,1198,1661,971,171,1776,81,982,1,391,1791,213,286,651,1106,3028,223,2626
2502,195,365,528,395,0,212,2312,466,38,1,28,2626,457,1339,2160,2673,1140,335,940
1577,30,2,392,1486,488,501,729,136,1169,3,666,22,1539,399,1837,448,486,2549,22
165,1124,560,95,1643,1155,699,1094,34,3451,85,107,577,2563,595,2318,1139,2788,304,1057
583,696,422,1255,0,30,508,74,1408,833,183,170,1767,790,1349,2601,2139,967,392,2663
686,72,1,1200,455,600,234,1683,241,1441,651,650,642,126,702,1721,1924,2100,455,60
368,46,563,23,316,323,270,846,776,464,59,243,883,1790,600,2478,1253,4193,336,91
