-1.443036454449332,0.05370922765804376,0.8995556457543229,0.8959489431789295
738,820,1961,919,301,264,925,1195,794,3753,2710,569,1134,870,1949,33,2364,1350,379,2038
230,1003,2652,254,42,406,1515,83,880,63,742,1707,3046,146,81,578,1658,490,134,1535
1,1323,1148,302,309,88,11,929,652,591,513,741,251,202,821,2696,1412,2699,1775,4658
4,188,1838,41,9,589,368,348,949,100,53,374,12,313,321,542,1051,164,3030,568
849,628,403,13,396,2736,1108,560,252,1,524,193,1274,1473,246,389,463,2451,1602,1807
702,2155,93,944,175,991,126,627,94,39,432,7,591,615,1617,437,256,890,111,1127
904,465,11,106,640,192,22,73,356,194,53,1,1576,1059,42,639,1,1756,1604,1094
8,573,354,220,473,467,1420,238,135,283,3110,350,413,9,61,1579,2002,1600,1563,2698
264,1262,933,1763,119,332,269,30,516,1125,2054,25,628,47,140,1481,2,4,584,222
169,344,886,1422,32,47,48,2,24,1,680,227,32,1749,4605,3379,278,7,317,16
1283,173,1871,39,2233,2194,58,319,2316,535,814,1328,479,364,9642,4760,8014,3354,4172,666
210,189,166,1181,1110,451,1474,1204,1271,1193,593,52,1280,1632,3300,7344,2487,249,184,64
284,822,249,2545,487,6,307,386,6,86,1470,259,69,236,269,4798,4455,134,2136,2961
264,5,928,298,120,332,78,2274,242,369,3,451,13,61,20,6014,3498,3821,2316,2228
1383,16,1238,1604,851,2296,838,812,836,493,1,147,347,401,213,82,4240,4681,647,1430
672,264,39,38,154,370,62,173,152,3192,43,1673,904,1988,657,1117,1044,394,1242,7
1104,409,23,1237,856,1223,268,134,1138,1590,912,169,959,1049,1605,4610,466,1808,2733,1313
717,1000,508,54,408,464,1814,318,323,116,161,610,613,868,78,1097,2545,1,255,1857
254,37,55,73,2343,1,1418,232,13,5847,262,298,1713,816,38,3456,249,11,998,474
162,1335,154,688,130,1581,3289,1016,180,226,2221,24,2583,580,924,3846,2900,170,413,17
