-0.5360386512614268,0.008279039938054133,0.7992847663051313,0.9312872417827894
391,422,286,299,285,581,387,685,705,507,1826,662,742,469,376,873,746,1115,557,563
465,413,290,794,400,303,541,1052,584,782,1207,1304,1134,1064,629,592,317,548,520,364
431,572,407,476,631,243,1413,753,1698,988,516,579,944,1117,1283,327,813,1227,835,914
162,402,642,509,468,653,679,1652,352,683,786,473,1028,1563,635,543,632,1361,374,254
286,694,1276,489,853,356,408,580,1235,553,647,758,2240,1187,797,1264,734,593,463,461
832,498,677,1052,1272,433,260,736,1214,1026,588,1582,594,932,999,582,1001,784,594,439
443,617,654,998,1153,1817,1091,1550,679,1698,452,763,876,1071,1727,873,570,615,765,325
275,846,2143,975,835,688,1998,1271,2686,1341,1149,1241,879,866,328,773,299,533,210,1215
741,489,1065,420,464,1211,958,3023,1040,2303,2306,39065,907,934,656,310,763,1213,606,1040
1218,916,321,813,336,1019,1615,1056,1321,863,1047,4017,2594,1764,643,1238,1326,897,678,553
638,605,269,760,1201,1362,744,975,954,1318,559,1359,852,2114,761,1626,433,719,720,932
777,392,674,1328,766,671,600,1621,1483,3403,926,2453,718,1817,1027,1000,1111,387,553,822
993,403,1116,1223,722,420,856,1056,1318,1011,1752,542,1027,789,1460,854,1351,507,1023,1057
364,631,473,742,825,1114,805,1162,221,971,877,325,1838,822,1132,1605,1036,283,732,1007
789,611,1015,1106,791,358,805,1334,1046,869,580,1051,1272,1408,909,598,923,952,506,1131
686,243,1038,1591,910,1007,588,320,1252,350,824,1163,1112,833,1503,933,850,335,496,1033
387,225,884,1550,1046,1162,1682,602,770,1053,712,1316,396,884,712,940,645,610,1106,511
198,564,492,934,969,618,967,724,721,433,612,809,784,582,752,721,462,676,147,1733
488,512,690,688,1178,729,1077,682,352,324,380,921,790,408,759,577,640,933,706,506
1002,213,1299,466,257,1262,470,329,614,367,209,914,1263,1353,303,499,326,400,614,723
