-0.552226372509698,0.050335935754019685,0.843204265807445,0.974178729472303
514,405,250,246,692,557,522,1500,1246,845,491,851,899,465,740,453,798,313,901,825
79,316,780,584,744,834,1903,420,288,427,921,817,151,291,571,879,1209,1432,507,391
745,620,966,1285,991,1610,407,519,1311,1065,735,1549,1296,1274,1494,49,735,265,530,1083
1943,343,894,822,1270,948,463,1525,1451,2283,348,504,1679,909,915,429,1641,1203,676,236
876,1102,773,539,1054,795,756,2866,1591,654,785,1149,1548,1026,910,701,751,2852,1074,865
468,888,434,762,2050,1259,293,1271,314,974,1571,1496,2584,1302,568,2301,746,665,219,921
804,1345,1302,553,328,1054,1346,2219,1334,862,1359,2455,339,3182,1070,1958,810,906,763,450
615,449,949,1905,1013,1145,1517,584,1676,995,1236,1714,2122,615,2295,795,1517,478,434,569
265,584,802,912,1435,465,1956,1694,1032,1419,1979,2369,1343,846,1400,947,1155,1226,530,434
1016,290,559,1167,1282,1056,996,1899,1413,1841,3086,1233,1790,1245,1238,1641,1090,622,1214,763
1024,466,788,690,862,396,1601,926,1532,1599,2563,1384,1302,1045,923,1115,1385,1011,717,658
1269,553,596,872,2757,699,1289,755,1510,1322,2259,1413,2172,1364,2578,856,154,197,987,302
1252,721,676,1083,1403,1575,1060,1010,477,1984,1174,1894,2326,1291,909,1292,2734,496,450,1505
824,503,706,1263,418,817,1357,671,366,1224,423,1331,222,409,957,148,1149,877,457,572
936,1177,540,580,910,4,564,546,1848,1729,1154,280,976,2217,732,783,1022,1096,1035,412
501,718,751,1538,1189,418,927,370,1257,1760,730,477,1001,883,776,602,395,1038,1195,1044
728,419,762,865,1137,789,971,1026,810,1148,866,507,1064,1869,729,1500,1742,748,134,557
434,835,728,997,492,739,839,1201,407,1014,2130,974,982,564,804,531,1273,420,637,823
377,1260,773,787,1110,1170,686,827,813,829,577,1161,290,964,1026,1138,960,705,45,478
708,267,938,261,280,782,537,652,298,643,221,1149,818,315,1496,573,582,402,183,505
