-1.4948828928446096,-0.003567862677330276,0.9764683691747273,0.8499354396411233
445,5544,182,2028,841,1327,1760,152,724,185,905,640,1841,653,119,630,73,584,265,21
13,986,140,91,3781,259,1122,348,751,118,781,385,506,128,1565,12,1033,3908,475,3755
307,860,958,81,4573,207,1049,57,897,66,1396,517,133,152,201,1323,74,26,1294,16
1344,773,281,332,4,3,66,53,575,206,174,3947,253,205,182,428,32,540,7584,5908
535,134,648,525,46,202,64,119,494,6449,730,59,2307,1203,746,3462,781,50,475,107
285,246,4466,1859,0,823,552,221,150,33,55,1296,373,518,775,2640,473,26,1330,426
1549,1676,616,428,831,1045,2394,786,110,69,1352,214,309,5219,650,1014,59,0,3171,103
18185,762,1126,2,191,0,4774,34,30,1410,111,348,188,33,77,56,2802,443,587,285
128,166,1023,215,169,82,254,360,943,24,316,1721,0,8,123,518,8991,1986,24,1119
2845,2665,2,92,173,2828,725,747,146,709,1719,1332,0,708,551,220,5937,2066,798,157
2112,613,91,60,241,50,435,1742,131,69,13,46,294,0,212,163,470,684,391,0
235,7,3191,2732,1963,113,119,179,286,188,123,398,434,109,213,641,962,836,980,243
121,128,654,33,750,7393,1408,1676,805,154,58,397,1315,32,40,1156,214,866,97,68
1490,557,16,1328,896,487,208,335,1757,586,606,36,5634,956,123,873,24,3,599,23
89,9,67,1,4776,536,0,56,1745,2908,837,130,3519,6277,15,20,980,777,676,975
2757,577,260,132,946,573,185,1249,1138,2,100,1398,1073,14,1308,998,225,74,677,0
5576,149,2024,77,48,2941,662,110,36,626,26,355,291,1,133,61,919,353,1146,118
260,83,309,894,2136,1980,220,2383,74,2268,381,5027,44,28,0,1517,7874,112,235,796
3411,55,1982,1063,177,377,49,799,14,1893,263,1351,1385,81,1323,289,903,558,18,7
1041,176,1145,3738,151,1,326,657,135,74,0,90,2379,604,90,173,17080,211,150,5720
