-0.804883459756911,-9.854921930754095E-4,1.085502385447789,0.8417931215512976
47014,1050,345,510,340,318,609,562,350,583,754,980,552,206,302,199,1979,241,1466,26875
954,444,666,1668,495,670,32,910,712,871,380,770,1094,473,263,453,369,1908,411,364
963,430,691,598,228,328,871,232,90,37,1203,640,258,1065,1693,149,1911,717,927,1283
1260,67,612,628,1524,575,1182,1334,850,582,265,2245,621,289,107,839,753,185,224,348
207,977,178,235,1036,1510,381,332,772,732,811,546,378,601,280,1029,210,547,1450,365
216,2124,1245,1101,419,1225,1339,463,602,838,464,142,395,540,857,288,294,5,1527,369
443,838,1485,861,609,423,633,178,774,217,259,821,766,341,138,211,1457,828,1108,1161
429,585,403,302,445,200,62,580,1748,450,625,845,557,789,616,1182,198,996,357,179
612,252,906,642,896,681,923,320,801,529,1638,875,742,721,654,0,2481,1094,297,286
2790,155,546,387,100,1587,528,1125,228,220,0,947,326,510,97,825,192,498,114,1312
350,557,721,1285,724,1251,437,360,1030,1100,347,914,361,932,1856,735,600,407,154,348
506,176,1660,2204,169,620,564,238,609,202,135,822,1052,1456,857,404,1557,527,63,440
242,1448,999,428,298,131,2877,923,342,231,165,405,83,511,543,0,2239,289,0,1174
425,461,1702,666,492,367,967,793,363,347,1456,196,1451,623,446,88,717,305,570,324
895,686,313,596,635,919,357,461,807,765,1506,387,1393,918,813,479,1098,1292,1123,808
752,1282,311,559,245,578,439,1028,361,26,521,200,595,691,68,1077,1816,692,106,1094
1959,566,238,3719,128,1208,475,413,340,306,512,207,862,216,701,1081,470,167,256,2037
645,633,2120,1398,260,460,931,226,863,216,532,1223,717,1586,1276,964,639,1263,610,922
576,1502,288,998,1309,1558,900,1116,315,486,281,780,316,756,121,1066,1103,31504,613,1646
1204,371,146,235,1129,419,583,865,925,803,587,59,610,885,331,458,1347,1283,305,221
