-0.8171657320987104,0.04978708097511353,0.9032202200575425,0.9501555138523053
411,152,1158,435,1790,139,323,335,1760,656,789,1050,658,1183,947,968,112,960,122,1939
118,1006,1061,820,773,1436,984,2271,1627,426,2347,494,489,170,730,1026,1180,1806,715,1025
603,1130,1310,1199,362,1220,285,1156,1213,513,1763,832,2632,739,748,280,483,878,2324,1191
665,850,579,342,298,445,332,204,681,820,233,1239,282,3378,508,2794,319,4421,1546,2158
564,2574,672,883,317,269,342,583,357,1627,2271,422,1074,586,1308,579,608,787,1318,2336
291,720,791,217,1580,1231,311,1190,661,796,925,1104,1056,333,1884,3150,1522,1064,4266,781
2032,335,431,1153,1544,327,966,211,1130,207,341,1752,1119,618,473,1121,1906,2963,2472,2332
1108,307,423,535,603,338,872,480,190,1707,964,733,2358,617,1287,1123,2565,2918,1697,315
1051,304,736,265,170,374,140,230,350,719,797,78,656,3411,870,522,3070,6285,2409,586
1719,204,751,166,115,612,1062,1556,1912,814,857,842,5,3005,940,2532,1093,739,1934,297
1310,2565,107,478,241,535,599,1775,653,347,959,476,124,1687,2250,2196,3,3568,1111,1433
328,953,1402,227,385,110,735,1732,388,14,1108,1801,933,434,1220,2312,922,1674,1802,1623
341,51,451,345,1100,94,414,1048,482,724,496,1398,575,216,1566,1426,389,88,2047,721
1102,0,2311,846,1287,547,243,236,539,163,638,358,537,1346,1030,927,1860,2144,107,2676
581,180,469,929,46,712,1855,906,27,554,1539,1802,429,694,755,389,1987,829,653,1014
1681,159,85,385,526,401,1594,632,770,273,0,2016,1627,246,2397,680,338,318,1494,647
818,535,50,166,2644,1929,1220,2069,893,2241,1365,1102,679,434,232,2908,1681,1493,463,623
1655,634,1074,1472,763,1016,463,1529,1202,1436,290,694,485,1196,1611,1067,672,1180,657,142
161,634,493,1377,815,919,824,115,868,1167,1018,1152,805,1228,25,672,657,602,928,136
743,694,1397,121,1188,104,424,1278,34,595,648,256,684,13,479,543,349,1116,65,929
