-1.6470456596747434,-0.006807614987095343,0.9212259313772247,0.9010743805358403
282,7389,2744,1793,4909,1,5068,3,502,3325,1264,397,383,23,487,2095,1941,429,39,1756
789,2181,2,16,45,303,317,198,1,1066,1604,3,419,1,2,2368,1467,56,2340,1308
4004,2213,792,1,1,184,936,3,165,1299,129,846,9,731,560,728,238,47,1303,1288
169,1244,876,1082,65,787,11,67,2653,3,292,612,785,3813,286,2012,152,1575,511,53
397,691,1493,1286,589,159,2975,702,2243,872,6,953,6,22,3016,344,1,556,648,7
10,595,4362,263,2819,4519,2605,108,55,164,177,170,1030,35,1243,979,3547,4,735,1
43,482,1100,1,0,795,624,171,295,1845,2642,1731,1810,773,2718,361,1453,2712,5795,97
94,1981,1063,54,4,52,2200,971,2532,1486,3,34,599,3250,1993,809,1200,757,2509,1
4,3114,211,2672,2631,2044,611,70,1365,1546,858,259,10,262,5,170,1655,669,487,1
0,1863,834,1824,1040,1476,454,573,16,1353,1,1,5013,1,3583,75,391,2,1,237
355,819,2310,1026,698,30,270,1485,1219,3149,455,3266,28,44,838,411,10,41,104,1688
4,190,223,15,4,281,23,1291,506,657,146,832,2243,247,1537,896,2,1597,1799,630
234,1130,1397,1,810,3040,582,425,2126,1927,2441,1,628,1002,925,547,707,1281,1275,71
31,1305,353,315,306,262,2254,2223,84,1224,575,2307,1271,5369,416,511,988,12,993,341
705,4645,189,1,3331,3416,135,232,182,2281,579,3,468,1741,948,1111,984,2663,715,733
381,48,61,86,1012,597,2725,11,188,1627,202,5752,2819,2,723,38,3456,2,85,532
929,318,1053,576,424,3528,1385,103,792,13,576,114,883,1676,747,2,675,363,613,914
1476,600,3276,240,934,129,850,890,1450,4,1616,1028,1,1805,44,501,4478,34,1322,471
808,497,1414,1016,355,2269,1,24,1418,123,514,932,395,2149,307,181,451,758,173,1544
1732,44,2850,714,55,172,917,1398,276,4365,225,734,873,129,1272,418,2369,12,1377,820
