-0.7819555998732256,0.07405003529038681,0.8046826255214402,0.952925334774408
373,431,115,735,355,326,328,1024,240,656,374,1493,224,597,86,677,1020,800,456,872
88,707,491,1336,155,2814,1674,0,1796,101,452,1124,1172,2892,892,493,289,445,629,1467
260,1066,6,980,806,1422,574,383,778,922,758,1738,1007,510,574,322,32,452,619,288
1019,642,608,311,281,1326,647,131,583,1017,2132,432,1593,723,501,4,291,21,555,635
341,27,1133,219,301,1347,589,387,1243,3,0,663,248,465,1467,1611,2736,563,892,509
732,1015,834,705,2009,627,1012,747,718,922,258,1409,597,350,345,28,292,552,1089,881
325,722,957,1571,1305,1660,770,1620,2473,1431,2082,1976,1045,1364,2399,899,1151,80,269,875
0,1510,643,753,931,1051,607,2184,1600,1977,1467,568,689,232,1245,388,776,899,322,852
207,1444,1003,2599,1097,687,1967,3563,6155,2530,2294,505,690,550,1298,783,1522,1095,714,450
595,256,1057,1604,1186,418,1098,2093,1903,3559,2705,3559,1933,1253,1523,301,937,784,587,583
1042,591,733,1082,1795,370,955,1721,1597,976,2478,686,2557,1889,2213,381,0,398,1081,2576
788,628,1187,337,1094,1063,1285,1272,2272,3314,4138,1985,1759,1173,2357,3160,2426,519,984,1010
469,1260,689,607,868,1593,916,2198,1958,1586,1408,2102,357,2040,2369,1626,484,773,552,214
802,504,767,862,1117,2018,1085,713,1537,870,3399,1062,3344,1760,1091,1859,843,77,95,899
158,977,423,1643,870,784,337,328,959,662,1167,2509,402,1660,1296,115,0,962,1089,321
394,267,379,717,146,1425,514,1143,657,184,2421,1404,770,241,1032,971,582,1137,1111,701
914,1158,387,81,329,96,991,1985,1128,1131,2463,1113,28,544,2115,499,1235,547,413,631
500,814,503,402,302,1489,525,695,1090,1092,1029,111,377,99,1517,605,887,665,568,591
430,407,432,443,1092,432,1162,957,670,1481,1547,1365,251,249,1148,401,1810,699,314,56
902,206,434,815,496,327,753,1077,459,988,1210,29,536,15,462,275,331,482,441,442
