-1.0064109267966677,0.0049749719260925975,1.051427037889334,0.9069062776260264
26748,2775,115,775,295,1347,910,1639,318,1623,946,1367,14,79,2351,1400,1252,415,890,8649
0,1320,1088,1401,7,2100,678,292,380,1002,390,946,77,1365,1183,1357,4877,57,1591,1214
155,1986,1312,353,193,346,270,1187,1227,249,2422,1974,2311,126,174,35,447,576,222,781
100,2287,3939,1064,1935,626,238,836,242,149,29,1147,550,32,1169,289,1241,53,1740,1883
1233,182,1150,311,400,31,1440,179,8,198,377,0,1414,2,1236,702,2350,1924,1588,481
810,1670,122,1154,832,1231,14,140,665,145,648,750,0,411,106,739,255,730,456,1501
0,688,542,1711,362,293,823,1353,1449,397,28,27,1675,458,1740,223,1913,174,567,882
248,835,1373,431,447,100,1616,271,487,503,753,1478,474,220,1521,752,135,0,2055,782
1493,465,1695,480,1019,1125,367,49,11,695,648,0,1402,1421,663,94,1236,1344,472,79
616,482,1164,730,1071,338,195,482,388,1679,145,398,425,55,420,892,473,1833,396,508
352,410,347,825,1657,166,890,1253,109,234,1184,99,560,719,448,15,1205,1215,1583,2048
255,1261,309,2534,359,253,1079,340,40,1503,228,308,614,1226,595,689,297,1519,723,1157
2083,562,736,1646,3550,751,943,514,1313,612,234,52,122,295,574,242,77,447,1052,1324
1965,919,1758,554,954,259,482,678,1251,840,300,2270,0,3068,7,634,1190,462,0,521
3729,998,658,882,599,382,423,76,858,95,266,172,140,641,94,2021,982,1025,3375,1159
1527,844,4,1138,295,276,756,99,695,0,695,473,516,5110,868,1731,498,63,892,373
1399,1556,654,2212,0,158,0,2026,508,815,323,418,438,467,368,495,71,1515,128,1286
130,977,2604,361,1842,2638,0,1243,780,672,419,221,466,376,130,1456,1893,42,1262,2137
887,1761,1278,478,493,1666,533,175,1292,784,128,240,547,156,744,0,1155,4284,1277,1711
5244,3136,1228,779,1342,1798,1719,1570,1267,2279,1740,578,1643,731,1568,657,5268,1155,686,973
