-1.4170907488316729,0.007590002953729758,0.8150311960534692,0.8512773128726226
161,150,12,157,1610,0,403,108,192,398,0,4140,1632,471,111,42,1130,40,24,0
222,1593,459,132,378,1087,135,1095,266,76,3167,110,106,690,3385,10,0,1854,1554,3766
22,325,168,73,130,89,514,5271,272,6964,74,73,1782,1740,12,324,12,405,177,0
527,1263,72,649,92,565,306,1078,823,58,3183,1,668,7,151,557,0,550,925,1139
167,71,1177,57,220,1102,62,972,411,304,72,4152,1140,3396,127,468,269,1079,538,0
81,1267,605,691,1019,2046,116,0,36,42,93,40,33,956,1,138,281,865,477,1675
419,128,716,281,716,644,302,1179,6124,78,745,0,4063,1217,601,2250,984,228,728,0
454,33,1387,360,203,8114,138,2073,1447,14360,3704,33,1,244,4,6703,432,2646,1885,140
623,539,263,2345,738,340,154,110,12584,1266,0,151,455,271,1173,1519,1048,692,61,182
481,86,404,0,100,113,1119,78,411,1397,9005,481,8,540,1552,678,245,4477,60,3429
340,1141,469,162,550,2096,1597,136,84,489,402,3,1112,253,62,1923,832,1269,4769,943
1858,29,283,2958,305,56,67,303,8835,834,421,2066,19062,3149,80,93,1149,1904,314,827
272,1626,1007,303,5,272,0,272,3692,616,3635,0,0,201,210,136,99,214,90,1991
1180,175,1672,249,113,5,197,119,2332,138,852,849,682,55,1912,535,4086,124,98,181
135,1134,1598,54,2718,678,356,679,1617,296,45,1030,113,112,543,475,88,170,1932,623
47,622,2365,0,1,565,847,1237,135,272,517,1953,226,940,212,512,1692,817,944,351
1647,1276,0,20,1025,10,1022,8,111,1671,728,7185,769,21,640,368,986,41,292,1007
222,460,203,33,2267,63,316,234,337,120,848,37,456,638,1036,86,428,248,1556,3707
521,568,1798,30,0,61,1109,225,1164,80,521,136,1547,821,3927,7,363,152,372,148
654,679,1380,1346,486,336,553,243,1350,541,1884,378,414,414,334,45,91,2653,189,9
