-1.9938152991705482,0.016134514739092283,0.8354766658454881,0.8503564775536143
1127,51,4096,368,1104,5,0,144,1588,2,540,1996,217,719,127,1164,893,2305,3,549
462,303,2062,58,1280,1368,1642,450,157,1628,2,215,1,36,0,1374,119,5,1994,623
1107,632,152,301,221,182,2431,1167,278,1,1063,1657,645,12,805,28,19,176,121,146
18,4,152,3487,3,32,2608,56,56,271,43,1276,2,5,1354,622,8,127,1063,1
0,790,1675,288,10625,1014,17,13,569,322,111,763,1978,2212,10,297,692,918,6,1358
2,515,111,5,313,1615,1,1127,286,100,72,7,225,2,3,230,3,1,2372,118
1,1149,1377,30,9100,9960,10,4790,834,4639,36,175,142,2287,1554,28,13,147,1710,67
1254,2245,4085,746,58,1680,9783,5632,1,21,5688,13,103,26,856,1817,19,11,420,5
2121,2344,1066,1,2058,1,23,2421,256,915,5363,831,237,821,20,163,681,468,802,482
560,1147,1834,3586,50,5281,32,122,2302,5,2055,2,4,600,0,1241,69,44,1,1
4335,78,1,1312,22,1915,1340,4,1959,284,1,380,1028,8,3439,7,3,671,703,739
1070,2672,489,81,1,1339,15,18,1,6320,3162,96,1013,1038,131,225,722,155,160,685
15,383,2078,900,59,151,955,119,3299,7488,4648,515,14,420,951,159,108,238,128,1
919,229,121,3943,6577,3231,661,274,865,151,477,26,42,125,1583,16,6235,2532,91,681
73,88,3122,8319,143,1376,707,42,2702,1709,2129,1505,5132,91,3528,45,335,5,547,1509
8,1754,16,53,69,1535,47,737,328,3,122,129,431,6,1572,26,21,30,3491,29
500,339,2189,1,278,693,54,1993,5,1,680,521,915,1,1372,1,4,402,137,2
130,80,15,564,1709,2,4686,409,5350,1,181,681,11,1,185,2181,4104,208,4,1215
2684,194,3402,65,332,144,154,276,389,346,1286,1563,829,32,1256,1321,165,336,579,182
16,737,1311,1982,397,1651,37,2499,2375,2,22,252,430,1918,392,53,398,1,1733,1169
