-1.553489358184974,0.05307974615915812,0.7985720617251065,0.9011176962729097
1841,49,2328,125,122,1370,1050,9,26,470,1,756,1593,8,17,1116,563,35,0,3
416,88,596,1029,171,278,363,239,84,1003,1035,3,9,746,547,41,770,396,257,1215
113,360,263,87,492,697,686,2,4,1935,1177,1227,3,2162,51,3,506,296,38,943
1533,7,328,115,135,208,631,176,1754,2701,657,154,300,1512,210,1,1921,223,902,8
3162,151,1375,615,755,1240,1664,120,17,469,2,1041,4556,138,138,747,96,522,886,3
452,2912,244,197,18,430,3,1281,381,525,151,1484,34,93,1409,1218,499,2,1384,353
2,407,205,21,6,694,626,1204,1174,0,17,971,1043,1250,1814,1686,1057,99,4,555
218,8,727,126,226,1048,406,3050,3489,706,0,1500,2,2805,116,1460,2900,125,1438,99
464,43,1084,1452,441,977,1090,4379,642,2922,1616,2561,1263,3,4112,503,2085,1045,304,112
29,12,274,1872,279,871,1923,3009,1532,3679,2379,1488,902,1592,0,1176,2075,6,1385,552
5,32,1599,318,1864,3,121,3139,3922,70,3282,3913,3646,39,1428,975,19,1558,41,841
1,66,1215,4035,851,1030,1325,2937,1319,5199,4389,6005,1853,976,196,1406,590,26,43,1037
1,2,27,3657,3613,444,1448,5159,6404,2048,4430,2027,5998,553,53,684,638,1307,2220,454
691,2812,419,74,1247,655,226,2249,830,2,320,1084,840,404,813,1100,743,40,13,1596
681,1162,3279,3142,63,263,2388,1524,1516,86,1669,204,1763,1,65,1150,1073,1,773,664
134,2003,13,361,122,449,1640,2412,2063,848,875,1171,315,4,124,1603,186,2,521,332
502,889,1415,372,21,1712,2373,727,486,119,106,1543,935,2148,104,203,639,618,15,1901
255,636,219,1569,300,32,181,188,4,2185,232,1394,1830,10,1316,1967,35,233,242,357
2477,3,169,2717,829,27,2,538,99,294,1063,884,2826,4736,3219,331,168,1363,207,240
47,1377,1333,416,2108,2245,191,28,768,639,109,410,3550,2735,745,905,941,1234,624,167
