-1.710483185905612,0.00412380565242742,0.874327867835755,0.8500216329537992
652,569,235,1050,8,298,1428,230,1,244,979,424,10,595,3,670,1058,290,256,1
1926,539,1053,10,1282,1256,1063,483,167,2508,737,413,2191,1541,530,0,553,899,155,86
344,259,4,190,39,0,772,622,183,336,14,827,4,66,1522,87,57,72,212,1203
55,1,348,996,137,359,3525,3565,147,1316,371,201,4,188,1446,6158,55,971,65,1452
1830,1427,73,10947,5363,340,29,32,1128,301,14,804,694,1252,62,405,1512,26,5,0
0,1518,0,2226,934,1226,197,2749,2101,12,1,11,742,419,3,21,1346,39,3399,275
12,103,955,648,43,170,73,1165,61,2546,1050,102,1580,660,1388,647,245,439,461,939
2143,531,514,398,479,1034,931,383,9,177,4283,120,33,92,1013,594,65,1146,416,2
3251,1928,563,1116,1712,7653,1287,1346,177,3634,261,0,1650,905,310,273,78,1881,231,680
794,345,40,1976,813,2587,7475,103,599,32,12038,9,2862,70,2,16,79,15,7,19
291,564,1,1154,169,1071,2646,94,1,207,22,148,1144,73,164,756,100,211,1280,138
109,33,56,1395,32,3883,6,507,271,632,2960,602,1392,2838,764,154,0,5,134,400
465,438,682,273,18,173,2095,64,709,14530,1691,3758,1801,134,15,174,11,165,80,45
276,488,1168,8946,987,9,324,337,1093,6,154,1424,2314,360,3315,232,284,3341,760,493
1467,34,1882,10428,102,88,611,104,819,3113,2792,700,111,1300,1,52,904,125,574,921
2,0,67,407,219,386,21,20,150,68,856,442,434,1059,29,2997,1068,81,869,515
1487,7,1013,51,374,1397,194,3,2,2,277,148,1460,358,1693,498,2,1057,0,5824
6213,5213,520,120,136,219,3598,147,1409,1,37,418,47,0,7929,1722,2362,136,25,201
373,2060,1074,455,50,1464,2174,1818,505,2191,3212,13,103,334,1165,1044,2,2520,23,159
160,8616,14,2706,583,2127,105,1733,3232,8,18,728,443,749,3,12,4283,187,16,451
