-0.8380937958802238,-0.0010604674007495777,1.0462005789971276,0.8457733042624659
46843,771,468,461,340,153,847,241,350,260,540,1162,552,487,190,277,1451,747,1509,27356
734,48,73,1687,24,213,119,1436,18705,871,380,562,1094,465,1025,39,785,1908,537,1703
0,281,691,74,853,937,871,232,719,280,1809,663,369,733,776,749,793,740,649,1283
1211,67,849,754,907,1180,342,1542,867,374,245,2039,855,661,119,546,753,116,580,408
282,1420,557,95,1048,2058,532,116,2001,747,811,756,363,675,56,654,740,170,1450,499
1036,2124,1273,859,419,2751,1339,870,2450,806,659,340,395,571,857,85,323,1254,1626,0
461,436,1377,221,529,423,543,691,968,0,359,1139,596,314,40,893,534,657,1073,1161
696,585,428,302,445,508,0,1999,1748,493,311,1117,970,935,555,977,105,803,288,246
617,254,549,696,896,655,884,315,321,435,1267,1285,514,721,1186,149,2798,843,215,621
1554,543,397,341,97,746,601,1125,343,639,111,669,538,443,375,825,275,880,133,395
316,557,531,1285,756,857,413,360,658,2089,347,1792,250,1304,2436,1465,879,338,309,676
1444,134,1282,2535,130,634,293,710,541,541,189,698,39,258,605,364,707,319,63,440
242,1199,401,602,298,373,2623,543,453,255,180,481,155,435,294,0,753,193,572,586
425,501,1702,679,375,77,735,422,363,347,1456,98,1369,523,436,377,604,305,808,160
895,686,313,2212,635,919,138,510,1047,0,958,493,842,1035,794,479,1098,1711,795,580
865,794,645,559,266,1116,50,1581,1372,116,508,200,565,447,145,709,875,692,102,322
862,280,159,4469,64,860,380,814,340,318,512,223,690,452,661,217,607,116,256,2235
102,516,2120,1099,965,409,931,213,863,187,1788,735,717,1560,1719,416,611,0,610,980
774,1226,654,1277,1309,914,750,1193,576,119,281,710,388,1118,300,1066,686,14067,613,1519
1209,371,173,694,836,668,245,995,1073,657,466,46,739,663,285,0,654,1283,305,221
