-0.614270522129779,-1.3581018628672148E-5,1.0419341047473911,0.8980806095381775
31812,583,264,928,1261,365,526,493,1013,740,751,402,60,1149,475,846,401,707,406,10840
702,1049,124,1329,1335,1129,658,476,687,674,1118,1115,928,537,726,1587,1022,591,921,440
288,1278,477,1437,424,619,976,417,920,1200,583,489,534,649,409,435,538,551,1852,798
1554,231,1004,639,573,1297,963,693,440,133,831,659,1583,48,419,944,653,981,266,902
483,737,1368,480,782,290,761,718,1159,694,520,271,661,712,1135,335,236,265,1053,1632
786,287,1018,722,769,1347,702,522,1248,810,390,600,685,339,809,609,1464,1138,171,355
962,339,767,220,930,560,642,614,996,1470,945,778,321,198,676,989,188,886,601,846
320,674,585,781,1581,1516,522,418,953,466,1038,1726,673,629,293,537,814,443,396,202
376,768,654,3138,372,664,1479,295,660,783,1049,802,775,521,699,564,928,1498,1250,746
735,363,1274,768,438,785,614,224,830,763,300,771,849,377,493,737,928,1217,665,922
2045,318,294,806,440,1071,427,502,673,521,1120,508,1068,466,402,372,805,527,1254,938
470,1314,678,1691,1480,755,655,831,773,1173,504,819,868,3060,666,362,172,1589,696,469
278,194,288,769,669,1467,942,683,585,931,1328,549,643,663,743,887,735,1250,0,531
264,1079,170,1094,910,753,535,1223,1406,810,921,584,279,617,1153,679,322,405,1050,894
333,1076,1014,394,427,1013,310,624,600,247,527,1634,268,1121,592,624,451,1031,469,867
1455,861,456,263,510,1505,2167,1292,676,713,392,641,628,668,522,725,1259,748,597,1067
1163,321,390,5084,416,481,948,770,1144,310,1043,781,647,1183,379,898,486,682,1298,599
1088,547,592,788,648,502,996,355,594,585,350,592,479,869,1584,820,830,998,459,147
494,199,1141,1153,765,418,645,271,719,703,854,670,1487,1061,368,113,1189,23758,565,364
658,600,1509,566,888,754,475,480,462,834,387,516,410,974,1198,1410,990,599,473,16084
