-1.9941021583975962,0.0010091080799144502,1.006935827762472,0.8462071392482606
233,34,2601,45,97,36,405,748,432,153,2780,3,121,3250,17,6,2210,742,39,1510
3688,847,346,1593,1412,1933,756,5,107,484,56,450,38,4602,1408,13,7,3254,4,2565
3967,23,7185,11,515,438,2,155,1093,257,5,10,84,55,5918,182,4846,1,1024,73
122,2,1350,507,90,47,812,36,773,72,1149,21,4146,5,30,401,194,6179,1945,4247
432,3035,524,50,249,75,315,150,985,398,182,2,498,71,3,1478,2,162,1,2262
3343,2,859,22,3870,511,263,5,1,111,62,1529,3233,5,26,4,678,0,5,3321
252,279,1,702,1688,104,3,1894,294,85,4725,1,3806,1601,2768,776,403,748,3,1
2290,4067,24,1,1,5441,5237,1,0,41,356,296,4,352,114,540,639,196,1388,540
2697,14,4,204,144,216,150,2066,137,1081,37,724,991,398,1756,771,1,6,2787,16
696,1983,418,470,266,1,255,2,30,1688,1668,159,108,348,385,150,32,5,20,304
490,222,159,77,239,2,1719,145,389,480,222,1,3013,817,102,5289,19,60,1743,731
3533,1862,227,638,1271,2337,784,1,2,874,172,435,190,1734,363,1526,283,360,280,1
52,11,94,1,596,5,1888,1385,793,1,1,249,2,0,116,3236,5631,1,10738,314
1,34,2908,1161,19,3,401,0,2,1943,136,233,1732,16,960,337,8,197,46,471
159,185,33,58,503,1618,355,22,1029,136,280,1994,195,75,75,33,1626,3565,154,1788
3544,139,705,273,6,2,1123,104,5,1756,158,166,634,2581,1115,929,200,26,706,109
2767,12119,1633,4704,328,673,458,718,913,3012,8444,97,393,2,33,298,659,1781,632,3437
5485,442,229,1492,395,1899,564,1179,1,103,276,1612,82,492,2627,1538,567,1,3804,5
34,48,5268,26,283,76,333,702,4,1,218,1690,1090,15,2835,645,1777,275,4086,1354
1777,71,13558,2037,401,1061,13,618,33,635,103,1105,629,2053,59,2,3235,1057,7,1598
