-1.1343474860952205,-0.0037518454391472283,0.9413606375727498,0.8441819273250555
1074,853,220,85,439,522,854,264,54,882,5975,522,526,1416,1568,1521,245,1942,0,162
703,167,297,61,2655,374,53,1351,9489,18,517,1674,571,589,2352,0,271,3387,80,656
564,1701,632,126,952,283,992,282,218,451,160,2277,2320,4336,313,48,793,0,1743,205
1470,308,65,169,335,908,746,1134,0,221,1852,504,6012,2805,141,539,652,1316,391,1544
383,15,1170,275,53,1802,155,382,2397,836,506,370,178,377,347,913,1431,421,50,244
1096,126,760,222,222,146,196,1144,2329,1835,1224,603,153,882,0,1370,257,804,173,67
697,680,1968,372,8,699,833,1249,32,0,1108,1310,1539,992,24,318,0,19,412,570
2293,240,65,708,75,2935,648,1798,591,577,736,308,790,1263,0,1234,36,292,903,62
392,1312,259,1127,0,342,410,263,928,331,779,362,12,623,1208,1402,0,146,0,1392
123,306,1323,0,7339,85,403,144,326,219,1344,154,553,272,57,844,1087,1830,111,768
351,3240,786,100,1030,233,187,1087,256,516,358,116,844,2378,297,330,1287,839,581,22
208,1587,2121,1214,873,361,185,185,601,320,8196,843,885,346,587,29420,1618,1612,748,450
1,48,30,1345,104,222,530,668,1300,81,2110,377,1675,105,174,175,87,532,0,555
0,756,352,1086,0,110,444,196,117,304,732,811,86,414,1621,1381,306,108,441,596
729,151,560,899,306,735,296,555,128,581,31,590,2811,1398,720,194,127,244,3359,370
1953,34,313,1179,1354,528,262,2082,477,200,163,206,535,244,2317,784,78,449,232,168
69,991,2023,878,309,1406,998,841,275,1815,232,1894,1641,821,436,1063,503,776,260,792
459,654,828,859,585,949,47,364,657,1298,230,1816,332,493,1158,387,384,0,386,1719
382,67,840,496,1754,176,1119,175,667,499,28,127,949,1263,620,1487,75,223,30,1
1720,32336,315,419,108,383,12637,819,383,907,0,21,879,594,835,801,489,24,437,124
