-1.5647887778488105,0.01234387456127429,0.793917220897551,0.8529910424860676
41,8,14,807,852,72,1285,335,666,15,1231,91,1561,1481,1518,229,204,1587,544,384
1392,0,312,6,25,396,778,1567,837,886,1633,93,4298,1008,285,102,189,128,468,2656
257,180,25,38,285,590,1000,0,348,6077,557,27,4288,636,94,42,331,760,126,188
86,893,443,131,43,504,380,979,208,250,2227,215,1,15,2169,354,2155,190,0,17
138,531,10,137,1,1517,526,398,13,1,120,3955,9059,2701,917,686,5459,1,13,0
281,899,31,567,121,693,3846,1786,904,3633,2,370,57,4029,555,212,145,589,249,176
334,404,207,27,412,10,243,3775,1474,68,1353,125,4100,86,785,2434,722,189,873,53
296,87,0,1098,1885,5110,5,4402,790,2027,255,2238,47,51,17,129,2266,162,948,660
787,372,542,202,2564,178,6058,130,6333,339,329,835,271,1119,924,1998,394,364,506,245
6,15,486,1643,410,286,729,482,332,0,6048,9199,3732,335,28,578,0,2989,684,776
3,564,20,238,14,188,4968,510,216,628,8099,53,6,287,3279,43,639,4082,484,54
199,17,80,275,47,284,3320,0,2183,740,821,499,20733,542,32,11,75,355,1094,352
111,1407,184,1022,526,2,377,1628,417,15,279,0,2594,9,35,1065,51,245,427,195
1486,2412,541,793,325,19,56,244,5281,15,194,805,1528,186,2162,1985,562,3008,329,141
15,8,66,241,5,0,121,1795,744,11,479,7226,3358,71,3332,464,522,685,415,0
2337,106,509,685,177,284,22,3450,1177,140,954,915,88,2767,1333,89,6701,1,257,1989
877,178,696,2312,2773,1168,977,278,643,35,265,258,466,111,1405,178,2083,23,12,2642
1977,775,42,83,1069,152,1153,227,88,453,1363,606,24,160,270,0,15,1184,2938,127
418,15,561,250,525,130,234,2048,1023,193,146,474,912,1554,3673,113,128,173,24,78
558,1427,612,2,303,1818,432,736,447,1568,2084,0,72,1081,1,613,364,357,2435,136
