-0.8201675962510835,-0.004330230833452487,0.8627494338554133,0.8569966776286093
463,790,593,269,938,665,661,557,824,1022,417,902,766,74,833,905,426,397,371,368
408,824,493,562,1281,901,682,716,555,846,277,1119,932,57,898,726,854,287,1606,427
208,1137,781,145,381,461,681,505,349,319,556,716,1246,1070,146,500,591,804,342,1834
393,517,585,159,399,291,580,316,346,697,731,537,23025,529,1026,0,63,663,257,866
295,1482,960,699,1279,599,1289,626,549,678,608,64,917,284,1120,557,897,775,710,1561
65,2084,1416,15885,1205,815,1187,178,285,819,674,1818,664,233,490,0,434,71,739,1343
1037,755,345,234,936,664,750,424,651,667,1273,728,630,1172,602,359,7,334,188,141
1236,657,588,635,697,12,602,643,776,1160,421,47,794,547,205,312,209,528,1393,755
971,458,300,486,1057,619,1167,921,2954,1234,303,902,31343,416,876,531,688,16,1084,1076
1350,607,766,1042,765,908,1913,241,224,821,0,777,877,667,453,0,1030,852,847,373
285,994,1400,245,955,990,669,28,467,680,668,729,342,824,884,0,908,155,1181,120
609,75,311,18,332,24,273,769,247,39,505,1384,723,661,583,27820,846,281,187,122
301,426,1602,1260,546,424,662,344,363,1642,1022,643,1468,1768,1322,160,0,350,248,1255
52,415,1867,749,1306,667,1329,980,493,307,171,1229,959,650,389,1064,253,436,184,752
671,46,1006,103,2559,1266,1236,674,1464,787,503,1148,81,340,514,620,235,394,418,135
767,1669,859,322,505,441,487,439,774,1458,83,477,361,280,199,169,601,323,568,396
1478,1232,691,1012,843,98,178,47,814,766,459,187,461,1164,733,988,647,46,1295,256
931,774,324,911,437,0,942,428,3183,748,504,686,2402,923,170,488,1962,1131,591,849
796,0,590,645,1128,220,414,554,1621,792,782,822,1159,341,393,0,777,662,763,1604
1628,339,910,724,937,141,773,1003,1526,470,779,629,776,11190,674,468,104,817,77,926
