-1.1569113522604344,0.04998225692628622,0.9105582876372268,0.8975418738547779
770,1529,0,837,396,2870,21,2058,1040,0,72,504,222,11,515,643,130,1161,956,484
1248,226,1826,1455,824,1125,3808,2755,1409,1305,1033,575,1323,720,952,1295,416,214,105,1206
142,1571,406,1569,890,100,1905,78,2019,92,1717,894,2172,2866,366,793,2303,3046,29,1595
1476,444,819,267,682,2685,154,270,477,1995,196,4462,184,2101,1921,3,877,108,106,1136
996,331,27,499,473,0,204,518,439,2227,977,1845,460,176,0,1074,28,236,38,72
1457,475,563,4,66,502,3503,442,368,204,689,1288,185,164,165,525,1395,195,321,915
526,45,349,125,373,27,94,159,2345,156,779,957,95,2158,1825,81,437,2058,1603,872
23,8,480,148,664,120,496,1623,249,935,2425,1107,22,234,624,225,148,2911,1033,49
179,1450,87,3745,140,783,271,456,170,55,511,974,367,1104,482,3315,220,1292,0,0
522,85,948,251,1433,1184,96,286,2432,474,416,755,634,310,1418,5495,75,509,994,3871
55,149,1210,1125,864,385,336,111,237,313,624,1127,3,1675,5389,7969,9969,5947,1043,3129
20,460,123,461,54,502,217,246,492,81,648,1490,420,935,989,388,10089,4456,1025,3679
1953,341,251,333,510,342,433,104,766,4,487,233,154,419,201,649,670,6653,1503,10691
164,878,1412,384,320,1020,240,106,287,363,1222,1416,61,1307,1724,1119,428,990,3654,8025
1477,1807,425,505,429,322,1526,604,735,552,848,518,1220,1320,213,47,872,699,0,367
751,550,1083,328,516,249,0,43,145,272,2446,380,138,34,81,826,310,393,523,172
82,429,1064,2877,693,42,1141,194,102,592,1259,515,1118,184,201,502,1080,2,526,1018
309,208,1333,845,259,530,929,95,1369,643,820,132,275,180,364,73,408,8,744,1546
1566,876,2608,1093,1197,724,553,4153,49,685,1822,76,895,171,933,471,1045,1512,67,1087
1011,273,1132,964,631,3664,876,1098,1750,2001,579,617,336,670,513,864,778,1766,994,549
