-1.5962336206412473,0.0020772602608660038,0.945124636074508,0.9060969494785402
595,258,1357,217,1241,9,286,296,2897,1177,327,19,1057,3065,1006,380,252,344,111,1444
1,553,97,832,2145,327,321,853,1835,944,1977,1074,3,1,442,1568,421,696,3736,1415
3611,552,535,583,2,2557,105,6,236,283,62,1071,3,1795,1490,2151,64,5082,214,2888
3160,101,596,485,1487,3931,1,2366,495,1108,121,169,1977,2906,35,149,3034,944,1101,433
223,9,13,193,2,999,756,963,1,33,1670,12,165,2539,571,4289,972,2355,1,1
1,1,70,1291,558,551,529,5581,7,1180,754,4744,24,1648,224,2362,736,1362,592,574
449,482,7,31,1629,544,45,827,742,418,2235,103,1,4438,1392,1294,321,2985,969,2227
295,217,1047,657,22,638,1645,33,103,948,1359,157,224,101,736,6,1264,7,1882,134
608,69,1105,3121,1382,14,530,827,2,233,198,348,2,8,929,1860,0,320,3596,550
7,2785,2315,601,560,18,3373,584,1740,233,1468,1434,190,2212,45,271,610,2,1,1
783,0,1262,590,9,1127,725,1141,329,1630,779,9,785,652,488,212,1401,1191,638,890
134,1441,685,469,3879,944,2705,584,1505,235,1,757,341,196,157,1,21,139,437,437
158,1593,571,1,3495,295,248,284,174,191,1,271,666,407,2110,12,346,865,2785,185
1597,8,3665,24,353,10,9,2315,1196,1,705,1121,167,1793,2595,1,998,5,2951,4889
191,286,5,1162,663,5,1585,0,4090,147,2153,1878,54,753,3799,972,213,965,234,2396
757,677,18,2324,884,2335,580,336,2720,4,1829,923,19,5,1704,2398,0,4180,2229,1826
1323,303,0,475,90,590,996,165,1510,2254,329,12,278,529,1408,944,769,166,2424,3894
2807,1150,461,1071,1430,1752,889,804,3334,1475,2956,544,1,1185,5,1097,1080,2498,1888,1367
1448,2161,10,727,91,552,859,0,385,4,1520,2920,374,2473,2076,798,1631,650,697,1015
2286,2079,166,20,1300,1,952,106,5529,1140,951,304,205,203,1496,2112,40,2167,767,24
