-1.0296090184103281,0.050289447614527624,0.7754767285133741,0.8969244695166295
404,550,1368,838,806,264,938,135,93,409,710,87,1560,2170,121,328,588,337,0,279
943,1921,166,157,1243,280,393,3773,709,469,1284,600,0,1104,110,84,617,0,950,192
182,411,741,1925,1392,162,1102,392,635,847,100,1554,1288,0,175,299,121,159,201,1382
1657,281,1308,964,160,995,218,162,929,365,989,21,164,815,278,2156,1186,726,1112,590
722,275,557,146,442,25,348,96,29,136,416,634,172,209,930,128,1442,802,1359,886
382,169,121,2405,655,195,429,36,185,151,274,1387,283,278,785,865,2293,731,407,630
259,437,560,1628,673,975,1182,1320,127,912,376,1390,600,1075,33,143,227,664,695,525
492,316,237,2160,761,2031,119,125,637,321,349,950,1369,942,1037,180,563,1401,1090,255
578,197,1673,2541,582,40,0,1014,2741,335,6424,1083,779,795,1358,255,350,483,244,508
4,820,276,295,1140,834,254,6467,1434,8471,3704,955,1024,713,832,976,2639,689,12,1325
475,723,2062,251,458,935,1224,3527,1166,713,6412,2378,5748,340,1796,621,2114,1766,576,927
133,702,328,79,551,66,668,454,402,13019,922,7937,3086,1749,3295,59,1394,483,2745,1136
557,507,1,860,1260,2565,218,617,10973,14264,1419,7711,2785,457,1227,427,662,1022,147,440
338,205,295,1088,4,253,6722,4329,730,2313,589,17,994,346,938,294,464,876,291,333
386,660,780,864,539,424,495,938,196,910,471,1178,1063,285,79,605,3150,700,389,656
559,815,590,11,3,58,816,1247,862,1123,382,334,531,737,151,320,1145,277,815,105
1335,885,65,561,551,424,233,1533,363,136,1084,282,972,793,586,365,199,948,0,477
1404,324,693,821,348,274,2179,274,232,653,799,1392,510,932,362,1699,157,990,469,628
958,683,467,1158,89,433,1842,183,30,331,1849,308,737,728,364,961,542,56,948,959
544,1266,39,1061,1600,529,875,566,969,1290,458,1292,1676,582,217,949,697,829,622,877
