-0.7500676383995563,0.051172011082600145,0.9127469030863115,0.9492941657590575
1229,634,632,757,384,1229,214,734,3074,1467,630,780,1949,909,1431,653,1129,204,488,1584
706,916,711,335,901,581,548,965,715,237,1582,267,1997,616,780,1980,1929,1089,550,2454
1425,1319,550,1579,725,1066,361,150,346,1191,33,1867,1016,766,780,2020,444,1646,3591,1325
131,383,643,87,147,618,415,955,1921,900,757,3968,409,1286,702,2630,395,3175,743,865
539,918,1743,1056,397,983,290,650,357,1278,1409,1398,703,803,2959,1413,669,468,999,1760
1150,554,178,468,751,429,1426,627,624,1053,1456,440,124,587,3091,974,911,1045,2017,167
663,463,125,1082,1839,198,1546,1620,88,1401,515,1551,407,1690,1560,1543,1143,1794,2084,331
168,939,673,737,149,186,810,338,1352,853,1867,1029,835,1239,113,379,7428,3959,5401,144
1446,510,0,75,155,514,997,665,162,881,419,1720,305,2202,1909,1566,380,8852,3112,1156
257,447,241,230,1727,728,300,1191,657,106,1119,176,374,2187,1616,1959,447,752,3400,2899
731,241,1410,283,102,1434,210,1142,997,566,928,1337,712,991,1054,2052,0,692,126,1716
849,136,223,296,877,96,365,577,354,314,421,960,643,774,544,2577,852,1081,2070,912
346,319,510,929,494,266,863,1316,529,1176,812,900,536,271,1899,622,795,1101,923,406
1018,527,884,453,898,1340,622,1527,624,428,58,958,861,610,793,739,1109,313,495,1825
996,295,232,566,1116,1279,1174,364,984,421,1041,1097,407,1449,1262,185,262,416,1728,1081
469,760,699,919,524,1487,932,507,1240,317,535,2231,880,15,513,477,423,134,681,1149
630,82,964,1338,293,240,205,2065,1094,16,0,1640,0,1471,626,1396,917,1388,1235,1430
1449,183,221,408,1344,1479,1281,2233,1068,1396,62,839,1122,654,892,1576,1516,662,1481,642
538,899,1051,504,1170,1199,411,737,266,951,815,365,464,1242,372,1190,1056,1012,736,343
398,944,1105,806,269,2142,806,347,563,1266,264,1597,1315,470,884,464,492,2445,3495,1117
