-1.3208785523822681,0.05057512785794831,0.8909697011999681,0.8980187169646715
1173,284,307,675,517,31,415,153,1911,748,1637,902,0,1014,1119,218,2558,503,1426,1315
1114,924,2647,1375,294,605,3062,677,123,1459,1394,2520,1228,93,1856,355,189,95,420,1082
172,920,477,302,125,101,13,343,326,373,2763,218,1358,149,1232,3158,1110,4204,2266,798
270,989,3912,2081,628,2319,8,167,567,373,896,540,49,1072,183,66,1046,184,602,97
1462,549,149,23,0,1298,832,1022,964,123,431,5,575,0,219,120,1976,1424,278,635
22,75,275,326,6,2044,7,776,345,96,13,67,521,367,317,1,53,670,370,1568
2307,406,288,2242,668,319,1,180,128,332,173,267,4380,504,1266,10,3,3168,444,1237
357,266,543,1557,1020,258,1005,354,136,1074,2794,536,171,8,3,1083,196,5263,2133,1449
2676,478,654,1785,50,143,161,777,888,598,1253,611,560,309,1229,1769,1086,2226,488,402
777,456,2310,3489,357,195,1130,35,9,230,1603,113,29,711,4905,4342,19,1771,0,25
875,88,307,893,1686,168,1,451,842,2302,390,55,22,9,9343,6372,2422,2100,6375,671
260,47,839,2448,1633,1019,702,697,799,324,1358,113,1185,383,4301,9037,3190,2062,0,637
1266,1007,226,1472,108,2357,488,321,44,28,544,1211,144,58,724,5939,4067,3928,1276,80
853,216,1004,1129,321,71,1499,1382,252,151,367,241,0,860,22,2942,3370,1867,1135,3250
316,599,2998,30,906,487,37,1526,248,422,1,946,131,1707,478,194,5312,1418,0,2626
273,285,31,36,404,3121,1287,710,937,2665,0,1546,192,856,337,400,1602,17,715,419
1200,120,313,62,638,738,2,406,1008,952,279,57,384,681,4155,1261,1408,21,3230,2021
830,858,837,111,540,189,704,386,50,39,181,174,332,2157,254,1862,1738,317,892,1879
397,860,11,409,128,24,2104,174,1213,2854,480,184,389,300,244,3150,510,2546,670,686
13,283,297,133,489,1552,98,378,177,763,1695,21,1536,48,2666,1944,554,181,152,94
