-1.1572719177926785,-0.0012145087200190266,1.0497509508056198,0.8464688218346067
27501,355,493,2784,733,843,776,106,299,170,5452,84,1791,2586,313,792,255,829,1421,17462
411,1108,433,437,5472,2061,431,996,106,358,631,141,1128,246,113,0,370,1442,1241,666
353,246,62,0,146,838,1476,1568,120,84,158,386,662,284,6313,60,1635,569,462,329
618,465,283,389,416,1547,574,4003,30,115,711,2944,554,2169,702,454,1348,132,169,473
74,492,59,949,198,71,1334,44,2406,77,568,179,863,126,0,1115,1071,99,2517,1462
1550,1693,868,284,63,2093,1957,512,388,726,588,135,90,464,183,3665,2244,825,501,153
518,1452,822,319,450,1047,209,73,79,220,351,161,561,3886,277,351,121,17,1441,1861
416,127,1093,831,64,65,261,2433,391,305,0,2011,309,180,1375,1282,5273,268,836,967
680,301,119,411,941,810,1259,0,86,138,0,2180,1361,51,161,148,148,565,700,268
1156,801,670,164,57,92,1882,1296,757,285,1648,0,970,173,308,368,164,57,327,3410
122,489,610,161,698,255,137,1525,495,144,1663,338,229,300,243,0,4509,322,1538,3668
179,596,469,348,116,754,554,851,638,590,33,353,1162,712,1017,135,34,1144,407,944
756,256,21,296,1416,410,475,227,1025,430,948,141,1334,163,1286,326,141,974,581,468
997,2586,1480,119,852,767,2503,130,813,662,540,42,13,537,861,266,744,339,1001,445
410,108,33,716,922,0,1714,83,122,176,422,1201,461,92,1247,445,1343,1554,367,667
334,673,489,644,160,487,72,771,105,3039,62,291,789,1462,3633,1108,2620,884,2546,966
478,516,1316,1619,946,145,74,390,31,73,196,26,227,4229,755,86,0,697,48,426
393,612,2587,443,7,1444,21,602,101,1661,2020,516,4359,1591,0,438,82,131,1663,58
70,528,640,2253,302,47,185,451,1670,337,33,536,153,1007,733,399,65,222,1881,47
1534,1335,30827,0,2697,113,348,412,1135,1969,1849,0,17,718,689,299,394,54,397,572
