-1.8483738226376714,-0.002678210992682677,0.9218976343245765,0.8486240666311055
508,3447,575,48,2873,97,594,146,1857,582,399,642,17,43,69,1,1,217,31,1
5,41,2032,85,993,444,45,42,3,678,799,1716,1131,207,1510,7151,1716,2550,1,1158
130,170,2078,2170,2,4,2287,545,110,1,0,194,3,139,5,607,31,62,1141,2304
537,0,32,231,5,4,2110,4,13,230,511,224,411,494,765,2190,4,1022,4,6355
836,53,1848,683,201,3723,508,641,3,91,41,515,0,1865,63,335,2,360,24,24
433,7805,678,72,1506,2765,429,276,34,2,48,1,126,304,2082,4068,1605,167,24,19
255,15,1694,248,776,293,10,3107,415,43,20,508,67,0,1844,262,3211,12,1916,796
15907,5073,56,10,1450,568,1108,603,5246,37,54,57,356,4166,260,445,1218,2421,511,727
2767,828,10,875,1711,654,2002,911,1,163,83,268,238,1,491,215,2419,117,81,1643
109,148,1000,5,115,102,3475,499,98,5240,3694,721,7,9687,442,1336,4221,0,423,157
1853,443,84,165,604,1534,3105,25,811,269,21,73,356,1197,178,233,246,524,44,622
31,48,202,3159,4544,886,480,39,1,46,3045,0,408,371,1518,2457,36,349,1413,416
227,921,1930,144,183,10,1278,1,426,5933,128,254,3169,449,2622,502,1,954,0,2875
11,0,1017,2421,1042,541,7,7,126,68,325,662,1092,1396,63,108,294,15,2766,1895
86,65,1055,369,3424,43,661,427,1897,1076,658,61,10,8743,6916,8,648,2467,598,1592
2018,212,1746,125,3680,424,58,2421,1248,251,57,14,4498,599,471,663,2278,1114,2862,1
7333,76,2542,11,76,915,154,242,1440,1678,196,19,1517,303,29,7,14,643,2894,123
1554,2334,248,21,127,383,555,131,29,2219,1,2224,90,34,6941,627,5505,44,13,1
1233,595,3843,615,105,812,74,929,2,423,296,153,93,71,422,388,72,49,1,109
227,591,81,1505,447,1948,28,1006,256,5865,1,0,1350,217,10,30,644,2,1,3260
