-1.1013216730517685,0.05002590291375991,0.7719952798216647,0.8959389241672204
413,145,423,863,550,187,1234,154,105,817,378,92,415,2033,141,322,483,477,83,254
1385,1874,1239,10,1893,208,292,4426,317,267,1454,511,1731,681,372,27,327,1198,601,371
0,326,891,2554,1451,99,787,392,656,432,2,437,2421,0,117,10,917,227,1005,455
771,142,1088,70,106,1289,0,427,764,953,647,419,0,1195,0,424,759,12,797,466
651,315,763,118,541,217,4404,492,34,208,422,1718,987,459,1311,105,2004,802,1768,805
415,200,174,2285,81,185,515,509,129,265,416,1354,241,1304,668,1573,969,402,2092,626
221,110,664,860,1558,197,1182,1338,93,943,376,1110,600,994,978,19,219,591,107,513
855,316,318,2098,222,921,547,86,1625,863,79,2039,599,44,1042,171,732,1473,1468,45
936,1522,256,1413,346,34,103,1755,2563,333,6627,516,895,684,335,299,422,179,359,580
5,845,382,636,412,619,903,6440,3223,8941,4687,512,83,727,693,781,2896,548,7,1079
269,691,2062,177,458,871,0,3943,1046,201,5949,2735,5126,884,2417,677,1100,1859,615,444
238,575,2641,75,501,331,898,441,378,13025,1710,8002,1924,244,3374,57,1129,545,1393,1623
464,671,166,770,1233,2666,1404,886,7019,13680,1281,6835,3175,283,1145,1181,662,586,222,355
459,455,307,1461,92,1105,6819,4173,1110,2103,967,708,192,12,1041,325,506,261,321,1523
272,620,596,815,1201,466,552,892,1389,951,629,624,1307,306,270,878,2682,817,307,580
137,1048,624,158,3,21,524,834,810,939,12,474,1252,477,256,747,1421,350,1618,102
1953,408,26,678,0,1180,314,841,415,136,955,33,654,1167,735,307,52,605,1168,139
3,85,1300,5,565,253,1816,467,65,210,152,1558,826,991,427,1814,6,1659,381,708
573,903,0,1192,184,1343,863,523,126,381,1512,555,1209,1208,23,909,513,218,1091,586
298,839,438,491,1600,290,875,790,1166,0,750,1289,839,670,347,1034,642,409,604,519
