-1.3269988523530163,-0.001895232187202618,0.9564981555691395,0.900894584594021
3034,1054,5,728,1426,1128,474,58,475,204,74,675,1460,3528,1075,193,705,1560,1040,745
966,1365,4509,1071,637,348,131,1300,646,3,1726,628,214,1503,2671,1994,4293,2518,1447,270
504,359,2139,714,7058,361,2489,4200,1127,166,1030,0,369,268,1905,245,1113,30,334,271
243,918,863,142,1782,43,221,522,3719,494,77,16,243,357,2447,1648,446,1790,3581,81
1006,1,0,1,1265,392,832,1860,110,1394,329,555,393,847,1311,881,263,2220,396,115
86,403,647,2545,3342,407,419,782,1540,571,671,16,906,963,1824,0,2302,214,20,358
190,2090,1735,855,0,1581,853,2374,85,484,502,1107,547,1243,2135,2314,2137,0,6,17
3313,4,991,40,178,284,1149,402,0,1303,2751,161,25,20,839,3260,261,0,996,150
173,399,98,1463,247,357,716,11,134,4504,121,33,1173,539,349,1182,0,1350,16,1163
1080,258,54,886,556,360,159,1098,1817,18,79,0,2709,49,1811,11,788,956,1110,799
346,1483,2655,24,1467,280,1455,810,105,160,1093,0,6,149,252,0,326,864,2470,3349
348,276,1721,341,139,433,50,565,4,1703,141,62,516,1362,2670,0,395,24,67,78
1223,0,4192,3144,23,3073,2671,3,0,1282,207,1963,210,3980,80,4,300,3476,920,89
164,1256,0,3493,271,776,933,1840,9,1281,287,179,1710,1374,33,0,57,4272,2781,521
12,2637,756,0,282,0,454,576,395,617,290,916,11,37,0,1780,111,2857,2964,40
101,1211,536,127,512,584,130,1309,887,231,0,511,1914,432,422,586,1119,1610,32,2156
1414,374,6704,1731,1221,532,2,126,3280,575,416,1623,1501,1276,2101,2392,692,3555,294,69
2408,1935,14,197,732,15,156,4,2343,6357,351,99,0,361,1032,1418,187,47,1741,220
0,105,2953,357,839,3229,793,3879,383,2667,2812,200,2973,687,33,206,32,227,617,2952
816,1427,116,381,1826,910,196,635,713,1022,996,61,43,99,5499,1842,1934,804,677,402
