-0.9837151065887161,-0.0033510257934633,1.0118282574710982,0.8421923362907825
379,711,336,101,1018,1208,1556,119,1347,1250,1215,945,99,955,69,43575,305,431,1098,826
3728,673,346,100,479,147,104,665,374,388,126,291,357,438,254,145,557,1040,1260,1562
469,433,404,701,1517,286,821,1083,412,458,1573,614,337,777,675,1547,711,1722,469,626
30,1158,263,621,355,563,609,238,244,103,0,783,46,1449,30,1117,796,439,80,942
790,15,165,710,220,664,93,219,0,430,809,319,253,60,0,2047,1581,554,918,1245
366,538,593,717,1093,525,134,608,376,1501,4027,679,1718,510,2720,627,601,638,99,741
1462,295,1646,190,8840,425,192,655,695,513,754,688,78,55,458,995,425,1065,1725,1400
387,429,310,1198,847,169,152,9,703,2698,687,1033,377,430,737,421,0,477,268,964
147,1020,235,615,981,139,1036,787,383,415,1010,554,621,939,1996,1091,172,1339,859,316
209,7802,25,2307,1005,1256,1027,498,1252,204,1506,637,908,324,668,673,703,233,528,957
594,183,637,392,540,464,111,1448,339,493,218,660,229,211,346,318,468,1246,527,622
71,495,878,1049,578,613,561,50,315,551,347,244,770,232,557,418,1396,943,753,11587
1226,1452,508,1351,544,227,279,729,1462,617,194,476,51,532,1059,705,185,942,3676,965
290,530,29,236,53,14,1244,214,982,250,1506,17,1145,989,224,1323,1185,718,634,462
364,1134,192,861,1608,673,2,195,68,112,412,550,938,569,503,3853,0,32,794,666
827,1593,1622,436,1317,713,1617,519,443,1189,80,1741,636,792,604,60,280,928,855,905
263,136,740,582,2334,738,967,1806,160,303,435,368,424,425,251,6,643,746,300,335
68,511,490,1786,992,151,346,448,245,311,243,395,1011,32,439,150,2240,343,0,212
20024,517,518,1197,1007,811,325,240,0,482,875,661,219,1175,365,721,341,12,496,1362
497,4127,739,721,204,688,219,650,1211,1394,1321,2277,740,22336,455,0,396,20,629,137
