-1.7357418727090028,0.004331390073754846,1.049764809188209,0.8496922321169438
26008,589,1733,1580,19,289,17,970,892,1,1982,5,104,205,376,522,1978,3133,7,7879
989,1490,1384,39,548,242,18,554,1131,2246,1731,381,574,73,535,12,175,26,333,2090
11661,3381,230,638,265,1287,1,3272,194,181,672,21,114,1811,0,2320,2684,414,13,0
178,149,72,1053,1,154,61,36,365,265,5,530,66,172,13,6741,268,1492,268,7322
5,767,378,108,17,270,134,430,16,85,9,132,27,228,165,2405,229,1079,3785,1294
1599,48,93,1840,853,13,1188,1246,1118,400,1175,910,4186,1419,2431,502,105,237,1748,851
504,1425,2,538,80,9,1,175,552,1372,1575,393,953,154,4311,329,10,2105,186,308
11,406,16,232,627,207,2,2220,90,495,3766,600,1,253,186,13,49,790,1028,144
2872,1419,1,324,1084,2109,3055,1185,191,8,1556,1399,469,1039,9,217,23,4995,348,0
2,1968,244,1296,159,211,1,828,3,2365,1334,2651,235,61,1921,233,162,1621,1441,53
3060,317,1096,773,451,724,1,487,577,151,16,36,1509,1139,1137,1,2948,2082,1195,7
338,320,1755,54,1585,285,487,235,1136,47,249,47,943,1262,206,27,483,154,191,429
316,379,635,21,511,2,1,291,91,128,95,8,55,265,283,180,623,51,1607,390
2210,1417,407,4,1022,427,176,994,155,2158,337,2679,129,111,178,313,27,75,152,1647
283,21,2874,2628,325,161,61,1398,231,106,894,788,217,510,1338,112,1377,581,1062,113
6589,6111,1001,4093,5,25,407,104,346,1438,187,0,100,518,192,2157,20,1331,1575,2359
4,1163,1,1289,135,5,2240,25,6433,308,188,16,961,755,860,3084,184,788,3386,16
0,1351,15,515,1,125,14,12,97,99,29,2071,16,895,4135,5,38,3180,1,973
3312,921,89,129,19,1180,2854,173,155,758,585,129,1713,20,581,299,2163,1136,2094,3024
292,36,111,4085,177,1732,1405,6253,1,187,526,5228,3,2394,181,4348,137,13,186,5679
