-0.8784915689956593,-0.0012899715361166493,1.0130533854698358,0.8635764520743195
10709,578,549,524,556,122,26,350,397,437,614,1279,450,142,692,1638,2728,241,1350,26500
485,533,652,1764,511,398,64,665,925,24621,380,480,839,655,1312,1057,179,1662,411,1130
1061,137,559,1480,394,317,335,38,807,587,2589,640,728,0,2141,0,863,135,647,1658
16,62,471,827,501,812,882,1359,893,272,214,2001,0,707,33,1018,752,184,224,289
498,358,313,271,1544,1961,379,388,1235,1373,67,501,346,1257,716,1029,491,482,1353,548
81,1789,2447,1165,0,1499,1393,870,780,469,1940,409,395,604,787,9593,174,792,402,369
171,700,1822,746,550,188,672,755,689,0,1,236,0,532,302,94,606,447,959,1161
450,459,288,320,492,362,118,1022,1672,656,527,845,512,651,673,845,1306,631,262,248
430,254,360,674,985,735,778,702,1835,678,925,485,671,525,1313,68,2798,421,184,1245
1376,571,153,1168,51,1096,514,1125,407,187,770,169,1119,493,96,721,614,477,104,492
217,557,465,1011,724,725,148,62,305,1585,512,523,321,861,789,1215,495,106,251,577
936,154,1679,2137,58,933,668,81,182,419,189,809,711,1338,514,1447,2006,701,285,294
234,796,86,451,534,2921,1685,831,446,381,220,1074,157,704,805,16,786,286,106,869
427,571,856,766,675,660,1413,1039,629,272,1685,179,1772,895,700,726,419,275,669,172
879,522,432,785,1255,318,226,353,606,636,1231,162,1118,1167,821,728,1016,1896,0,580
528,598,56,982,469,489,1135,1341,495,339,879,200,1033,415,147,582,1654,712,407,416
787,368,931,4246,0,609,521,431,792,350,479,591,249,624,980,1032,488,135,556,2397
535,950,1852,1008,1004,306,837,794,906,752,218,1157,545,1574,309,506,640,1690,293,1144
822,1060,290,1,1679,1656,961,1175,662,599,1082,762,316,1161,494,275,1176,30328,1162,689
1365,42,288,1111,1267,115,868,1063,178,706,653,290,550,676,304,602,1282,2411,547,679
