-0.899321357225617,-0.0020304946443603007,0.9136352811420101,0.9500048897971763
2265,248,1140,1628,215,542,2023,537,11,680,969,1175,40,25,739,353,1178,2306,44,2511
316,1278,2925,1611,991,237,2941,171,848,442,1199,695,145,129,8,747,138,1130,917,492
696,350,1039,375,1358,844,155,280,964,66,826,664,652,626,2348,754,30,823,610,338
247,838,879,159,914,765,1607,22,1014,2116,1110,546,877,1018,537,2045,734,332,1216,318
721,1848,8,2791,1938,298,1320,1104,1445,552,1391,743,1848,5561,1532,323,280,1638,2098,387
1195,880,836,561,10,488,908,298,74,1984,630,1491,1049,1146,1313,816,522,2153,1162,3013
518,264,882,2567,1344,1322,936,1433,4333,1168,938,541,404,442,1102,2046,305,1132,1462,783
1307,413,802,354,944,34,531,2027,269,349,72,463,1093,48,1034,368,74,792,394,1117
1397,921,71,180,2976,1325,1292,1757,857,418,404,2173,537,50,1166,34,1339,599,852,1223
558,2186,128,465,2903,284,2044,252,1438,656,1623,2101,1116,1294,650,2146,536,31,1309,710
2497,1617,1197,541,1687,1544,1005,914,1499,477,377,1597,2714,740,362,664,1080,778,40,1297
1195,2241,442,935,394,200,2059,255,824,2590,1317,1725,1209,2081,415,7,220,365,978,3141
3574,223,1053,1521,2135,792,1126,454,1399,809,2033,1501,2842,1751,123,998,287,311,1488,440
985,351,3628,453,282,1279,399,447,1048,734,611,814,1776,1527,691,378,1145,760,13,845
1553,520,422,111,798,327,272,712,756,520,838,485,574,896,903,2796,253,123,554,1234
58,1155,1889,1105,487,1060,230,757,1471,829,71,800,1614,1152,1540,1658,235,947,950,1814
61,346,1273,508,4,535,714,1068,957,1233,8,1616,1,1562,1090,400,288,1131,108,1887
2525,1406,1442,370,236,1790,52,601,671,1241,1797,1661,1130,806,1818,807,429,1002,427,1409
182,1652,3794,23,2372,935,831,1045,906,325,2072,676,1908,1172,432,1111,86,38,857,2339
274,319,1244,275,140,392,713,1378,288,935,1092,31,732,1321,293,1165,562,282,1146,1636
