-1.6188616868020103,-0.002681674427581892,0.8670283888556706,0.8526660661545803
254,56,39,574,478,4,400,1798,431,2641,470,4498,25,2519,380,2141,1836,87,11,1603
371,1,410,64,808,337,1483,1246,254,191,303,121,0,112,224,134,33,344,1012,651
1294,365,15,530,22,0,1587,0,171,12,4110,388,39,141,2802,1558,137,318,964,557
24,164,1175,2603,230,5,732,259,44,153,224,1933,387,633,899,475,1422,168,477,113
127,1095,1420,57,6694,2268,123,3599,197,607,885,25,891,195,28,425,131,81,50,2535
0,31,22,401,809,45,243,523,2021,68,1016,679,35,306,2,155,62,75,7,361
26,1268,56,32,499,14631,7,3802,821,664,1108,203,2375,1250,3483,73,318,832,0,597
4974,1138,1663,869,45,713,6857,664,9,944,5741,401,155,175,382,7832,299,1020,337,46
3913,2980,63,2104,2074,16,712,5971,8,120,3955,297,137,801,987,82,94,4653,2524,32
710,539,1169,611,1637,7457,2241,457,618,4,515,36,43,5,0,778,111,3,16,351
1381,921,7,2925,139,646,3090,490,14,25,21,130,1255,3965,2122,22,0,1040,2090,62
621,6,229,0,982,203,208,71,1,765,354,209,2739,251,480,794,1927,100,326,1034
57,5231,473,310,1737,7892,354,99,527,3286,4,1283,61,104,91,544,369,89,243,1
159,682,428,2571,0,1647,458,904,0,1710,1653,153,122,93,3269,3,9854,2860,238,1776
57,359,415,54,3126,118,3006,52,1436,873,559,873,5371,1173,60,21,722,445,35,4350
27,1267,928,14,45,1240,286,0,509,240,303,530,184,131,223,787,20,18,401,158
205,82,343,476,140,877,29,3019,151,76,36,4117,874,301,5323,22,657,126,28,1118
1353,44,560,532,4230,228,0,1092,10395,5,210,575,4718,1,21,624,4431,114,3920,1847
1059,1445,25,387,194,94,120,717,169,18,1230,2819,115,147,2792,1370,479,522,696,383
15,537,544,232,4,3079,623,764,1685,5,71,40,301,1504,76,3314,357,1,244,229
