-0.7094363198433963,-0.005063521583422404,0.9837523216230507,0.8504978205321578
569,596,687,423,814,860,826,268,427,767,1288,905,1403,1029,442,37281,891,455,339,509
989,398,497,565,337,340,593,375,539,444,440,376,430,363,414,344,440,704,260,1067
1084,312,674,663,660,641,919,786,1503,161,856,1157,549,146,469,288,427,783,298,297
61,303,242,711,367,559,901,288,440,494,465,684,126,501,591,996,898,290,400,1123
843,285,607,1054,1721,386,763,236,1258,481,745,629,938,119,642,698,2038,595,1102,569
132,498,607,808,780,490,795,1270,505,722,1017,312,833,554,386,588,727,372,625,626
1063,324,343,483,15528,413,393,377,885,561,570,720,243,80,1627,1069,710,1408,763,1225
556,483,682,1045,511,446,970,390,762,227,595,327,967,848,745,427,326,954,504,375
821,506,640,463,593,815,363,488,971,799,679,875,472,391,797,723,348,1012,876,1024
486,8101,466,461,1085,291,1053,562,577,1095,1274,676,395,241,427,1178,731,450,595,655
664,277,803,307,560,743,274,342,151,7192,416,206,488,993,1328,401,497,260,295,833
571,470,322,756,425,432,461,335,377,1038,358,602,8677,345,666,457,556,1178,664,15812
576,1546,1248,492,473,537,305,984,354,716,437,670,586,508,545,389,1214,634,524,240
1163,687,332,608,670,259,875,526,815,609,611,280,974,785,875,2281,988,994,620,228
531,1128,447,813,389,762,597,1006,1733,550,1148,577,468,303,990,699,363,718,838,507
451,1132,162,825,104,224,682,319,933,30,814,975,292,3,1462,552,1572,528,444,149
500,767,285,207,493,706,671,383,754,495,938,927,181,545,537,468,553,642,321,0
571,931,782,521,406,503,1018,509,518,359,416,568,1035,686,441,507,1832,1,584,86
22360,832,318,553,544,725,597,216,686,782,329,280,338,1042,805,645,669,831,487,1107
149,662,712,523,556,619,347,399,725,88,1027,1246,446,22064,707,375,498,740,1159,436
