-0.8402174412503863,0.05005976351922082,0.7951276733180036,0.9451727021090007
288,351,812,570,1815,142,736,1156,1962,1118,631,221,604,595,289,800,43,73,26,365
689,806,1220,648,319,369,239,494,904,445,576,359,811,540,271,1388,1199,434,423,1036
665,1013,666,544,495,734,893,340,608,1156,198,426,372,1704,778,513,685,1313,358,593
760,0,101,0,82,1908,2136,924,1178,2847,98,901,570,802,1663,1104,983,442,11,194
273,491,40,880,180,480,770,231,1196,1358,940,449,1217,1156,1034,588,998,2096,566,6
741,580,35,300,1547,3417,100,818,672,2836,682,1528,1382,0,3393,801,566,792,369,274
89,606,1266,332,1020,530,820,1740,2995,1432,3362,691,203,1323,450,494,180,798,308,733
162,468,954,35,459,1320,2010,2400,884,388,1033,780,1209,2695,501,890,2555,445,946,1398
586,512,2123,654,432,1201,1860,566,2560,1472,709,3730,2695,2047,1781,763,1563,673,1029,497
3418,1599,1218,1011,2238,753,2268,945,586,769,2094,1815,1499,813,779,1676,3179,1020,1793,888
366,946,1016,474,240,3409,2271,1253,550,4954,3131,3816,2917,952,1763,716,854,1563,684,244
558,653,649,967,3018,3,60,1761,1094,2720,1345,891,906,1620,7040,773,2465,376,479,278
468,925,713,1544,1677,313,1452,1047,4333,2225,3475,1072,482,1285,876,478,511,742,724,1002
245,399,1039,307,697,636,778,644,851,967,1655,1052,1376,1558,558,1074,658,855,348,1
468,1086,347,624,992,2007,1789,1415,253,4517,3586,602,537,933,1555,423,873,598,944,558
278,640,744,819,275,651,1199,1260,1780,1627,2068,1024,717,253,1526,505,1365,159,1931,943
164,696,94,739,362,231,872,1428,1019,251,183,626,288,518,527,356,1017,1128,821,1425
55,638,432,532,1095,1432,677,323,2271,1308,1924,1314,258,1592,111,93,867,330,424,63
286,201,625,364,628,642,259,863,122,381,160,1348,1414,572,1109,888,185,400,379,274
118,956,57,300,269,221,339,981,1364,675,1049,167,225,232,116,1246,634,396,364,115
