-1.0995731761270986,0.0536105287501145,0.8977378848723374,0.9023737744035322
1947,116,76,1698,312,3088,258,32,438,1549,164,678,470,278,527,385,4412,276,1669,1516
856,42,514,367,100,431,1254,11,586,1326,2,462,1111,1178,271,302,202,1026,1005,748
231,1729,546,439,710,1048,178,1004,39,1003,229,280,54,422,2088,54,468,1504,1386,496
247,559,697,1426,1217,129,391,213,133,612,210,702,29,293,979,2045,996,643,449,293
543,665,1218,886,586,978,878,489,991,301,60,2242,132,426,494,997,383,138,485,505
1066,759,1214,1631,285,134,58,575,603,134,670,810,483,384,549,246,1818,21,1809,259
2943,1970,527,543,871,243,144,11,370,603,196,364,920,556,604,537,963,209,423,347
1024,1043,446,30,577,1275,343,312,232,698,199,1526,636,75,771,0,1653,503,352,577
206,167,841,957,251,255,120,680,119,554,1203,1160,1285,2141,3394,8526,516,641,1334,420
392,720,1197,382,61,756,2073,213,1147,113,114,878,3030,188,1478,8667,287,115,82,820
191,442,323,419,653,1274,57,301,930,769,1253,48,157,2717,5574,4693,10611,2350,459,804
259,1861,475,324,2285,993,546,122,2534,198,593,607,1880,1482,2699,2243,7641,4443,60,875
1595,1646,324,1991,255,439,29,578,853,577,1508,449,175,1441,984,5397,5052,553,2986,6020
390,237,1063,428,40,257,373,2169,214,129,983,447,207,251,278,417,2905,1127,4031,6060
767,1425,545,3565,93,485,29,940,464,260,145,119,595,454,271,22,2492,1255,133,677
638,1441,1023,1665,33,54,444,1411,325,162,177,585,757,405,624,988,609,423,600,1065
5,864,256,53,1097,669,3780,2652,220,414,98,1519,3611,1022,912,2808,1629,346,580,1666
415,157,528,25,421,3191,412,52,840,62,252,857,141,404,317,877,2748,992,234,356
289,1614,23,1699,129,403,549,77,305,883,247,3412,228,666,1054,690,819,919,6352,149
5054,32,721,165,341,532,51,797,501,363,1733,257,1598,871,628,446,180,2131,4972,784
