-0.7701783918205445,0.009079175743699888,1.0590638045062164,0.9277443048132964
23657,2276,1107,1199,531,882,2455,1044,964,1312,777,1327,3602,1382,248,1748,1456,2145,2509,8274
1100,271,152,1230,779,833,0,798,2155,237,1658,439,673,1614,999,624,898,1123,1280,1485
245,1269,1902,1608,736,503,390,111,2235,245,191,893,1769,0,1223,572,1236,1260,1839,764
737,767,1748,896,412,39,202,382,370,603,327,686,800,936,1394,1406,266,764,161,4565
390,1647,729,1417,337,1141,156,658,228,583,329,597,791,1542,1192,604,167,454,898,512
994,1473,273,710,767,66,415,1612,523,336,1017,773,963,96,48,637,1218,408,908,848
924,29,992,69,327,1330,449,743,1287,1084,420,691,1210,170,622,576,516,237,1965,1434
736,1903,745,1580,407,1874,580,1200,506,1057,1051,55,1353,637,581,948,1095,1518,506,0
1409,250,965,529,1223,199,772,835,688,348,945,1645,722,379,526,316,373,1562,240,562
560,98,0,283,1079,514,128,581,7,293,0,349,429,845,1124,1335,481,447,1451,839
1269,1223,1359,645,371,1154,12,373,60,269,499,719,1255,1008,0,133,0,903,1641,638
1896,835,314,551,127,1375,496,0,113,307,1164,608,150,660,967,829,256,216,389,1267
892,869,1516,80,0,695,318,167,192,0,680,1238,324,550,1519,1434,297,826,663,407
1203,1327,616,1352,470,348,605,188,616,1251,368,362,941,0,493,804,2527,784,493,925
1046,555,252,638,475,216,1821,2354,379,467,1688,623,897,598,0,609,759,309,617,903
1271,465,929,1478,625,2569,339,463,1188,526,496,722,972,699,954,946,1448,487,834,1708
1820,803,1169,400,58,769,743,878,566,668,688,519,330,559,1142,890,164,1437,1224,1569
741,543,174,1162,1478,723,330,680,614,344,915,593,830,2492,798,410,666,767,1690,5394
2118,820,888,271,890,741,976,409,2553,2011,224,653,386,1780,1873,1215,1387,942,2974,1032
3102,2079,1717,1309,87,2088,1184,439,1342,1485,741,1845,602,762,964,1000,6037,4250,1594,3301
