-0.9667443629371922,-0.0055466143402005145,0.9552153355067672,0.8465488732468611
743,913,84,397,221,1503,1166,434,351,1237,673,1586,268,2035,682,30028,523,291,1241,237
404,580,566,614,218,31,453,276,524,55,225,657,671,289,282,253,246,999,0,1806
967,636,286,191,2190,122,954,1633,0,540,1023,980,473,167,598,330,832,719,457,709
1755,1087,445,630,676,1268,507,391,361,642,109,1866,60,58,401,261,1144,144,706,1386
2622,839,156,610,1298,136,2439,789,200,2484,831,629,702,128,1157,492,2451,929,1548,443
211,155,910,1294,326,42,489,0,1647,954,755,238,1713,412,263,369,736,580,256,76
558,455,841,1528,15350,334,1789,88,283,814,377,299,400,256,644,163,497,3494,881,1461
493,249,800,521,546,584,866,486,413,217,1330,512,0,448,946,0,773,312,1101,443
983,889,824,178,624,666,721,505,1041,509,1487,932,227,104,672,775,870,140,596,663
574,2141,200,535,1279,576,502,213,875,364,2015,658,439,742,337,1519,285,1420,890,1012
985,23568,34,60,372,584,86,524,348,2478,410,700,102,1297,376,64,662,405,143,86
16,168,298,370,152,0,442,822,97,328,725,256,1907,187,14932,882,620,3258,1090,11973
866,461,3570,377,248,880,175,781,273,1352,229,675,1204,350,193,120,808,278,1522,774
391,545,658,282,563,113,451,82,867,192,209,833,1133,788,784,1337,2579,1444,337,34
855,92,272,328,707,415,292,824,875,13,340,308,335,1035,833,897,41,14,894,468
458,228,1290,1199,0,417,1604,375,1200,734,1822,747,258,23,480,36,590,602,471,754
0,549,215,241,1073,618,1192,698,736,331,1295,928,685,308,651,2315,206,1009,307,517
1020,973,827,1057,386,1566,1222,558,112,944,0,803,710,5,259,495,750,793,446,135
32,337,661,234,722,727,9,214,1133,549,259,392,158,746,577,272,1489,310,360,1416
1322,557,649,1116,7,2051,386,806,432,282,956,2250,424,21707,799,2029,46,560,288,443
