-1.8020405679017868,0.002654390741417094,1.0437500856391826,0.855018515561185
26197,589,823,1573,619,102,6,422,671,36,1999,27,75,201,1049,462,1454,3133,18,6464
303,1537,1856,39,675,195,1159,156,1108,1668,1671,385,574,4,535,2838,142,3,333,2313
11384,3243,4,770,294,2573,828,2504,1176,110,1,21,17,1811,95,1566,2231,482,73,415
178,1,331,15,749,279,61,995,18,374,421,407,72,171,3,6102,208,2117,727,7428
27,1357,1103,4,22,270,65,985,10,14,4,95,59,240,1466,2556,229,1079,3850,1306
1119,9,93,0,1178,3,1188,1407,3916,361,1264,600,4186,310,2596,229,124,237,1696,858
201,1426,281,752,400,9,1,14,480,1864,1209,428,918,106,4311,393,29,689,25,661
21,405,14,232,681,39,2,2117,11,846,874,1007,1,704,1,13,47,1001,193,188
3410,1308,437,327,610,2188,3152,1355,305,54,2670,1435,618,707,4,76,302,5296,678,544
5,1584,7,1395,16,1,3,353,3,2365,1288,2680,434,146,746,63,52,2633,1768,58
1068,511,710,744,32,216,98,195,576,15,16,22,1411,589,628,1,1848,985,1195,254
298,544,1744,51,845,274,487,233,934,1155,259,1331,260,1168,765,1,417,252,145,311
1006,389,625,15,284,974,3,1641,334,431,1,27,56,743,505,186,438,188,1925,194
2188,1417,96,1,1022,581,145,821,5,3150,37,1965,74,597,369,126,36,56,46,1647
314,1,2797,977,484,1250,2,1397,171,150,1330,88,306,680,672,25,2542,1392,1062,1549
1804,5918,1001,4083,1,156,631,15,456,1438,224,588,134,610,13,2480,11,930,1969,485
4,1226,1,980,228,5,773,1,6110,192,14,12,739,794,133,3311,891,787,2141,40
1879,1586,18,648,5,82,1,4,113,1,230,2201,28,908,4135,17,30,3288,1,978
3589,806,139,9,5,1420,2868,204,0,517,1035,1239,1093,25,385,216,12,1133,2094,2977
206,220,111,3869,251,1607,1393,6723,1,580,885,7789,3,3176,290,4982,100,1,144,4902
