-0.8833828907065092,0.050928262308126485,0.767952997082656,0.8992067486869344
650,575,596,778,896,387,618,278,862,441,780,929,1846,213,389,428,872,486,880,1398
1195,1966,140,315,947,212,188,2071,688,455,1263,777,506,830,409,131,402,347,598,162
342,402,716,1064,3106,151,625,813,497,962,714,1159,1487,395,225,282,95,270,796,428
446,239,562,324,340,492,827,997,1117,838,624,471,328,718,814,1733,63,462,514,157
556,94,456,449,482,839,379,627,137,355,254,1241,284,467,787,318,1441,905,2715,978
397,75,407,2708,928,0,724,74,272,142,463,732,261,580,717,875,695,666,594,972
876,661,358,1586,748,10,867,2076,1004,728,195,873,428,636,320,799,320,509,430,361
821,707,228,1734,232,888,82,1092,511,335,729,967,1053,732,1301,111,812,608,1291,374
686,122,876,2082,589,355,1080,1139,2853,320,6766,1010,1084,2008,2158,259,222,149,267,528
741,1121,246,340,435,792,235,4235,3555,8348,7041,1037,694,241,748,746,2851,666,527,1593
714,317,1609,670,782,443,650,4481,1197,522,3714,2169,6462,282,574,370,1385,1787,592,1251
811,754,297,343,570,72,733,536,2261,15993,956,9250,729,1862,3392,140,851,185,1533,818
782,452,195,893,424,2582,987,323,11271,13546,618,8174,3099,681,1102,399,619,175,673,0
437,338,318,1224,81,390,7364,4535,857,1201,388,22,1268,141,1103,298,621,627,273,58
472,273,334,811,772,417,453,871,316,577,397,544,619,185,140,253,2294,367,208,484
652,1056,328,458,56,651,876,1414,1185,499,490,259,876,561,174,169,1132,182,397,442
885,734,2193,173,418,328,337,1785,538,63,807,227,710,668,632,928,147,921,270,178
1476,159,923,678,158,285,1481,383,70,947,880,1153,533,646,387,1956,511,1032,421,220
739,426,772,817,206,694,828,223,343,291,1504,284,673,395,522,501,675,221,1085,755
478,810,474,1006,936,376,1032,601,1217,910,80,1662,547,377,262,637,1160,1136,440,1365
