-1.2273737502042514,-0.004162365555646629,0.885938799510843,0.8501338793044501
2328,35,198,867,4005,1347,33,582,116,1180,391,42,1983,29,2730,196,954,0,828,217
596,441,1505,945,1245,1764,3298,454,159,903,1054,3834,82,20,595,324,1361,1327,380,1703
189,768,33,1051,2246,54,724,730,941,211,2667,940,304,62,20,922,2160,174,257,9
643,946,446,40,2016,63,1133,51,278,1509,217,97,824,108,655,384,640,215,83,2138
607,591,306,29,0,422,1471,477,1284,1386,100,819,155,834,1069,0,4120,98,2515,297
100,0,1512,1458,2511,112,1801,168,312,2474,801,172,1829,565,0,830,380,79,245,45
3402,3437,32,1075,680,497,538,1646,476,188,181,592,109,58,253,52,2172,1043,768,155
465,1010,2,216,2643,629,13,3086,163,351,205,2708,683,1920,455,17,233,803,184,2902
4173,1481,0,362,1608,33,984,1554,866,611,810,27,1387,50,798,803,931,2433,65,1828
847,96,1143,99,230,2999,67,828,339,0,1035,701,0,0,744,13,458,415,39,37
1466,875,0,532,1065,58,1001,568,1009,904,1849,2256,1056,767,540,574,439,565,1209,157
294,0,1557,57,1490,284,47,1280,202,96,1740,94,177,1228,300,369,5462,315,717,220
682,284,1667,1303,809,349,132,642,231,521,888,1966,1335,1309,385,90,735,522,3044,126
516,164,657,1279,198,876,408,4168,232,559,59,80,111,456,2127,222,780,2590,867,10151
1375,197,148,37,14,644,198,52,1401,49014,54,19,888,1318,968,476,2428,320,355,299
594,1003,23,157,1079,86,528,1922,1097,823,714,855,858,955,757,0,398,478,505,1142
230,570,430,339,918,105,66,272,4251,2070,261,389,1477,770,484,7453,281,1467,1391,1216
6410,13,156,1201,0,1851,2760,92,20,1000,1529,625,649,954,3547,248,732,33,103,22
462,3246,2433,519,138,131,125,102,148,366,1125,37,311,48,1316,0,305,29,0,267
1599,291,190,619,1060,1589,373,3691,2450,949,469,495,64,288,64,70,36,82,717,85
