-1.0145124302310602,0.046970518172931665,0.8672755774446844,0.9069534300063529
61,132,558,291,764,2102,1530,150,223,2770,1523,2470,772,130,701,1564,95,1369,349,609
324,181,358,483,213,104,1055,452,655,624,473,217,689,205,373,471,719,2173,4447,603
170,1100,745,369,464,783,832,152,53,309,627,471,438,751,177,491,485,709,2438,1149
1714,2485,587,0,1256,1631,0,407,2733,1164,455,356,1308,1151,0,445,127,748,598,746
842,419,136,273,242,1035,124,2512,380,1086,332,241,72,715,1533,307,1196,736,91,847
1554,453,466,498,916,29,276,310,345,523,723,1962,1074,673,598,10,256,488,1636,708
105,1252,195,29,540,62,183,800,188,4502,636,125,2850,1099,660,630,25,959,256,51
263,116,662,1779,88,1133,786,706,693,1079,411,3,483,1984,2764,734,1529,485,513,836
637,351,85,229,1161,125,589,987,144,2133,914,0,339,1323,588,3545,559,339,1423,942
860,3194,174,48,337,1381,513,712,432,386,77,701,743,750,4087,7056,1239,250,5614,70
383,758,1505,285,601,104,383,437,723,572,709,469,1636,79,3212,3119,4209,11631,2784,1982
720,209,113,1296,1435,484,1174,1141,945,571,287,614,1211,803,342,1721,10580,513,7053,2846
1693,78,1831,455,337,62,1098,361,454,771,804,641,496,628,621,3980,7340,572,131,4010
640,48,514,756,372,207,83,1514,215,571,890,704,629,507,905,677,2601,357,1181,628
404,86,412,170,2938,638,973,1968,468,1022,366,564,353,390,385,1113,509,1422,3942,20
164,1382,152,39,1000,826,453,1005,5042,121,921,1384,816,1020,1491,293,921,2394,34,3213
184,8,287,1094,259,345,384,1629,653,944,1691,1187,309,182,151,3174,9837,316,1594,700
463,29,1235,607,1158,3781,131,445,1946,282,310,808,554,1656,425,1016,335,154,1189,813
541,630,732,1016,205,237,369,632,333,397,761,162,1291,1601,169,1347,783,155,689,279
87,338,192,926,529,243,833,334,339,2183,428,1098,960,81,740,1363,803,2688,426,738
