-1.3893842878581137,0.008443206026547995,0.8070209697581839,0.8541915380688844
161,150,12,155,1610,0,403,108,201,363,776,188,1632,471,279,42,452,40,24,0
612,305,472,36,191,1087,150,1095,266,66,3167,106,109,690,3361,10,446,1469,1485,3766
22,206,168,66,134,508,369,5271,239,6964,109,192,1736,1496,12,259,12,405,177,0
471,678,72,651,92,565,1,1078,685,1549,2891,1,714,7,151,897,885,852,905,1139
148,47,1177,781,220,1102,62,1313,455,411,72,2669,1145,3426,233,468,265,996,725,202
205,3628,383,691,1081,1752,127,0,36,42,93,32,33,806,1,170,281,865,477,827
419,128,792,190,742,644,302,1282,6124,46,794,0,4053,1217,1903,1421,984,363,728,0
454,44,1387,517,203,8114,138,6061,1447,14360,3757,33,236,244,36,5761,432,2588,814,139
669,443,217,1596,654,423,188,103,12584,1266,579,151,455,232,2893,1977,1048,1085,61,182
481,143,404,0,100,113,1594,339,411,1368,8956,886,45,345,1689,678,262,4441,60,3429
340,1141,476,145,280,2096,80,143,84,489,555,3,1055,252,62,1923,832,1258,4769,444
1858,118,264,2759,305,55,82,318,10650,762,421,1815,15428,3149,133,108,5468,1951,314,104
272,1698,1007,303,5,272,83,272,550,615,3879,59,475,201,210,181,103,245,117,1991
1180,175,1672,249,113,58,197,290,2273,138,875,1156,682,55,2112,77,4086,110,113,116
135,1675,3174,118,2718,678,356,708,1617,285,46,148,113,145,408,449,153,194,1945,623
47,649,1517,0,1,233,847,1083,135,272,531,1828,299,940,212,432,1496,334,944,351
1714,1187,0,21,808,184,1464,8,23,1568,712,5340,770,21,640,368,1023,52,548,986
67,460,223,65,2148,63,202,451,326,167,848,37,456,4377,722,86,87,248,178,3707
419,568,1798,32,0,61,1198,225,1164,80,521,136,1547,145,3927,7,363,152,387,148
654,690,1380,1426,325,343,417,549,1350,125,1852,359,414,414,278,17,91,2638,189,6
