-1.4720396872765484,0.05086168570550437,0.8042496102799653,0.9040704026628085
1891,719,2330,128,127,1370,1351,9,1,470,4,708,1094,8,163,1116,563,30,4,3
415,170,546,1050,182,278,363,239,84,581,62,3,9,585,547,32,687,396,257,837
71,488,2,54,1203,697,675,93,4,1935,1374,1227,3,2266,50,2,546,285,223,3797
1533,6,406,108,101,442,631,176,1754,2701,725,154,326,1421,255,1,1921,223,1778,34
2867,163,1405,615,21,1240,1672,120,16,335,7,476,3133,140,39,437,13,432,879,8
452,2912,242,323,16,503,3,1281,358,525,281,1396,34,93,1409,2335,499,180,1405,403
142,369,130,26,1,1332,1114,1612,1132,857,17,1568,1043,1275,1486,1687,1057,91,6,581
207,8,621,126,171,1048,406,1713,6498,2313,0,1500,2,2833,160,1583,2900,124,1438,116
464,166,1250,1405,1582,617,1090,3171,616,2922,1495,2008,1275,174,4095,669,2061,1194,304,112
85,12,246,1872,296,836,1923,0,1562,3679,2596,1781,724,1592,4597,1005,2075,7,838,552
236,14,1627,320,2170,1,0,3139,3917,44,3274,4030,4279,39,1428,2407,19,1762,41,1055
2378,68,1214,4038,1186,1030,724,240,1442,5194,4389,5903,1853,976,196,1636,671,37,103,1388
1,2,27,1969,3613,224,1057,3189,5686,1975,4430,4021,5998,553,236,1013,638,1220,721,392
674,2661,165,359,1997,606,225,2400,794,197,350,943,1121,404,630,1229,743,70,12,1464
653,1162,578,288,183,590,2392,1071,1516,166,1669,202,1763,8,65,1098,746,10,701,664
772,2003,114,380,121,451,1640,2435,2064,844,441,1005,667,10,7,1686,244,221,521,311
1015,889,1415,531,21,1712,2353,99,486,233,106,1474,772,1857,86,203,639,618,15,1901
530,663,15,1569,75,32,730,188,4,2157,30,1740,1830,10,1324,1985,142,482,242,357
1628,55,166,2424,846,24,2,538,32,294,970,635,4249,4102,3219,828,175,1157,207,221
22,1371,1333,350,1950,2245,160,28,564,687,110,606,89,2722,893,905,941,1234,816,255
