-0.8791660907396761,0.06645729157333831,0.8001104065587092,0.9511869847611114
205,337,86,323,603,1059,223,1844,204,387,412,260,1066,229,331,275,505,149,65,319
272,638,468,581,879,466,362,1661,70,1613,472,1263,1481,674,30,9,1159,980,134,172
637,1420,392,444,816,1232,975,1873,1477,529,772,250,492,417,356,290,890,264,129,629
1162,1217,481,1375,766,679,857,1097,802,738,232,1843,633,386,985,407,466,524,57,747
37,1194,698,1760,225,383,1889,1315,2429,231,1243,1054,1377,1131,1115,1195,549,319,277,782
724,1570,322,1263,199,3123,1667,1568,2785,1721,752,2213,1940,885,2464,1686,186,702,1729,44
766,743,881,648,2,1188,1361,794,3464,1012,188,1490,1618,1524,135,937,756,47,650,750
242,489,937,414,647,95,3420,411,986,1631,2084,1633,1473,2202,837,1084,865,2011,661,985
211,6,1729,3171,939,1068,1327,1721,284,1805,2627,1675,770,430,930,1404,514,251,314,296
40,173,1580,335,1324,1923,2017,1396,1590,2811,4415,1805,646,826,3116,850,1186,1847,892,17
1937,527,1171,25,411,1354,2448,1031,930,3114,3096,2434,1971,2760,1799,442,1688,1379,1331,220
1411,92,705,1305,1737,1254,1801,1039,1902,3375,2583,2980,1568,1135,610,1997,4174,1554,842,439
944,345,666,303,270,1223,1163,1335,1282,1139,1782,1078,2302,672,2701,802,86,594,921,1339
322,494,1343,356,211,387,1378,163,1932,1368,1058,193,1354,1146,1222,822,964,1075,96,829
897,835,249,1400,444,1035,48,1856,452,831,697,2572,976,1007,2780,721,941,1194,1294,957
84,53,686,509,634,1579,806,1111,852,562,1683,2641,971,203,1375,1640,1209,1906,1,534
480,758,1120,548,378,892,934,179,2970,209,1142,320,496,646,944,1835,5,1520,1,298
319,328,709,918,603,386,663,1559,1096,603,507,714,663,1490,1276,673,541,1622,569,82
486,788,365,193,372,1024,150,404,1462,1082,582,510,1606,808,1019,1087,36,202,190,1408
301,925,152,597,669,101,85,503,188,145,851,9,647,430,1837,804,16,977,299,854
