-1.4361272340861928,0.03392499593611852,0.7984696475478895,0.9065942423305665
853,285,2238,275,45,254,1397,8,1,707,1,261,894,204,25,778,468,163,408,3
1110,120,350,0,467,49,39,3547,23,720,10,697,1178,934,702,305,776,560,328,107
155,56,1255,69,1891,874,1986,1,74,1316,407,972,37,1288,651,90,314,1083,42,744
327,671,98,194,664,601,1593,120,1198,1683,3513,548,89,1475,0,5,1376,620,1742,1946
8,12,2015,2063,1179,803,10,863,684,854,215,725,5188,752,350,25,39,1246,527,12
0,2544,963,168,84,320,1,2160,1293,1025,216,3433,97,2039,2222,2503,511,1278,1451,2760
2,710,963,174,1,866,1864,1118,1071,149,342,2718,869,3852,3427,1905,876,351,1071,18
14,234,700,972,206,330,543,230,525,655,2562,2160,19,471,1627,274,2393,9,886,45
113,43,255,284,408,5257,390,3237,2185,1485,3154,8,1111,2,3547,871,612,2811,158,1189
631,1,382,2833,0,870,1321,2074,151,922,927,295,1643,46,1674,1073,2444,1372,64,158
2101,971,818,306,839,44,108,1376,3505,450,3554,4533,1814,122,1828,976,585,1474,417,98
659,486,2453,2005,1151,2219,25,168,1991,3397,2294,5214,3189,576,34,2,123,2108,468,950
214,303,682,1029,2076,130,1962,2331,6040,3,6210,5673,2820,389,1970,28,2380,155,1584,2
326,2788,348,830,22,463,1237,1517,1580,489,2602,1439,48,470,1898,1495,0,3599,76,1754
47,29,486,431,46,309,3048,1333,2516,1295,1467,22,2759,475,1706,220,1561,827,490,1433
943,786,3,27,393,2340,433,2296,2016,528,1794,1172,389,0,69,236,4,2576,692,350
780,829,234,325,51,335,1860,555,615,477,191,2658,63,1955,1793,2472,1984,18,208,1688
10,2,15,1763,3931,1093,41,1970,90,201,83,1021,3234,332,2105,1593,60,1,710,277
1658,24,110,583,13,529,1,80,651,100,344,1431,1101,2751,1206,361,1134,477,631,140
539,0,513,1166,180,312,558,268,69,455,26,48,37,1739,590,432,416,54,462,87
