-1.071076018297074,-0.0036380657344622794,1.045895913828954,0.8462734983594518
42151,155,29,243,142,35,1115,0,328,461,1766,2504,190,976,597,36,1206,105,835,21591
217,287,68,1086,570,318,227,770,0,1093,1213,2062,625,221,139,604,699,1160,1711,882
630,128,382,954,323,149,678,171,865,239,79,567,1284,1173,1270,682,469,476,590,1975
164,7,579,205,875,1093,165,273,481,1019,11,3384,1347,611,1045,409,1293,240,841,3269
778,541,502,900,456,1787,101,238,1807,925,101,2232,2105,650,457,347,185,1055,428,286
580,1567,1086,969,696,1969,240,587,177,1017,1522,673,1081,307,151,524,171,384,263,2288
318,330,15,748,433,900,473,2172,1394,1454,130,1745,343,54,117,136,571,1622,1565,2252
529,154,980,2196,145,354,815,1557,1880,941,517,159,389,307,205,503,377,813,97,103
514,8,1653,224,0,364,761,389,556,1370,301,298,0,946,310,353,2478,919,271,84
617,817,268,2124,777,1194,54,483,490,1861,1,1528,4067,398,533,2282,547,0,561,94
0,1984,115,313,630,516,1651,58,222,118,142,574,1543,211,33,670,2294,1907,197,19
2314,85,557,599,985,422,542,712,8,211,396,829,0,1525,287,1936,399,664,1095,2026
794,56,809,689,667,2311,417,1665,165,484,77,256,321,903,238,733,299,236,188,2285
557,83,1267,426,3,1133,1493,159,269,4022,3385,221,391,1948,85,9,732,203,32,684
1201,385,2149,999,501,756,1377,1201,1034,469,979,390,586,239,479,64,1764,1744,339,985
352,741,178,1099,1023,6,391,1562,282,201,486,1953,776,267,611,1244,1278,557,800,1718
2221,1244,1928,67,98,1067,570,269,895,292,559,3202,449,858,347,1601,703,91,122,1676
1538,2157,827,0,942,985,296,22,226,53,987,146,51,1768,599,788,35,521,706,893
91,173,666,378,2824,96,444,1340,123,857,0,1101,694,374,537,436,663,25462,626,149
1310,75,290,430,1488,844,1012,946,252,395,33,0,0,740,1294,137,543,578,228,704
