-0.6952336168996023,0.05292519182458136,0.799920450880595,0.9543188966543193
438,367,408,436,587,591,1554,300,335,1463,1036,1466,1201,319,801,753,313,182,424,227
258,549,559,757,723,459,38,846,707,469,674,838,906,914,624,593,841,953,163,289
1259,507,606,595,611,363,994,476,960,349,418,551,527,693,619,467,483,711,132,605
615,285,8,693,975,391,480,883,2583,2008,917,263,1124,1314,738,415,123,555,550,784
846,56,735,1054,710,1222,17,1062,459,486,332,1739,990,581,325,723,1114,1425,123,373
963,291,625,589,1556,1143,965,484,633,1504,1705,1552,1330,1084,2159,713,1294,1007,627,781
361,822,1102,981,2282,351,1042,716,1750,400,452,1910,1220,445,554,1556,355,939,1631,420
258,305,1475,1057,1138,2302,1644,740,359,1457,2899,373,2657,865,423,558,2586,561,888,422
455,450,1398,1672,1838,2519,1125,3696,3291,1281,774,2158,3291,937,1322,635,1640,515,571,398
524,2369,1393,1095,979,1379,2259,351,307,3688,1483,2315,2393,675,857,701,729,631,1311,658
796,2873,1074,1160,840,1624,815,587,1760,5035,4091,2185,1425,1253,2325,1043,912,1042,865,1538
846,1523,923,990,902,195,1053,2328,1827,1241,1171,1567,1312,1892,4691,804,799,1677,479,877
890,1294,934,765,741,824,2099,2536,2271,10502,1219,1595,2090,383,85,419,937,800,599,715
363,977,388,505,2228,650,774,1125,1826,728,946,938,821,573,698,644,1026,590,629,612
497,2108,411,960,586,1149,808,717,666,2427,1466,284,930,190,1094,1971,589,131,449,807
474,861,377,985,432,406,735,1325,379,3716,1396,767,1302,816,1071,214,304,411,1195,614
424,690,900,406,627,582,1160,1306,245,1288,485,604,1123,653,1452,636,636,942,563,279
96,119,654,1070,510,1215,242,609,214,665,1146,908,318,539,1670,1115,789,455,660,595
340,565,528,115,466,1156,706,1358,1827,2032,462,347,302,397,237,742,412,118,380,225
282,384,250,964,558,155,1662,319,665,1066,1334,694,175,367,502,1183,580,604,372,282
