-1.678961546548168,0.010711889475288918,0.7965823726503058,0.850514730580932
58,3334,83,63,2428,64,808,789,694,15,766,95,4571,159,2372,135,2,710,33,421
100,673,101,2,41,85,824,595,770,394,5043,1038,968,1974,325,34,49,27,247,541
1,750,974,41,160,1,31,5439,15,95,79,649,1638,483,914,146,362,180,408,144
5,199,288,2396,531,1070,11,452,599,1,743,7,61,79,328,234,610,512,700,27
98,9,1661,120,11,5760,787,378,15,76,4,8891,971,5,3183,135,335,395,119,9
165,647,1467,1936,325,2307,2868,2073,120,2525,90,635,694,3117,229,192,72,54,121,308
223,191,177,266,19,0,171,3471,483,197,1660,548,2543,30,1634,3507,1226,290,1774,75
83,980,1435,123,3342,4542,47,2710,6210,1108,341,1457,16,895,930,210,312,4,962,82
1542,745,138,243,3020,128,1867,10,11341,874,1545,2,94,256,119,1545,403,0,35,46
325,8,435,36,34,904,2885,459,368,290,6593,9199,764,2713,3,1251,1585,5601,16,194
26,902,897,306,135,247,4333,2,110,451,7816,307,568,139,1434,50,733,495,1959,497
456,61,359,270,161,4,812,80,3657,1261,1558,937,20355,2397,28,3,998,207,207,1512
160,505,64,843,1434,3,1375,2413,55,275,2386,236,854,61,68,171,1660,554,816,493
450,362,702,2119,717,66,347,102,5440,35,135,2189,1385,3,2721,1641,613,2959,158,1
32,315,4,157,0,711,63,2221,545,69,188,3712,262,105,2675,260,123,27,3771,357
2255,11,1,515,1,8,0,1426,3135,968,37,1,149,491,6,36,4645,3553,64,393
366,199,72,1931,250,11,940,1,242,32,932,5766,547,538,2934,17,2176,156,38,500
1802,59,831,681,1113,253,408,1044,2058,286,1209,874,26,156,383,55,2,66,3199,20
199,244,759,8,163,1205,1132,237,1910,105,546,54,1159,1462,1247,108,384,0,1838,2843
1077,896,238,353,2191,9,991,760,63,1205,573,62,314,384,5,213,70,905,2868,785
