-1.4539875922015302,0.0190396248076844,1.0243052104956587,0.9046652006235526
5112,460,2240,572,26,25,257,258,908,80,1762,177,46,1683,505,0,622,24,3307,6524
2337,1429,428,1067,1332,700,1,540,696,861,120,1225,2884,134,72,2019,1429,1226,209,2582
1745,2075,2824,1130,135,549,78,31,1,2638,2235,1220,1036,1489,2645,76,2226,6002,223,3029
1312,284,4,949,304,3851,51,272,1321,1452,67,1772,1525,850,65,140,37,2426,2,2016
671,2910,851,535,134,4,117,779,1047,2413,704,625,8,0,332,1197,248,752,2952,738
591,1303,514,869,537,547,2527,980,1864,296,6298,1335,249,622,65,194,10,29,1412,322
1301,1400,1015,2430,307,364,511,142,292,2791,4767,448,250,24,12,4,33,2729,0,1425
1730,1400,339,765,297,7,89,278,726,376,3029,1439,2552,1367,1,617,2946,810,82,1315
194,0,483,71,146,137,2022,102,2,331,313,27,62,641,1354,1163,1261,688,0,667
890,2599,514,988,1276,6,71,1177,470,274,0,3,30,1229,3030,894,0,1415,227,1875
877,3560,238,27,800,56,2199,5,60,498,296,1472,53,641,724,536,263,574,2339,701
2,1414,582,1495,116,137,2890,211,142,105,2124,2,36,229,698,177,332,1860,288,165
1710,1127,976,40,2219,448,351,155,170,389,417,387,218,673,115,48,34,226,1798,11
1363,1780,4,1,1650,140,1462,2,1146,1676,3007,611,712,344,36,334,495,0,610,273
2460,1366,2,2,101,1178,835,308,316,173,883,2,416,372,37,177,164,1,456,929
828,7,24,3270,575,386,1015,57,74,1397,5,1,960,1173,539,2,116,1082,2397,1724
1487,334,883,39,837,1220,49,999,116,2359,595,589,2572,544,1856,1393,44,614,586,1695
2392,790,552,411,321,1190,131,214,789,22,43,584,1361,1874,18,790,964,763,864,339
5175,1569,2073,2656,15,1744,1357,498,352,5,1506,440,1352,192,632,1515,2471,1619,3825,1551
3593,517,6129,4693,3715,2296,127,679,803,53,436,2844,2,1626,3349,2086,3187,3910,915,638
