-1.0208267278720917,0.050464402708581976,0.8116656859127918,0.9042915946546491
646,645,1266,1656,978,176,77,483,33,129,342,212,739,672,683,243,2057,652,1202,170
284,1910,543,897,966,180,84,857,1157,568,559,368,438,310,278,70,939,327,1650,115
926,324,681,2167,2088,34,683,1351,8,1503,140,627,873,216,793,1918,439,174,1459,1890
746,329,683,363,3027,632,840,771,3030,1340,437,112,423,459,0,211,150,472,44,1654
380,1252,561,482,571,502,3,626,1506,653,437,324,87,467,806,997,855,1264,140,684
1029,528,392,2336,1106,496,1041,67,596,200,348,0,298,0,690,318,721,177,821,1150
566,1536,43,809,841,332,794,109,348,487,135,1385,239,420,16,536,127,0,358,31
325,278,1472,633,623,713,39,281,977,584,2845,378,259,507,351,220,663,7,726,380
477,429,486,1525,242,324,793,5283,5318,446,5317,265,282,0,1285,659,1723,415,413,366
569,565,477,459,257,161,390,4254,1739,6552,7061,0,176,1079,648,103,1695,80,356,631
525,469,295,1926,616,178,2789,3913,544,566,2917,4365,3518,964,495,152,1085,602,532,582
710,1009,640,599,1207,850,991,1350,1202,13041,1045,7971,749,1531,1120,1242,945,426,1035,1246
300,943,545,640,120,1694,645,728,8059,10588,1026,4182,3423,97,97,920,338,3,921,337
161,313,144,404,112,0,7111,3857,2651,1057,640,18,833,66,1366,373,65,1039,652,728
336,3358,376,1518,2453,171,964,2938,726,260,5,891,33,302,119,393,2004,3287,719,1089
1832,847,624,492,185,1139,0,2363,329,1414,1044,270,280,194,616,216,1090,1273,3214,243
766,1323,751,1203,278,1565,821,1057,682,649,988,100,1775,1640,958,753,2500,964,663,120
1065,1814,241,325,1094,356,2305,111,259,445,1333,0,752,118,872,1117,782,1521,275,599
1042,1585,1396,1435,215,739,257,0,52,355,461,1886,810,940,802,845,783,162,324,2078
293,689,134,498,1876,878,280,393,573,211,1484,394,199,1402,1050,1815,165,235,246,1101
