-0.9723837094656177,0.04971017290535674,0.8370002496798657,0.894376720444761
0,107,130,1234,594,1246,861,0,662,566,289,1219,508,2019,110,144,770,363,288,203
551,1426,2594,361,102,277,226,0,0,316,753,836,596,284,606,155,787,787,133,673
667,60,665,864,303,1743,83,296,747,1803,433,573,570,1254,2329,60,396,47,2129,605
583,1588,1437,201,1976,1243,316,983,358,118,429,1108,539,334,230,500,546,715,828,322
924,1033,270,330,1410,246,191,200,892,111,143,979,338,165,829,447,1148,1248,285,672
301,670,497,387,628,204,78,0,405,1387,835,188,851,428,575,628,1264,0,1236,416
141,632,829,402,262,1345,1696,404,387,1780,942,2252,621,522,1321,2344,1014,604,347,506
703,51,896,1748,1406,368,1543,281,384,640,1884,163,1475,1503,1081,48,581,1144,127,2638
19,423,237,834,1102,1258,680,557,1628,458,771,480,140,42,485,7756,612,643,63,774
19,1280,528,389,219,752,264,310,2184,620,424,948,839,713,1315,4575,1274,1536,5666,297
1048,314,623,736,570,1326,730,470,1286,396,516,613,818,480,10159,4723,4474,12999,1289,647
1434,406,174,1218,971,782,659,0,1294,961,92,362,293,476,164,2649,11549,886,448,167
360,533,505,210,86,0,650,1018,0,414,1998,624,2584,0,0,11123,10386,130,2370,4437
12,502,918,478,0,870,645,2095,998,409,544,1067,698,762,194,4307,2314,671,1229,85
1370,136,727,646,1877,516,155,177,343,3025,563,631,1857,415,600,2726,1038,1087,377,105
1071,454,1174,937,878,198,57,36,780,1153,665,127,864,157,283,731,8310,878,1065,734
1119,249,155,26,27,575,2310,581,1437,515,1224,554,1155,499,421,571,838,672,187,724
2010,929,65,255,26,562,231,210,884,975,1170,945,1290,2296,251,855,839,660,803,614
1170,1758,0,399,429,286,424,714,303,1636,1280,616,1809,1885,432,9884,285,773,853,301
283,138,739,765,941,173,254,308,1035,57,1770,480,539,2140,576,489,118,43,2015,249
