-0.990579390260445,0.044649230891837456,0.911436611056465,0.899876144356645
2126,711,5762,487,2253,591,557,631,457,327,334,610,1179,361,766,257,3121,2014,1570,757
0,271,418,271,746,1001,693,1609,2655,1522,162,922,986,747,233,1055,481,449,1501,611
474,1079,86,597,355,244,280,787,303,736,741,277,901,272,129,491,266,690,245,319
788,1189,369,1886,754,396,245,130,127,615,512,904,78,24,904,1482,453,576,252,507
338,1072,615,1752,859,1100,402,695,954,483,727,552,67,250,147,565,177,407,1420,1944
639,525,1098,918,222,100,645,1461,355,415,1227,398,322,60,295,275,1053,422,3204,787
3058,642,418,1098,1130,424,229,72,384,98,593,733,483,921,1430,2601,329,1411,757,328
211,291,96,420,33,957,113,0,97,739,0,1069,434,370,608,110,1615,389,857,400
119,315,767,15,585,720,85,665,602,778,470,868,632,633,200,8120,92,218,1075,290
478,1316,1075,329,938,798,1542,589,1392,903,942,324,4731,159,1248,9813,1200,1221,51,725
107,107,793,171,908,1266,99,188,689,81,1187,497,253,1077,13382,7043,9695,5054,771,255
605,608,349,1852,3137,2046,656,547,687,192,834,192,1065,22,1451,2407,8517,3868,450,182
180,970,174,752,224,185,1043,797,1621,479,607,764,593,1771,526,6144,1587,0,1876,3593
404,2190,59,1511,335,521,247,2030,1318,112,4,722,487,654,269,62,151,521,6890,5495
468,1032,311,2577,558,2727,760,602,430,574,282,418,333,178,439,301,2319,1798,812,604
1301,1005,417,815,210,246,478,303,334,267,1045,464,465,949,637,595,1447,1248,617,748
1,295,350,727,1219,454,305,1860,75,289,8,370,1327,530,1509,190,1381,155,735,573
757,491,442,235,480,214,745,329,295,779,570,1496,75,656,372,622,2693,323,83,345
1045,655,733,356,133,379,899,296,466,302,344,3053,361,1010,1252,0,942,2947,3157,186
8096,277,633,2675,1213,327,717,211,889,751,805,335,715,262,320,1004,1889,1150,3316,2345
