-1.3233665511097248,-0.0012585623728609775,0.9994993175637528,0.8494284976614819
37646,2848,0,4261,69,98,281,30,380,1103,996,158,59,781,579,161,1817,3051,52,1987
1059,713,1020,146,556,419,254,260,74,2164,116,1056,629,6,1230,1803,1427,398,101,522
2332,775,183,733,265,475,597,1044,0,0,62,2427,32,83,2116,288,2495,516,161,89
1851,1004,325,462,23,1139,387,66,118,2236,1,354,1127,322,3219,4692,24,32,66,651
552,3,0,740,2415,96,622,52,320,14,17,61,697,2343,403,75,336,1061,1326,637
3144,23,198,254,18,136,634,1397,317,720,126,491,121,343,21,963,1939,444,273,257
1500,664,695,891,897,101,122,98,2078,71,283,6058,1188,42,758,872,123,8534,38,1101
641,1375,176,73,4,239,0,415,553,309,853,1154,300,6,827,99,197,286,916,427
1767,3759,152,191,3804,482,760,295,764,1452,2607,1769,315,28,7,651,736,650,772,834
448,4158,645,268,489,2583,1027,3,240,536,856,865,1032,139,654,730,3029,15,2167,805
365,890,2240,1801,97,161,567,86,1499,434,203,49,17,0,1054,262,2084,2414,130,795
409,1534,303,12,861,472,21,280,2368,681,749,2217,41,490,369,800,445,1826,489,68
24,1249,0,481,52,431,852,477,3987,549,92,560,886,27,296,887,726,315,1575,270
282,156,2112,438,527,2,11666,743,291,5129,0,764,588,1281,13,218,301,319,144,311
184,759,0,1493,515,341,1575,1121,0,223,249,429,960,3658,11,830,500,500,380,25
235,6094,3310,1012,482,13,69,2873,523,875,401,1363,9,1243,144,4328,5820,440,7,142
775,396,308,1510,288,0,233,183,201,594,401,232,2811,298,334,789,1916,126,2770,588
488,75,903,1070,182,616,37,868,399,334,1194,1048,410,885,83,1217,1409,50,145,320
246,58,616,760,92,28,39,141,298,541,137,471,557,0,86,384,1200,2711,525,907
543,643,871,328,2331,1858,2921,132,444,2392,166,13783,374,1234,1431,1172,232,2276,69,4263
