-1.3135308905887189,-9.721108086889141E-4,0.9758337950833699,0.8482722511248857
464,554,238,323,139,16,772,203,1643,430,1381,2442,461,2058,896,1008,256,0,108,5514
751,158,253,288,505,24,82,307,396,6954,1234,335,5535,130,215,1847,675,163,1631,199
9342,1184,1551,506,532,513,537,432,0,894,429,108,2430,1965,1330,1876,1089,307,70,235
2120,3980,15,2267,80,1295,769,158,723,549,153,81,550,2051,4118,22,473,10,87,473
1855,1763,1489,18,2840,691,253,74,51,781,1444,281,1027,639,2464,37689,50,1237,0,4514
615,99,563,1369,25,42,0,1547,1179,197,85,509,1212,1700,111,380,38,530,37,1291
233,749,465,305,2141,344,13,10,2486,17,505,251,530,666,1132,21,146,162,735,0
819,2012,58,828,545,48,3110,53,252,2573,514,45,271,1337,72,218,1520,235,1875,1104
5,2795,769,653,569,300,360,416,565,196,193,1154,631,68,4181,3206,146,2800,71,1255
721,724,1136,544,124,1155,378,1612,799,166,1052,407,213,179,101,1490,479,551,36,42
100,224,463,480,110,1635,0,177,1767,368,340,279,132,102,1785,98,1596,108,0,1478
42,129,3291,624,585,248,2710,466,332,166,396,148,468,677,177,253,509,2666,442,493
142,146,302,2546,251,0,773,34,1,385,21,284,18,1001,618,371,821,178,130,962
74,212,3241,731,927,306,251,307,865,166,20,3848,1229,428,5081,179,21,238,689,1378
260,446,17,759,76,108,1464,984,36,747,438,592,1565,1152,1566,100,323,2436,9,397
2398,209,0,332,149,552,37,574,1007,184,869,1306,278,0,1222,197,35,1445,307,1767
578,20,278,371,346,434,351,373,1000,45,379,110,1503,361,868,2533,12,479,654,2002
1296,222,1686,345,788,551,52,31,262,69,5386,28,553,143,110,149,1911,378,56,2924
496,7412,5,276,252,486,364,75,9,1167,62,538,1852,101,1107,612,192,691,409,1528
2142,1938,301,157,1962,2750,1343,4819,424,0,98,13421,265,542,1112,4995,1341,164,0,6599
