-0.8271285930336515,0.0484689846300496,0.8986174734242972,0.9466337372669351
411,50,2040,312,1766,84,375,467,1842,1483,145,985,643,1221,982,1354,1011,1399,152,3860
99,948,165,767,187,1030,1042,1168,2390,577,0,873,552,220,798,872,1019,1782,438,1882
364,987,1362,1864,273,0,427,338,1115,940,1480,832,1940,772,652,235,480,901,1381,1064
681,674,1277,259,381,1244,425,474,618,859,307,1424,394,1530,1060,2319,226,5141,1552,1653
626,1033,910,1250,532,284,415,464,394,1627,2250,509,0,263,354,411,744,1018,1338,126
291,723,325,210,1030,416,1257,956,2056,734,683,1780,382,320,1397,3145,1240,2688,4728,1094
2045,164,397,1257,1585,140,1327,348,1141,399,535,623,497,618,1099,1054,1853,2163,2669,1120
990,199,517,184,621,409,695,417,1027,1040,1659,635,1765,190,974,818,3754,2393,3177,377
1865,380,736,274,992,277,434,177,350,719,362,633,521,3534,1185,546,3106,6077,1844,542
1330,251,1372,149,366,511,1037,1601,2105,1452,857,869,209,2792,946,2420,1637,2205,1373,635
890,2338,107,497,198,697,313,1713,674,254,686,470,177,1217,2460,1654,0,3746,1111,2004
904,1548,2680,73,449,264,170,1640,990,6,957,1596,601,230,1039,2040,38,1702,1639,2118
576,2226,459,323,590,300,638,1067,503,805,1114,911,602,322,2446,1015,397,521,2196,896
553,648,2948,1337,445,411,317,236,509,175,1320,309,563,1284,1005,927,1892,1988,123,2676
865,89,530,501,410,701,2904,980,6,933,1096,2220,347,649,1073,176,2368,919,1435,1874
1466,170,271,186,541,401,1002,889,846,675,583,710,1745,383,2493,1712,308,31,937,662
611,650,17,158,2293,1601,58,2238,1722,2345,1748,1102,1461,511,195,2908,1207,1647,518,432
1316,510,815,966,738,791,464,1683,1316,2779,98,694,438,1170,1389,895,672,965,64,476
95,308,1199,421,953,769,744,111,606,905,975,965,940,594,576,700,502,387,951,574
332,767,0,180,820,241,454,1031,38,549,398,285,1539,4,212,625,339,1200,77,108
