-0.8399700641863255,0.05338030807848442,0.853791927555233,0.9514089842701697
589,49,854,2467,1134,618,425,514,297,231,1439,1028,125,386,1180,330,2089,1339,464,2689
1132,622,1166,841,512,221,1016,1131,499,172,1237,831,743,573,761,522,295,782,1057,73
415,951,402,805,101,1358,939,1503,75,240,199,2364,628,1896,55,829,1074,1389,440,1602
425,1165,880,1317,839,886,103,948,2027,907,943,628,958,1004,5,1311,770,1587,149,612
453,137,524,445,119,1450,1526,1181,1151,1935,1118,249,900,1420,723,1055,830,1094,1593,1095
750,463,72,308,677,47,848,838,5,446,982,336,378,1801,634,1292,610,308,1128,1245
2,223,700,473,725,612,1757,555,1669,1014,1066,1906,1888,543,1337,123,1546,2521,660,704
1484,1042,1328,501,552,75,1208,647,1111,2923,510,1186,1765,4573,1417,542,1159,3713,1876,1177
123,503,113,1249,396,2675,925,168,1260,1894,1253,579,316,1620,2038,1549,1124,596,2128,3424
376,1392,464,547,448,1032,1025,636,264,2434,3230,2733,1629,1864,3034,2119,1167,363,764,637
713,846,208,607,1143,1064,462,1147,2092,1798,1706,1971,2667,3744,2190,2563,2352,273,819,1446
1324,480,519,1126,478,764,1559,543,2079,438,1975,2168,4138,493,2302,1278,358,1499,633,257
10,418,1509,1017,152,715,1079,1213,2854,643,1849,1862,368,2325,1076,2094,1798,121,191,1840
794,348,1570,788,832,42,360,604,0,388,1657,1808,1104,2020,1381,1008,618,406,1306,278
1485,1469,1242,24,468,1734,161,653,265,690,3737,2054,591,2455,207,211,3408,106,223,1263
296,872,473,392,95,558,996,128,637,688,320,2097,2418,1444,1044,643,1431,294,266,1092
788,1326,214,742,430,511,572,311,422,327,265,106,2263,1923,884,508,562,850,640,1043
824,1718,1249,634,182,918,349,584,1185,567,578,727,2344,300,11,365,519,250,654,1474
560,548,114,992,1308,569,1500,570,1354,549,260,954,558,51,156,1662,550,2662,1794,71
75,1993,1052,161,644,548,1616,71,308,837,648,946,106,127,583,2385,27,1242,983,45
