-0.6583540038568226,0.04962075226574079,0.7995890295944389,0.9499293889328742
364,785,405,331,515,986,1061,547,353,327,1312,451,735,968,775,700,532,231,921,939
454,861,476,1011,570,616,923,635,1475,369,417,1161,466,821,1324,49,389,90,865,768
423,147,2168,970,390,293,276,115,332,30,816,1523,551,638,973,1349,113,310,61,306
180,657,700,888,274,807,569,105,683,847,682,1577,1152,657,351,974,870,1025,493,273
764,366,667,949,531,384,721,555,1525,806,681,2809,628,375,663,766,447,1127,1879,664
655,408,526,760,189,1115,1172,959,896,1505,1286,915,1068,676,1982,1032,1102,1192,1083,382
878,611,707,1312,1988,1202,636,841,1029,6666,735,1018,1164,966,664,614,1109,761,638,694
514,504,810,969,672,1062,1608,2854,897,2032,6009,974,1543,1890,779,684,359,642,712,347
615,440,251,342,1890,2143,310,845,1541,2484,999,1955,1544,4849,528,1423,966,1630,440,911
1031,112,371,805,1203,611,970,1731,1339,7885,5778,3046,1896,1738,661,386,691,561,887,612
1745,1056,1483,912,814,732,1731,736,401,3654,2010,1493,2391,869,1452,1388,568,387,225,653
621,1181,978,651,871,730,649,2359,3246,3661,2746,1193,558,1549,11318,819,1229,1192,463,1066
1134,841,781,1057,334,1413,436,963,656,878,263,799,3356,718,1144,330,1920,581,1013,280
281,446,348,427,576,1132,1964,384,1490,1248,1074,376,915,699,1366,708,608,686,892,734
312,401,742,630,992,905,1415,2465,598,1123,938,655,1109,559,1121,517,1256,403,401,614
984,558,757,165,709,999,780,438,849,2022,2585,991,777,1036,738,1152,645,533,745,574
1373,549,557,294,779,549,754,1118,921,1006,676,620,2221,1319,306,572,2115,288,828,297
869,395,484,1269,279,121,563,961,1092,594,309,609,643,1184,498,945,561,441,425,351
571,1096,420,318,710,976,531,1024,1474,715,275,1184,1190,859,717,675,312,682,1040,1354
272,341,567,1289,743,374,916,1293,412,703,359,283,0,442,796,547,500,777,588,321
