-1.5929279938912948,2.3357635711907486E-4,0.9653995538910929,0.847971067429477
81,138,2468,369,111,592,360,1451,765,16,389,125,10,1233,170,10,4885,2760,2996,210
846,1774,205,1833,1439,3837,1482,345,1313,149,709,2374,170,1113,1527,80,97,209,14,2371
4273,1103,1586,868,830,786,185,36,1693,2770,22,4,175,134,2609,878,1074,14,1032,189
78,1,2729,19,40,70,376,405,1964,2603,2044,768,20,341,191,980,560,5611,58,4326
135,528,107,138,208,858,327,804,247,80,1730,1,655,287,1,3421,93,29,349,1848
363,16,349,868,1689,572,221,940,111,458,1050,3507,1722,0,32,442,937,348,153,34
47,43,29,445,913,421,826,508,288,1554,5176,93,72,186,616,831,266,370,207,328
2250,4292,15,580,182,4716,5576,20,1056,2,304,74,701,179,460,17925,87,1862,3233,536
100,37,721,497,84,243,562,2396,189,534,16,84,1328,2010,2662,834,118,1,4961,0
51,1126,274,392,102,28,243,208,17,186,1427,94,485,165,719,2293,1,54,218,16
11,1073,146,149,704,168,1711,258,183,1760,1,269,709,297,252,6356,63,67,70,524
1600,3105,542,1029,1545,2445,861,7,80,55,488,1725,2180,129,228,254,502,0,317,102
2253,136,426,428,122,223,4,571,45,373,253,74,77,1392,562,5807,24,636,142,257
80,92,2196,1867,7,3,503,212,820,458,85,1048,452,28,12,464,706,1132,4151,356
3,46,29,341,465,1225,69,632,731,832,185,2484,823,146,16,133,477,72,14,2053
5625,44,736,225,84,69,323,4681,127,690,159,1197,1,2331,539,1976,687,186,186,121
3117,4,1335,66,9,222,702,1,312,2031,14028,194,618,582,87,113,975,1529,435,38
7148,99,18,3113,213,1353,4511,1472,275,194,351,1249,131,320,0,3391,1098,13,564,470
1029,1765,3618,604,158,196,19,482,61,389,137,2062,1004,144,1515,2195,2618,15,0,362
139,24,15804,10684,460,975,6,3095,18,343,969,2644,256,421,42,193,2402,427,174,10
