-1.0080253630331508,0.05184762278406256,0.9053535918972524,0.9007761886052764
1019,664,1338,827,1856,1477,416,154,1104,732,413,213,791,326,3359,1272,28,863,1115,1067
375,0,41,113,373,298,400,1140,2647,755,156,441,468,856,478,543,989,814,642,145
505,459,149,296,575,324,443,455,2416,961,1036,238,426,502,119,5419,357,26,446,1142
188,157,192,1975,678,979,471,980,395,345,317,1130,69,351,246,338,2242,162,135,483
101,216,66,127,172,278,1160,631,1204,120,1408,138,878,501,739,1194,667,264,16,743
2836,840,614,1978,290,404,1499,258,317,237,1130,416,485,574,789,35,1268,814,1671,583
3248,311,1489,379,637,455,212,52,1726,2052,153,273,673,878,1050,473,413,79,217,357
524,478,193,2326,935,794,389,28,222,139,184,1047,1059,477,510,253,1164,272,1587,149
50,716,1277,686,64,309,97,495,60,78,27,1525,645,353,632,5533,669,162,1529,302
4135,1749,245,1128,777,326,243,368,167,749,0,729,2209,1032,2082,10795,8002,43,631,2143
231,424,276,1494,1143,885,126,96,559,543,1417,321,907,1494,7839,7311,8354,5585,579,3225
152,502,377,457,545,2372,501,658,509,167,318,271,0,267,1102,1045,7800,2524,764,331
477,1784,455,725,47,327,1220,595,793,583,619,744,1258,295,1423,5728,8011,901,2339,6326
535,2282,1463,1093,15,552,213,1502,811,472,259,623,522,718,372,218,196,387,819,5654
785,1324,625,1602,156,446,564,287,137,768,0,1159,606,185,375,51,0,2325,427,769
362,699,557,1476,26,104,527,1761,320,506,1589,522,700,1630,1027,681,977,242,1864,1600
205,1019,505,674,1392,2611,319,1255,408,746,397,258,1315,748,268,461,545,85,802,33
1782,480,159,336,450,2838,783,2238,330,234,227,1585,371,527,394,576,1534,354,405,380
1650,503,349,886,2615,467,1021,829,548,633,976,4601,487,1098,511,535,732,1194,3083,1715
7409,290,716,1998,1170,141,0,308,243,484,20,250,1524,632,487,510,419,332,412,2098
