-1.0209650124484266,0.005641763972289171,1.0518924491510642,0.9041626882447783
26748,2775,115,775,952,1347,972,1639,318,1755,946,1367,19,79,2253,1192,2407,359,890,8649
0,1320,976,669,7,2100,678,292,380,1002,1869,609,77,1365,1183,1357,4538,57,1591,2336
155,1986,1307,253,193,160,270,1187,1227,249,2422,1561,2311,119,174,35,447,2838,222,781
100,2287,3939,1064,1935,626,238,836,242,149,85,958,550,32,1169,289,1241,53,1724,90
1233,182,822,2345,400,935,1440,179,8,211,377,0,1414,2,1236,332,2350,1924,1588,481
810,1871,160,1154,832,1428,13,140,665,145,648,750,0,411,95,739,255,730,260,1501
1432,711,542,1711,442,293,823,606,1244,397,3,27,1675,458,0,223,1632,174,1841,72
255,1021,1373,431,2016,100,1616,164,487,1295,753,1478,474,253,1521,752,135,0,2055,581
1493,465,1695,544,1019,1125,367,49,11,695,648,0,1402,1421,663,94,1236,222,610,56
669,482,1173,1523,1071,338,195,482,333,1679,145,374,734,55,107,892,489,2070,606,508
352,490,347,374,1657,390,890,1136,109,234,1184,380,560,719,448,6,1205,1239,4389,2048
101,1261,309,2534,359,246,1079,204,40,1503,190,308,614,1226,731,689,297,1506,723,1157
2083,449,736,2059,187,751,943,452,1313,612,234,52,311,665,575,242,84,447,1405,952
1965,919,1758,867,1200,273,482,678,459,840,1867,2270,0,3068,7,634,1190,462,0,521
3729,998,577,882,599,244,423,76,858,461,266,94,345,641,267,542,738,1269,3459,86
1527,844,153,1138,295,276,756,99,695,0,695,228,209,5110,1205,1731,290,63,175,373
1399,1556,654,41,0,158,0,1091,519,776,323,418,438,467,368,612,71,1435,334,1286
940,977,2604,325,1842,2638,0,1243,727,672,419,221,466,488,130,1456,1893,81,1846,2137
887,1761,1278,478,493,1629,533,547,926,785,128,240,547,156,792,0,0,4284,1277,1711
5244,3443,1228,778,1342,366,1482,1586,1267,2279,1818,676,338,912,1568,0,5268,1155,1433,973
