-0.8075258202860394,0.01050938496654052,0.8231145407569306,0.8622865319990993
449,1821,660,535,877,511,385,841,1255,281,441,34,1234,89,886,978,16041,778,540,569
581,250,1556,976,460,994,495,852,339,601,521,653,576,311,2040,528,1250,903,481,424
1478,351,442,227,620,634,50,535,867,544,1177,3135,673,3407,198,1591,476,858,325,521
627,1099,857,526,738,1060,130,1077,1734,827,799,2588,9038,338,496,1673,279,769,418,358
939,472,977,658,1222,583,1270,784,217,1924,1066,474,951,0,468,499,810,290,490,888
297,411,515,845,0,557,418,867,641,324,598,326,681,266,545,126,585,70,16,360
0,1303,980,1706,534,0,558,1872,283,2737,668,477,593,579,125,375,170,614,1072,441
452,1116,848,384,787,0,428,588,424,1298,1821,1047,861,783,1828,262,1155,543,545,50
571,470,519,644,409,1795,586,679,1757,355,550,34982,33089,228,392,887,1473,158,945,152
1045,246,850,1504,210,758,933,872,489,546,724,1288,212,512,314,309,1039,316,216,84
851,678,385,183,1499,431,710,850,1181,719,3147,122,1253,219,598,613,356,676,1417,320
436,1676,1148,885,621,264,385,1891,1144,530,808,643,513,369,35,691,1265,877,1865,538
747,112,978,7779,138,256,47,926,1231,606,814,587,1033,253,560,263,21,1086,617,503
720,371,592,1530,718,60,667,404,657,871,193,61,934,1438,1620,141,472,640,3659,942
678,569,145,1984,933,184,425,774,332,872,438,727,676,504,1224,713,420,674,909,247
110,956,788,746,645,759,229,334,1321,389,850,1185,255,198,443,207,566,926,183,570
542,1362,454,995,384,181,481,256,979,809,541,870,880,539,1055,963,388,1122,390,427
1532,310,56,827,533,757,247,465,632,582,381,859,13,1072,773,328,142,473,51,0
676,507,55,955,765,1683,614,899,921,254,574,801,381,1080,1210,69,191,499,290,652
688,258,517,932,734,103,1294,454,638,1117,541,583,815,799,193,600,128,192,1191,1242
