-1.5660085588408146,0.03548643956206663,0.9042180592625042,0.8910015730069197
880,545,1973,1028,237,432,713,1166,101,525,2809,1,1082,751,127,33,1903,1350,4073,905
693,2697,2658,178,44,406,2705,97,494,39,762,2924,3225,76,217,1949,1746,335,94,1507
1,964,1148,254,209,14,12,1594,522,177,835,27,210,154,712,1811,1497,2699,1769,3251
4,108,1753,15,5,428,465,516,965,31,22,374,13,169,214,912,1680,141,3150,36
959,515,528,13,396,2550,1886,524,42,319,645,216,3942,1837,414,343,440,2479,1549,1833
1099,2437,1,0,105,1306,142,627,1287,39,335,2,1652,1140,1451,731,983,878,575,1040
879,305,753,554,647,324,1,25,341,171,53,1,2052,1224,42,1,1,1677,1641,806
8,159,414,148,492,521,957,249,49,210,3161,2453,662,9,61,1520,2002,1658,3251,2698
170,2803,1082,1932,130,384,143,682,554,1039,1337,105,628,65,187,1677,2,2,584,222
91,243,1454,644,2134,5507,42,1,24,145,774,526,14,1895,4421,3379,5,10,208,81
959,170,1848,52,2233,1544,1,173,1650,279,392,870,395,222,9764,5427,4411,3354,6106,698
72,187,177,1318,1251,484,1439,1477,1107,1031,344,15,2286,1601,3201,1883,2487,258,159,22
126,1029,94,0,93,7,448,1665,5,84,1020,127,72,71,103,5550,4455,77,2114,2784
264,5,719,94,104,331,68,2274,217,110,1,797,181,88,15,3832,3552,3654,1691,2176
3942,17,1191,1274,1001,1283,799,91,505,0,1,130,833,253,52,369,5121,3782,805,1770
920,95,42,42,154,171,65,221,77,3181,1827,2133,312,2622,541,946,996,378,1104,6
931,869,1,1071,8,837,260,240,1463,0,122,1313,894,1390,1045,4610,296,942,3937,1007
688,1097,508,70,1277,0,1814,318,934,199,0,610,307,917,58,1307,904,1,333,1577
128,36,1,13,50,2278,1417,250,13,5937,280,298,1669,222,38,3620,8,268,1205,541
58,1526,386,716,98,1097,2447,1016,132,225,2223,162,1550,13,1444,4288,852,123,427,17
