-0.6959521620979322,0.03826756679361521,0.9028838020211256,0.9612850921648797
1003,971,565,1300,3027,1156,841,1765,370,1317,615,2003,1125,2425,1630,1786,2828,217,1955,454
823,860,850,70,268,1323,1471,1433,1053,1035,2020,980,1123,959,1117,889,2438,1993,206,435
808,821,948,464,760,1032,1805,1684,1767,1480,841,1181,1406,908,920,446,3220,1536,219,1690
542,644,796,944,346,752,256,1368,2240,359,1405,1886,2198,774,2018,1532,2310,488,770,605
1383,134,570,285,325,492,1198,2472,1005,1503,487,995,2915,2241,985,560,1426,1834,1713,3232
245,792,359,744,1847,84,671,544,1129,1147,825,1953,1765,0,2042,1172,1088,1637,1041,563
1880,412,2245,1067,1422,209,766,950,965,252,796,443,249,2273,2789,1178,757,53,717,1108
1170,796,488,764,111,1055,696,2062,755,838,847,2082,1036,1007,2259,1291,1297,1143,3691,709
378,695,786,861,357,1233,1015,328,2674,1697,800,551,1674,310,2155,1785,775,1231,785,1065
177,820,1098,522,1209,1298,290,921,156,1185,10,469,194,689,376,1559,2597,1763,1760,851
2170,748,241,441,523,1843,2534,370,226,672,773,314,444,664,2226,249,1069,1463,1589,3310
1907,499,843,342,511,109,287,977,676,1192,453,629,743,1167,1661,823,392,643,1474,268
369,414,1059,617,600,842,155,1059,1006,86,160,998,362,515,1778,1172,573,1761,342,1124
212,398,616,163,731,771,268,260,837,1004,1334,2013,284,4018,481,186,1174,428,519,1198
398,618,1298,1221,752,950,509,973,1463,2033,294,353,0,625,439,1509,1948,1268,378,44
792,200,1167,1653,1735,753,513,1363,628,693,554,708,1010,415,850,3485,788,721,1088,552
205,1293,112,1366,931,129,1152,646,2156,505,1076,1024,2297,81,831,549,843,1376,1792,182
728,376,1264,407,353,425,1348,355,1674,1201,566,768,1019,357,452,1239,197,554,822,350
697,537,842,827,753,503,1345,726,1391,1,379,647,280,261,745,511,662,636,311,660
194,337,388,350,1219,1318,1130,352,212,630,481,990,1611,550,247,424,337,753,826,1639
