-0.8133431472126494,0.05246212018965671,0.8962742709152556,0.9517814174284882
1675,1005,1275,216,2022,280,303,834,1233,676,612,1343,705,883,514,1091,484,979,387,1781
152,1009,1843,381,1820,846,1252,2365,1667,852,1840,246,1007,633,683,103,1172,1776,1155,1232
1,361,782,650,266,1252,118,151,617,410,903,716,1079,994,1012,1879,830,1177,3049,1154
802,1204,754,335,2387,424,377,475,487,167,302,1962,1901,1250,454,3425,397,3824,485,1141
374,65,370,728,100,617,380,453,488,966,1708,588,9,49,1231,770,1772,463,695,2108
252,658,640,280,1394,838,74,839,187,1046,691,611,1697,0,2204,918,1444,702,3913,1094
181,467,332,1361,1541,998,812,910,1004,343,324,1473,271,1169,582,316,4688,1486,2906,988
708,80,889,457,1518,742,1038,1373,214,1202,1630,1591,1699,1748,1548,2083,4296,2177,3085,437
296,267,660,113,243,106,164,620,1226,1187,371,210,1155,995,1629,844,1476,3043,2734,558
995,322,1437,369,1078,996,664,1088,976,2812,2158,426,8,3966,1568,3084,877,871,4168,2217
1142,1915,86,1010,572,1245,440,2083,936,981,792,495,297,1556,5194,918,1534,1710,791,1360
689,325,578,229,395,244,112,1868,1268,356,1464,2475,1373,1618,1507,2941,302,1289,974,1020
309,669,492,494,166,185,241,442,495,1471,778,614,794,196,364,976,405,753,1307,187
765,30,650,1474,881,423,398,668,699,466,450,1122,24,1042,106,1481,465,884,385,2605
439,164,1389,1037,220,798,1991,478,387,526,2026,1710,341,631,447,892,1952,474,1533,1054
888,163,27,513,19,1010,1597,593,373,63,1044,1245,800,722,2077,903,279,408,1404,243
1874,174,444,856,1224,775,1141,1168,904,1866,792,1336,557,1464,1104,587,774,1073,211,1252
286,1215,249,2136,817,782,1555,766,731,1930,309,1502,817,687,1348,561,1061,1017,415,294
290,413,305,2032,1185,1085,603,400,720,726,1497,798,411,598,1034,845,77,1648,2,2528
2329,540,928,346,1067,68,521,1471,58,595,257,668,250,653,853,1768,264,1517,822,390
