-1.1739496280825623,0.048029914157067186,0.7933028607542872,0.9007856599185156
2125,510,950,577,607,331,13,0,92,208,248,310,399,2211,688,569,255,774,42,147
642,974,436,955,1124,151,63,145,150,507,290,18,236,198,70,1494,422,1684,101,103
0,379,724,21,200,89,872,332,239,993,216,196,3867,259,135,610,28,238,558,463
549,669,1279,350,325,295,1159,4470,1834,138,838,324,527,847,513,650,383,624,603,143
624,12,444,105,3,670,934,3021,518,124,913,1172,1685,357,3187,386,477,521,943,250
257,456,1564,2551,2186,672,247,364,73,40,1047,367,167,1808,190,2404,1193,1505,63,1481
85,1198,231,90,596,815,139,1,133,78,2227,196,1885,110,154,1166,502,50,1350,1010
26,859,221,338,307,2696,86,432,52,1709,1136,29,20,324,6230,1143,144,599,541,88
377,661,2279,1153,663,526,923,1385,496,415,664,7,216,1172,392,393,0,1336,75,504
954,2169,275,842,116,1065,2331,442,438,1415,3574,519,1891,2469,780,2539,1115,83,1427,275
588,295,2044,388,246,415,174,2200,2882,105,8606,9599,2752,1383,904,929,408,346,1435,1126
111,1008,264,404,26,3131,132,227,2319,3102,236,7000,3479,3857,1968,1720,369,3027,1021,833
15,265,103,275,237,468,389,1097,5044,181,6032,4076,2713,0,59,1415,3939,6615,3551,331
85,427,403,85,3148,91,89,3006,1060,2823,5288,1617,2181,1530,1871,2034,131,56,321,863
296,368,1500,132,1260,59,1083,878,189,342,1015,3333,5017,321,398,1674,168,2727,458,1038
664,1657,0,1082,1326,4146,2231,962,3391,1312,1381,15,208,1763,1728,1579,14,376,1192,525
39,396,681,86,515,526,161,141,429,254,815,3153,1338,461,258,1164,199,458,2085,148
315,262,829,123,2234,1604,242,717,172,3491,832,615,379,0,1002,387,1142,828,0,44
821,709,2276,1178,565,1265,806,147,156,1380,738,638,109,45,226,431,2284,194,3321,497
40,1256,273,782,183,326,277,760,147,463,337,228,20,368,158,404,742,1391,918,875
