-1.0140391103332047,0.007853134623622658,0.801657042028896,0.8454154546248652
2783,994,564,205,1443,522,251,38,461,187,1012,1168,2101,839,277,1391,0,255,623,801
135,349,336,186,154,680,104,828,548,273,1290,516,1072,613,8203,7,510,747,1928,662
457,441,124,162,446,1171,93,369,0,209,533,1026,79,60,579,979,1309,695,666,318
806,639,1050,187,570,875,282,1139,174,1628,1263,362,3824,465,1583,1198,43,389,548,1744
1087,392,685,102,1310,1917,1438,725,78,1923,895,1127,783,578,7469,60,1229,849,322,412
747,676,61,502,330,2446,1676,522,881,473,365,61,410,198,0,516,123,351,1936,543
1701,1760,822,518,712,390,1710,145,387,773,613,472,681,311,1379,1139,208,371,18,1381
0,323,36,1085,299,1515,598,558,949,460,1243,623,494,1840,120,358,405,1189,239,251
93,117,257,2546,2357,1265,550,1595,1277,1384,118,49918,26691,1685,238,43,339,332,250,112
987,507,736,201,1366,4,53,294,981,143,649,2,65,136,1246,33,604,1645,320,228
1272,1682,860,705,1109,96,294,73,1222,1532,1598,750,1059,463,533,114,1411,238,3661,0
565,797,357,690,134,185,373,97,1167,465,162,2027,834,1260,597,151,557,516,931,28
88,437,198,731,2077,354,588,1339,115,1892,614,1077,2506,315,2277,1765,751,244,875,1423
344,2268,857,1241,318,0,3399,143,12,846,271,68,563,825,1278,1084,3373,606,353,1095
398,225,625,1400,125,235,539,404,472,44,84,2142,275,769,211,1546,785,603,1021,228
383,88,492,616,84,839,456,57,475,399,1062,206,392,139,562,1215,650,163,518,335
236,15,1125,1414,221,1556,302,435,80,727,125,356,190,547,267,697,287,349,23,851
1181,511,829,263,621,1024,689,29,1066,177,1035,494,1032,1242,2721,0,1059,347,189,2171
61,210,1132,1074,360,707,1552,3376,1872,2511,1385,274,334,1039,150,158,40,342,768,809
242,643,212,480,186,814,531,1026,1183,865,692,622,346,323,263,738,1538,861,170,347
