-0.7053893330110012,-0.0015881008887673926,0.9071974232778784,0.8450782612552398
1295,1357,775,934,1003,153,1082,0,680,866,364,746,546,316,263,213,926,528,950,352
688,639,1138,800,1215,875,862,336,0,1109,468,591,1409,996,717,965,949,1328,1125,949
468,1355,667,141,906,271,393,362,355,597,1875,257,1522,3201,355,743,303,1187,594,848
1081,509,1049,1731,161,517,173,381,421,1129,513,623,0,736,821,298,653,570,433,1075
508,766,866,816,394,665,796,1042,745,624,912,1236,842,1620,1274,846,288,451,624,1471
487,638,614,465,127,648,1560,330,892,490,835,1595,585,535,175,736,155,708,554,871
1107,288,468,1608,190,552,551,615,317,752,529,365,873,8,440,386,221,529,827,949
1434,96,638,1115,101,836,309,444,857,841,320,1489,1095,341,277,145,278,921,0,871
1032,727,1471,919,862,707,419,1025,762,870,851,728,107,674,836,547,542,259,245,642
446,465,675,536,322,827,1229,632,541,654,854,499,1221,845,481,5211,897,694,1799,803
1332,539,693,1029,1028,500,712,471,589,1368,563,979,0,428,165,613,1219,745,384,307
243,533,1046,31,555,242,178,509,111,516,214,509,602,703,0,53886,1204,1187,537,412
114,1510,70,645,692,587,516,856,755,866,241,2215,1991,532,1061,1310,273,840,329,962
1411,217,677,556,203,496,773,143,1237,444,505,809,1305,511,250,338,790,184,804,1477
486,219,727,139,203,1074,543,558,631,461,498,524,138,31,248,331,544,379,374,570
1020,706,360,1248,116,495,847,476,362,1265,481,658,449,367,632,772,992,693,482,360
882,959,509,502,1241,354,338,86,904,388,283,579,801,363,684,758,864,485,753,1442
699,357,705,791,879,919,1596,1143,242,492,687,1016,953,1568,282,386,1101,262,435,872
566,286,755,283,1818,5,372,716,1073,602,1570,1134,917,990,591,128,687,599,625,368
588,302,453,646,46,40,589,883,921,857,642,313,33032,440,352,1328,587,1130,1040,16259
