-1.5310492848790436,0.05016205474082376,0.9071282791968925,0.9004282897435473
13,3017,3987,1899,398,556,1645,164,304,773,74,4,763,18,557,267,252,7,758,3573
103,1986,912,1337,1858,222,642,161,2228,1234,694,344,510,1,411,747,2112,5389,16,3325
10,436,2281,359,590,53,1386,1337,1778,145,120,874,729,521,1636,1034,1120,528,2295,1114
340,419,92,1,1868,120,53,2558,488,54,1107,1051,2001,620,3815,1,28,152,12,281
891,265,98,693,1,390,1006,43,878,777,1735,1,1196,3403,2,1127,596,8,226,426
75,151,13,660,580,10,1617,1656,45,81,926,2268,2866,2048,691,115,1488,3,3472,487
456,1644,673,473,403,329,114,1027,488,0,261,330,3097,1266,39,3009,3,2297,1390,2299
85,1268,1565,4,558,232,25,268,75,594,1305,1486,212,269,68,4,2644,1950,649,516
1232,642,905,315,2,47,43,63,25,736,1133,1,526,808,1656,4400,1,3724,1762,2244
15,1938,195,3134,173,1,212,146,343,210,49,333,554,418,6509,508,804,516,678,348
37,98,881,1866,484,1381,15,0,4,26,865,350,13,607,6503,6060,2388,1867,17,486
22,147,1633,148,16,907,1875,24,118,819,506,1742,1694,402,4637,5177,5587,1154,1715,6246
83,587,46,800,25,671,92,835,638,351,386,1,770,2742,496,1967,4050,0,782,4023
348,485,1715,1679,1162,1738,164,1776,6,982,1,0,1217,849,1,233,1309,3028,71,2580
2158,195,142,10,365,16,114,838,466,34,1,42,2207,207,391,1275,2723,1424,564,922
956,1,2,392,1528,488,1309,922,136,638,3,0,22,1093,357,1318,385,440,3459,22
35,747,560,186,202,576,970,2492,509,2337,133,227,3216,2610,28,2340,2653,2231,256,1057
583,799,855,1115,1630,169,953,417,1808,1094,342,399,785,665,950,1480,2645,1061,392,1155
374,74,1,1200,42,187,11,1683,241,644,1368,2088,1140,314,2487,3211,1930,2100,459,60
541,75,521,111,512,1538,55,3338,1733,918,59,5,1688,1142,600,2571,1990,4193,336,474
