-0.6999360720936968,-0.002910004238291916,0.9682248367381671,0.904183652183408
500,1077,937,666,1046,804,361,1108,1464,49,128,720,1447,1764,51,1502,580,349,568,289
536,644,457,489,504,2055,1185,1156,1437,377,801,553,50,375,690,373,284,804,949,441
1006,1578,1013,493,1055,46,411,1078,2097,930,783,389,749,881,314,1361,545,213,515,44083
771,604,1287,11856,1710,615,890,234,565,758,384,574,842,716,0,147,403,578,740,567
819,1384,1055,922,2537,698,665,899,658,1203,734,506,635,335,363,572,1035,779,1197,277
413,772,843,1570,1148,1115,78,1406,701,150,508,1381,563,94,780,207,1095,1094,104,976
14,310,435,251,321,985,2815,456,1187,883,496,1497,1405,911,522,693,850,366,206,671
721,417,1298,979,1679,1231,899,1677,2045,257,181,725,486,901,483,802,436,1637,1601,598
792,863,759,8,1088,165,766,61,1372,1311,394,2219,828,1479,749,189,567,1007,1135,662
752,564,666,1440,532,453,969,161,471,614,796,1255,2155,478,297,253,178,643,1227,1318
2001,1506,781,848,694,722,409,889,1190,821,874,322,778,516,772,661,485,1267,868,512
1056,778,97,824,875,599,882,535,770,845,809,1557,520,1478,235,878,1530,432,642,874
1024,1150,769,1296,1389,0,2075,574,2023,1036,689,744,1135,287,1690,1529,381,1018,1487,563
362,587,1052,649,499,2182,671,868,356,1327,1061,1420,79,1192,855,999,40,395,207,688
211,923,763,1692,1119,347,940,611,744,888,815,2130,211,376,155,241,760,868,528,548
2297,1056,1413,1440,291,804,543,1205,1167,931,242,222,156,406,847,1139,291,768,1444,771
345,365,332,394,351,327,1163,815,936,574,409,752,532,609,390,529,1047,790,421,654
1660,631,1314,5197,39,1058,341,757,77,651,1173,209,854,567,770,841,484,1191,501,296
732,949,619,524,502,797,288,987,756,1168,131,940,87,286,667,1399,672,945,575,501
985,774,539,2777,2497,471,766,639,371,330,1104,1043,252,760,194,749,952,650,51,1050
