-1.425739005072044,0.010746529732251707,0.8004123283782857,0.8498635696397463
161,53,38,183,1610,0,403,108,746,320,968,437,1708,735,300,368,535,103,32,0
331,387,429,36,183,863,165,166,74,0,3167,344,139,690,2995,9,33,1470,801,3766
22,206,140,92,134,94,478,5198,281,6781,184,192,1721,326,263,126,27,488,177,731
926,730,199,267,87,934,1,855,896,66,1422,192,669,5,448,889,885,1309,925,1139
165,111,1173,762,220,441,112,1313,16,300,98,4226,110,1801,0,1146,211,1038,1128,144
209,1987,1355,385,1554,1795,125,0,79,42,108,40,41,388,2,71,281,867,65,578
259,128,716,214,306,423,302,1192,6124,36,925,0,5467,1261,1949,1343,984,1019,1818,31
494,835,1409,517,115,8114,138,112,1331,14293,3960,46,16,244,110,6194,130,2588,1095,79
712,504,136,2338,605,871,177,7,12584,7220,1117,173,524,231,3822,1519,891,181,138,209
201,87,369,677,61,57,2037,1470,59,1187,9397,883,39,479,2750,676,645,5644,531,2841
573,1616,464,1201,1162,2096,150,192,1,489,402,3,1169,300,44,456,614,1155,3712,414
1206,29,185,3526,469,14,70,359,10569,1412,491,1715,20116,2379,192,169,2092,2202,704,111
587,1588,893,593,112,244,92,1192,85,94,3232,53,475,43,881,420,61,414,117,3130
1098,175,1672,0,380,24,198,293,911,315,946,996,140,211,1794,77,2949,163,118,116
52,2129,3095,118,643,456,400,215,4384,250,14,1211,118,201,688,449,153,2,1959,212
93,2424,963,0,1,233,1643,1058,181,272,805,812,252,876,212,512,1586,192,944,854
176,324,1331,26,1025,195,210,8,242,456,151,5340,492,191,481,47,986,136,570,877
55,870,203,180,2267,65,163,231,43,307,848,26,16,1737,650,86,74,240,187,1417
444,641,1734,1,24,151,1200,124,899,113,896,375,1202,67,3624,53,12,5,774,1391
410,693,1261,1745,490,384,388,770,1350,42,1469,359,414,661,134,60,1502,2260,1787,3
