-1.7858552378291948,0.005889933870162218,0.8519621925657908,0.8445921988452185
1113,199,4096,310,1340,5,789,90,2038,54,785,3409,93,263,915,844,633,2070,33,438
217,3368,439,47,1637,1681,2332,305,23,2699,225,3,58,56,303,1181,25,123,3642,1072
1118,655,44,424,1007,110,2970,755,75,1,1828,2499,741,11,363,37,132,455,66,678
26,24,291,3751,447,39,868,0,16,268,232,1159,2,425,1378,1447,8,568,1163,9
1366,508,2765,239,109,508,5,5,1002,519,784,1504,2934,2340,8,104,236,605,31,2452
179,515,40,3,402,1866,2,1080,11546,92,66,136,78,1,6,779,67,27,2054,725
1,1166,1457,915,7702,10856,12,3985,833,1896,126,175,820,1703,2233,583,151,386,1727,95
1254,1529,4574,0,415,1822,9110,1058,614,364,943,69,1295,464,914,540,11,1114,809,72
688,1927,654,249,601,18,14,2560,246,1142,6265,177,170,596,61,351,404,996,784,559
613,10840,992,2553,150,12971,54,36,1668,371,2089,12,4,144,7,404,83,52,725,8
4336,124,1,1055,83,1457,1393,9,1561,1144,1,453,86,413,922,2,153,335,617,648
1244,82,429,30,105,644,73,137,439,755,3152,337,1293,3922,391,36,2974,155,160,683
2,389,242,940,7,33,2159,89,1059,7758,903,339,8,176,1675,82,110,131,201,273
61,662,140,4249,7107,3251,201,422,576,86,498,333,16,110,658,15,8123,2532,91,164
73,54,615,8324,1,689,3,5,2937,707,815,4072,4987,117,3358,23,335,4,72,1820
8,190,4,70,979,518,8,886,293,136,675,262,380,22,0,83,146,1031,405,22
48,1117,2297,1,563,672,1,536,2,19,684,521,377,26,979,1,677,1097,263,2
272,785,10,816,5846,2,5487,344,5399,1,458,91,29,7,172,2324,4441,23,3,0
3954,9,226,81,37,68,305,743,102,386,917,0,25,54,1178,421,193,185,263,662
1052,134,736,490,171,1729,360,1783,853,3776,5,1038,466,1048,129,1,177,1,524,1385
