-1.6652223449060504,0.008517689191172012,0.8031011337687358,0.8532868752719173
58,3334,46,63,2428,64,1257,789,68,17,303,1,4571,174,2372,135,2,710,33,421
100,109,101,2,41,85,824,595,864,394,5043,1038,968,2188,325,34,55,28,247,527
1,750,974,41,160,1,31,5800,15,71,79,664,1638,483,914,146,591,180,408,168
5,199,288,2666,531,1070,20,466,599,1,743,7,61,79,329,234,610,512,700,18
98,9,1212,120,11,5760,787,378,15,67,4,9250,973,0,3182,135,97,395,119,9
165,453,1467,1936,325,2307,2868,1975,120,2525,90,743,694,3117,228,192,72,54,381,308
223,191,5693,266,19,0,133,3471,483,197,1752,548,2543,31,1634,3507,1226,91,1774,75
83,702,1435,123,3342,4542,47,2710,6210,1108,501,1457,16,895,930,210,312,4,962,82
1272,745,138,243,3020,65,1867,10,11580,1336,1545,2,77,256,182,1545,357,0,931,46
325,8,435,34,34,904,2885,653,368,51,6593,9199,807,2713,3,1251,1585,5278,16,182
594,112,175,306,27,247,1776,2,147,451,2300,307,580,139,1718,50,733,495,1959,560
456,61,132,255,161,527,812,80,3657,1261,1558,937,20355,2397,28,3,633,211,207,1512
160,505,64,377,1434,3,1375,2413,55,275,4943,236,392,61,78,631,1660,195,816,493
450,362,702,2119,717,66,347,101,3134,2340,135,2189,1385,3,2721,507,613,2959,158,1
24,315,778,157,0,711,63,2221,545,69,188,3712,219,105,2675,260,123,27,4047,357
2255,2,1,515,1,8,722,1426,3135,968,39,1,863,725,6,53,4645,2531,64,397
366,329,72,1931,250,11,940,1,242,48,932,5766,547,538,2934,25,2176,156,38,500
1802,59,1150,681,1113,253,408,1044,2058,324,1209,874,26,93,383,55,2,66,3199,11
197,244,667,8,163,1205,1241,237,1910,105,546,54,1159,1609,1247,108,384,0,1838,2843
1077,896,238,353,2191,9,629,745,63,1205,573,151,314,125,5,1014,70,808,2868,785
