-0.5343761927626178,7.37004673064058E-5,1.005782245569331,0.9499703547495957
27013,461,1485,2241,583,1055,1854,800,605,1346,1132,980,1116,605,759,1028,1081,1130,856,4388
666,1229,755,1328,443,1285,1960,869,735,863,511,1181,1198,428,1229,837,1240,435,598,1673
381,1296,313,340,1048,1103,813,576,533,1000,1711,485,369,824,665,988,645,1250,1342,769
1241,905,776,743,258,775,1010,395,854,1633,756,521,973,697,447,670,1246,1098,781,2425
964,1292,1157,1218,500,177,691,529,538,815,797,766,1130,752,1337,856,705,788,1148,1019
280,913,664,928,373,933,1541,494,335,818,637,232,506,751,410,858,621,907,760,592
721,484,361,328,413,459,914,316,540,378,678,716,1482,437,357,1099,1296,923,231,286
1875,1454,386,630,302,707,1601,90,932,758,524,751,644,745,1765,1313,846,587,891,997
446,678,952,882,653,291,509,1308,475,1342,833,416,642,533,594,529,194,623,781,2142
1013,608,1344,1256,851,1508,312,1231,843,433,744,553,483,991,174,508,732,705,2353,582
820,1039,854,652,1160,490,476,630,655,713,1128,896,336,463,901,786,2077,1035,549,518
585,1404,1902,719,285,981,1146,1551,643,1309,1147,912,744,930,1307,1313,1431,855,1319,1693
959,793,774,407,609,612,294,847,728,431,102,785,987,1121,1199,867,629,1600,485,590
916,249,503,885,364,1510,389,1159,711,1300,1221,635,1657,811,753,879,534,1394,560,1089
1860,657,2839,1279,1262,2032,354,570,803,200,397,1080,643,378,1222,567,2130,435,916,710
760,1042,792,1185,674,1264,779,615,540,1390,299,2891,337,575,802,374,873,802,561,1234
737,629,809,659,940,2081,953,1074,1381,993,1019,591,790,1234,926,977,327,1101,1592,2473
1399,572,1343,394,480,792,1088,437,1388,352,457,1217,831,452,1244,1251,1272,1157,295,973
923,1500,1132,814,1064,1434,1093,1086,1334,783,656,936,300,1056,328,2339,564,985,1068,1453
1517,1155,2797,920,949,524,1215,296,1193,642,833,372,260,1358,183,1169,645,417,383,4032
