-1.4166545045181613,0.04474612352884038,0.8953793042378989,0.9029062633880808
782,3146,2591,716,706,367,1632,392,115,570,11,4,1255,26,557,1088,70,8,342,3571
55,1986,1054,1187,2048,208,642,53,3240,268,378,269,430,806,4,499,1755,4917,18,2825
310,762,3041,1,673,10,1705,756,1771,79,213,72,28,612,2311,1021,803,309,1703,1107
427,1224,534,1,1283,136,51,0,480,23,1453,2195,1925,379,3994,1,28,887,13,299
0,174,67,1438,1345,323,770,375,878,40,2131,1,1171,2635,4,570,635,4,1023,392
161,200,112,404,191,8,1744,1267,68,113,841,2444,3193,2153,244,0,961,3,2996,487
556,1600,599,769,637,275,433,868,249,1091,261,283,2586,1266,10,4295,49,861,1300,2299
100,946,304,99,967,368,27,226,80,479,1083,1388,347,1790,14,4,2086,3482,593,467
2036,1318,907,330,2,58,21,255,424,1052,143,8,9,745,1656,3033,606,3562,1762,943
748,1608,38,3127,328,1,866,614,500,176,23,241,701,553,5979,502,520,140,662,348
577,59,73,1858,476,314,15,2579,1049,155,1689,124,5,294,5626,5990,2039,1418,1336,669
675,147,3101,88,13,1011,1818,53,115,661,434,901,115,203,6912,5177,5675,1154,2192,6343
63,587,42,1613,644,249,100,808,557,486,1902,127,1802,2806,930,1447,4405,0,872,4023
401,485,972,554,1181,1873,1275,909,81,1074,63,294,1228,1310,47,433,1201,3028,183,2490
2242,194,681,636,341,141,214,885,466,38,1,18,2228,175,479,2575,2265,1506,390,1101
951,71,6,392,1567,488,1948,922,136,638,1,637,16,3069,307,1318,0,822,3459,29
51,748,490,147,1620,712,672,2491,134,2107,740,229,577,2937,26,2886,3854,724,256,311
496,26,855,1158,972,169,758,394,3231,230,331,286,1376,794,1433,1585,2734,1298,313,1049
482,115,61,197,18,893,2,1683,256,1359,2307,2300,475,156,691,828,2276,2189,170,76
541,90,480,23,265,708,203,1728,1251,671,175,5,1344,1106,528,1785,1937,4051,219,10
