-0.6537378199821889,0.009617002949172162,0.7798417861667197,0.8453818837051331
449,889,719,701,863,606,256,730,848,426,688,802,841,649,474,809,664,609,473,442
446,459,1063,972,651,994,439,626,482,443,754,521,748,549,1880,144,346,898,477,997
1292,1026,651,1134,609,645,616,321,587,942,882,1217,703,5397,193,510,488,498,373,482
622,756,847,482,644,1168,190,668,1578,1045,799,224,19535,338,457,885,388,670,353,732
995,362,321,672,1123,541,1226,178,158,1424,814,393,561,904,377,654,888,439,452,1154
172,460,806,1402,1064,310,959,1187,257,480,540,308,467,317,489,770,763,314,516,1091
936,1018,678,702,667,1120,790,1330,159,1876,401,448,564,370,348,367,381,357,918,1263
947,747,608,564,680,674,329,625,878,1211,88,705,861,597,1100,204,883,756,498,104
49,1028,70,700,621,1416,223,612,1279,1683,669,52432,33555,624,788,812,1820,98,853,514
604,189,450,1193,287,905,570,1265,470,581,863,1253,894,564,842,523,1078,221,317,265
837,700,485,187,1201,387,615,701,1222,343,1443,148,470,883,657,347,1357,236,504,402
530,1193,774,1518,220,795,417,991,1398,629,959,677,195,1183,90,761,406,725,439,264
856,186,699,649,266,509,658,679,471,347,978,809,1063,611,666,301,197,319,501,503
711,500,551,3098,1078,920,681,727,825,739,568,320,633,1375,1031,440,1220,649,1015,927
1098,562,359,1500,237,582,89,1098,210,214,413,1289,674,129,726,1041,467,467,662,228
239,617,809,254,434,640,515,390,662,490,498,411,329,270,267,831,504,521,1609,164
478,758,347,1319,609,803,374,229,427,979,548,1441,763,526,1205,909,273,886,1030,361
1762,307,325,359,1227,1047,903,495,1047,357,363,1292,445,988,642,366,606,610,512,833
808,241,342,195,263,1089,298,1043,497,252,686,283,221,795,464,337,181,934,415,0
37,503,1197,515,1099,369,505,507,638,1003,267,959,1555,1211,504,658,303,805,1175,1144
