-0.5561681250383865,0.049492576827983914,0.850988959541854,0.972195548524045
531,874,252,535,438,667,1150,887,900,1314,667,478,1093,575,1031,542,374,430,575,900
599,1005,667,0,1307,880,1394,197,700,1033,721,2427,691,793,1452,987,633,530,646,458
726,312,937,702,1087,2083,473,691,1533,1140,758,1443,1065,392,2199,962,1873,505,1432,734
1332,157,400,959,1175,1408,1167,951,880,2653,1105,499,1280,797,1226,326,1380,1435,1332,243
509,586,701,406,960,769,1736,856,1205,1308,965,1602,331,1087,1504,510,1501,1914,1602,61
1195,555,683,763,811,1227,550,764,941,2372,886,1854,2458,1973,2002,2029,496,1630,279,470
1169,401,714,1064,1067,1230,768,1916,1156,1667,2170,404,208,2902,2386,2492,1529,1237,988,491
639,287,802,1250,315,1852,1098,270,763,835,1026,2093,1649,314,1695,1820,1956,836,424,596
938,793,1241,693,1612,823,0,1476,954,1382,1651,1347,1887,755,954,1095,1418,1106,404,1089
969,886,535,976,576,1225,601,1052,1255,1066,1097,1531,533,1155,619,2253,1293,1101,1114,269
896,468,1191,961,1161,701,59,1819,1120,2357,2524,1850,1226,730,716,0,801,627,774,1730
584,703,497,1222,1227,793,1214,700,734,568,1986,1495,2359,1185,2521,143,1028,583,850,248
396,549,394,1603,180,1215,1049,1092,1370,862,843,995,1746,1586,1329,2292,1888,1831,871,294
1456,533,1402,886,72,641,1108,1818,899,980,293,1510,655,1754,942,1548,1539,1221,517,724
317,1224,1124,703,806,1077,722,549,1865,1876,1231,520,1946,1466,905,1985,55,786,2031,504
450,308,179,1171,430,333,769,1251,834,546,1205,827,889,1160,1940,1146,1437,1215,986,359
438,704,0,1708,884,1528,683,1230,795,2529,1491,877,1881,353,416,577,1017,813,648,137
291,605,250,415,420,294,901,59,695,1286,372,1336,1453,885,901,461,817,486,288,929
537,378,1058,1662,1115,668,563,550,662,2103,164,837,1138,784,800,461,534,1281,562,407
471,65,397,718,336,708,394,257,753,495,321,1248,779,428,612,862,606,426,854,886
