-1.0287749887694826,-0.002729978802584923,0.9539195319209293,0.9267404513528676
408,4089,575,1478,1107,4845,0,771,2625,2185,1378,775,614,2152,231,1168,2037,514,2203,1146
298,46,495,670,796,880,667,1738,1615,568,383,586,106,874,177,840,382,976,2426,491
986,1264,742,873,600,1327,53,1138,373,1699,2080,262,1487,680,91,955,984,3294,1366,61
42,1142,5470,2254,583,916,119,1111,645,2765,1163,923,839,199,3198,3424,1100,1143,78,615
1951,450,0,0,958,1190,284,0,483,719,327,1994,194,1928,98,1778,1541,1111,853,586
326,189,719,765,1262,205,1402,1563,111,287,159,161,341,179,265,2019,447,591,1975,861
25,3499,1812,1142,2950,214,2676,18,478,1191,2081,707,821,118,2380,1762,1362,1068,5107,583
1988,1071,1790,548,816,523,319,1097,623,512,582,622,398,3094,741,298,2348,411,39,1236
110,1229,891,563,2788,1388,607,199,1072,693,758,339,1077,444,227,3873,507,923,802,383
96,107,1974,634,57,1147,789,166,2189,669,1665,58,371,0,63,144,886,253,340,1015
135,427,287,222,429,1339,3263,106,292,0,527,27,601,696,89,1549,972,933,1746,65
22,161,132,967,343,1122,1314,1335,996,2016,987,527,529,283,374,107,0,970,1139,1339
2466,1340,113,2006,0,1941,187,2934,230,198,0,1416,14,227,154,1450,127,1461,1185,173
714,116,430,1905,427,6,2177,172,2051,645,260,697,1547,351,1029,12,2382,775,215,1034
26,459,2102,931,47,2,270,282,3759,145,1684,2574,102,731,161,4320,440,146,1028,574
1663,69,1239,1375,3953,130,851,167,235,4079,1933,3871,1173,407,791,1021,800,608,295,698
2172,471,394,1071,59,793,423,0,425,1040,1566,386,3808,488,453,304,298,2444,1842,577
1771,1753,242,1656,164,992,503,776,99,221,1055,3627,1288,0,652,3234,1702,169,2822,1247
29,517,537,651,1124,2048,121,512,21,1,197,1485,343,304,725,267,45,379,2048,652
3373,2060,24,0,1105,174,1037,741,880,533,1564,1458,557,437,3525,314,4633,474,3328,2125
