-0.9487538686504918,-0.0038626302616538745,1.003040599298578,0.8521834404052014
672,552,26,149,1110,1208,1265,138,310,1781,623,903,940,928,124,41710,305,433,710,826
3390,1037,314,202,1942,164,110,299,151,407,129,291,404,103,214,131,509,1040,999,1562
12,855,509,663,1390,294,11622,1015,389,213,1431,245,413,920,675,990,772,1268,2329,645
26,1121,263,481,277,1195,568,174,524,165,692,831,351,552,15,746,297,434,80,735
790,275,131,683,321,89,93,219,716,288,2022,72,250,319,648,2047,1578,602,594,286
494,493,572,866,975,578,134,570,409,1501,2744,933,1848,563,2407,502,602,432,99,448
1480,295,1646,162,8840,445,200,607,2113,356,689,678,159,54,414,763,405,1028,1387,1400
792,522,389,1466,709,251,1764,641,332,1020,1058,1045,377,361,441,726,0,790,268,1121
277,322,0,655,679,80,194,980,244,415,895,684,502,1368,609,459,199,1477,857,783
209,10288,51,2871,1127,1151,1042,478,1356,211,966,1324,819,271,849,788,1129,233,528,957
924,339,94,293,429,669,117,1377,258,1174,442,660,229,460,381,448,943,379,430,463
74,472,713,899,504,587,673,135,303,377,551,244,770,144,754,318,1286,1324,899,11970
1174,1155,156,1050,594,150,279,755,873,586,176,476,1110,532,950,730,588,656,3668,1041
194,530,41,204,385,673,1119,165,1074,228,1506,100,1094,1186,30,1323,1188,747,745,462
234,824,433,861,1460,1387,310,297,109,92,460,587,321,656,595,1331,493,154,1063,666
873,550,1622,436,1221,577,1617,519,443,1316,134,1741,624,1211,736,85,1583,895,735,597
490,226,807,582,1417,445,948,3018,160,281,435,594,41,451,371,10,740,491,315,335
139,343,490,1878,592,151,346,638,245,354,188,513,1011,11,520,188,1263,258,0,191
20024,470,575,893,1007,819,45,240,18,489,1183,705,240,490,377,721,308,12,496,1488
1000,5321,491,740,535,624,219,696,1262,635,1321,2292,740,10703,264,0,574,19,957,538
