-0.5691059991110242,-0.002090803508508448,0.9625565314509787,0.8938455314672985
333,536,1523,486,497,104,576,1099,1240,693,621,352,0,589,414,1311,907,121,743,628
844,809,629,693,523,620,958,657,1846,651,209,1770,487,499,541,930,311,1091,718,663
1395,120,1448,339,764,454,555,370,2056,411,581,430,828,148,722,501,369,420,1053,58258
80,655,361,569,1102,1098,779,899,1225,672,934,742,410,1126,570,1233,924,463,468,607
677,677,1028,541,760,224,1137,0,2212,1301,1041,1034,377,357,529,292,1112,876,860,571
421,942,1043,994,1088,1164,614,529,716,322,983,821,410,537,728,2812,2449,997,455,921
74,195,459,491,521,1403,1147,472,1198,698,559,300,915,664,233,615,1286,281,473,1057
1192,110,979,810,840,637,854,969,1059,224,270,998,463,861,312,0,203,460,1163,596
1193,1114,685,0,1092,587,1230,840,1239,686,844,1584,917,900,877,737,1224,1132,655,1111
460,344,358,610,453,990,1194,637,2234,467,829,871,1973,602,1030,708,1988,642,2123,1052
1432,1255,1915,591,1477,726,926,151,965,553,1457,322,755,558,607,433,779,618,992,358
1065,29,1119,815,876,337,550,422,590,1490,864,621,473,656,868,128,1201,743,849,725
712,832,589,323,799,664,1279,1509,595,997,2831,739,1132,734,68,1501,1110,858,1510,167
550,1001,835,800,635,2488,445,1073,321,1246,469,1976,455,1324,758,1422,35,446,326,293
156,1189,641,1015,873,614,1092,577,843,502,689,759,433,821,534,187,328,736,554,476
985,1313,1413,1144,646,806,601,0,1187,807,403,1826,814,231,765,884,271,1339,1174,380
172,643,1661,1322,961,704,1010,1021,487,1061,396,1490,540,652,929,245,479,843,714,508
1280,1335,784,1201,764,1363,1083,830,812,993,906,497,640,572,592,653,286,1009,301,1047
566,822,713,1101,644,739,372,953,444,1296,573,868,2054,381,588,724,704,328,508,676
1273,955,581,1464,0,1043,739,963,260,230,1047,923,638,874,431,935,769,794,735,1022
