-1.3744804161843753,0.002466003751764513,1.0426199952873787,0.8463469377271315
35686,520,50,4456,782,1155,88,157,766,914,4504,194,296,2822,1938,181,902,40,651,5125
238,36,356,959,774,1768,23,72,492,74,210,60,164,332,1523,504,1490,1180,312,0
12703,1633,75,1161,113,1079,461,885,468,1001,178,0,927,32,948,1956,1164,7,1120,1840
338,14,5,3075,7,1686,51,27,368,986,53,6320,201,364,237,3781,237,451,3631,7474
179,3030,835,433,2053,676,321,270,0,1832,1448,810,29,655,8,1665,2733,76,411,1068
367,20,656,1350,1856,0,3440,843,130,453,68,437,11,724,596,3422,42,749,610,885
634,142,78,1722,1100,862,1,1559,963,713,362,382,313,7,3996,532,197,4328,1342,49
1799,747,1149,1216,1880,37,309,95,1133,2847,63,2221,482,503,261,2001,828,80,230,363
1463,2548,295,263,751,2074,313,1042,711,4128,755,1109,531,69,6,6505,0,1117,725,659
455,1024,835,65,205,207,13,435,663,250,0,2723,555,1387,2549,383,0,327,97,62
74,745,1178,262,683,589,848,601,0,1068,305,48,475,358,528,1,115,73,133,664
331,294,668,2296,306,585,0,298,1466,0,98,2600,28,180,512,277,197,834,152,713
115,1936,1708,330,82,32,745,44,240,247,104,992,589,557,371,556,826,78,45,2
565,131,566,1781,4127,3,198,776,145,6,46,39,461,176,446,511,58,10,230,69
35,1300,182,216,656,390,69,130,737,88,1114,885,983,3504,90,37,316,735,371,1217
638,26,1302,95,1060,413,71,326,48,354,446,553,30,711,108,151,276,635,997,98
942,1715,364,100,431,325,0,142,2970,368,136,0,844,707,15,3,528,1391,779,37
1453,131,0,4867,2354,152,93,340,208,442,261,0,1216,418,226,310,1907,516,1800,2557
1471,117,1935,110,451,257,77,15,379,419,2757,425,2465,483,7,1259,75,6228,1395,784
1928,886,395,2193,1256,1482,1387,69,0,40,805,13240,582,285,163,2550,478,992,1687,6944
