-1.505675590284256,0.0482592512135501,0.8972398152387998,0.9039670236949655
13,2526,3448,1899,416,556,1645,164,87,773,80,4,2093,0,557,1323,252,6,758,3573
103,1986,912,1114,1858,218,642,161,2137,0,694,608,376,113,5,218,1575,5389,18,3325
52,762,2281,1,336,4,1481,1337,1778,145,120,882,729,389,1636,945,1120,1969,1760,1114
409,344,0,1,1925,158,58,1678,473,32,3563,2196,1796,620,3626,1,28,152,12,268
891,265,31,688,1,390,1011,43,878,827,1735,1,1035,3403,2,1204,596,8,1004,426
161,324,529,339,580,9,1758,1618,45,81,849,2323,2792,2048,691,104,41,3,3472,492
1095,1629,673,495,590,329,705,1105,957,917,450,240,2453,1266,907,3205,4,2297,1355,2299
85,1268,1565,4,558,249,25,251,1373,594,1162,1486,191,265,1,4,2644,2458,649,516
1218,889,905,641,2,48,43,63,483,736,95,174,20,808,2471,4400,1,2478,2258,2626
124,1039,155,3134,113,1,198,77,343,124,1,333,1064,315,6368,500,2433,0,678,348
7,98,41,1905,479,317,13,2581,9,769,1689,124,6,607,6503,6145,1969,2098,9,241
176,130,2172,148,357,904,1882,1043,118,839,500,1742,224,402,4637,4148,5975,1154,1715,5019
61,587,46,1624,25,461,92,737,638,351,1209,1,1309,2742,645,1967,4072,0,788,2075
348,485,428,1670,2225,1738,294,1776,0,982,1,207,0,849,1,450,1329,1385,71,2580
2412,195,365,10,365,141,157,255,466,34,1,57,2262,207,458,2057,2723,1424,256,940
956,1,2,401,1472,471,1309,930,115,638,3,666,129,2851,384,1318,448,440,3987,22
282,802,296,567,1549,543,699,2491,42,2339,173,227,580,2610,1671,2273,1308,2231,256,1057
583,735,789,1115,875,169,508,417,1242,833,342,399,1322,1948,1294,1482,2734,2534,392,1155
591,74,1,1200,42,187,11,1683,241,1186,1368,1418,598,160,107,3211,1930,2100,459,40
541,50,514,23,316,641,316,1580,776,918,37,5,650,1142,600,2981,1580,4291,336,83
