-0.9539121204832969,0.008262198292590315,1.0497449511861652,0.9161869535683814
24663,2763,2085,418,531,684,209,2078,923,1236,1074,605,178,612,2453,1278,2053,1006,1475,9382
1555,1608,1368,36,562,606,1301,2407,260,489,526,438,29,0,2156,673,1502,1108,1510,1512
102,4149,2217,343,938,125,1439,1310,559,433,403,1988,1666,405,138,386,591,873,445,969
253,2954,643,1060,682,963,802,647,94,809,316,905,487,948,1613,1753,488,1594,1970,792
2603,167,401,413,560,272,2166,1035,61,186,548,283,3179,160,855,358,1853,1691,548,291
439,775,41,1353,10,1204,187,1028,820,192,189,0,313,356,72,838,743,603,734,1592
564,714,766,311,111,408,1912,849,1094,416,84,1767,2473,492,1,32,1561,172,178,982
283,445,948,795,64,439,571,366,471,333,347,345,683,340,1209,1143,446,2439,1708,806
395,969,1075,743,0,1792,882,900,37,436,1388,158,1403,263,726,1227,14,103,1227,357
665,490,974,493,1271,589,270,490,158,361,260,115,426,1555,431,987,624,473,498,301
528,429,1209,22,0,597,2391,212,370,49,1221,325,627,967,1021,64,1082,228,1652,2282
936,1837,1073,847,371,67,962,834,30,778,761,775,5,1229,288,74,330,911,268,787
315,525,1448,1430,719,1188,1008,843,310,255,906,2184,179,703,773,620,254,181,1382,591
1131,817,2539,850,555,520,971,641,324,1358,1012,165,1699,516,904,222,1872,1279,388,156
3058,280,42,2890,586,853,544,1024,787,523,295,331,573,220,1191,1010,421,2429,744,377
895,1910,437,0,12,2060,916,625,237,175,876,813,4,1335,755,1113,757,1225,0,53
679,634,849,427,1300,776,40,1934,783,1266,719,683,1182,969,2334,1289,78,1080,1816,1562
232,1810,231,215,374,1144,1629,1657,977,844,1330,218,104,379,645,1504,3370,609,828,1944
863,1078,1967,508,2920,665,1019,437,751,429,248,620,487,2354,1447,747,983,708,4094,2309
4894,2923,1578,36,2376,345,488,565,821,994,1104,82,905,119,27,790,6701,1284,3,3323
