-0.568245079083595,0.01555278931702806,0.9996476370593904,0.966908516784253
975,1963,3244,1534,716,1567,1052,1349,1194,1401,1724,810,1366,1411,1487,733,1787,2063,1017,12239
605,894,1167,1269,866,426,872,1262,1072,842,337,887,2629,1456,961,1645,218,1268,1072,1946
1762,39,278,1499,853,670,1058,1770,760,542,553,430,947,1258,871,172,826,1383,915,1006
1105,1283,475,1151,612,1190,1904,584,832,615,403,647,228,847,467,631,716,1266,1452,1112
1322,707,1964,827,1274,1303,976,1589,476,599,210,1444,652,674,520,188,1409,474,1215,2135
985,940,791,2331,411,534,1105,1477,170,901,1002,615,974,658,578,362,1152,1252,302,980
847,1051,775,508,58,385,1062,410,473,501,610,282,1240,983,452,572,1332,766,1286,772
566,979,698,1271,832,565,727,262,414,338,1043,881,787,1452,645,768,823,1404,710,1694
3806,1060,2091,644,631,2593,280,612,433,1244,659,528,1501,628,659,589,440,422,68,1421
1582,1677,1644,1392,1104,552,375,384,151,651,1130,814,626,1025,1385,840,973,384,83,513
1520,24,716,250,769,585,326,645,865,469,670,617,1065,1466,376,1067,514,131,1030,499
873,812,503,370,389,1050,571,767,821,484,1929,1119,507,1170,545,527,1355,285,11,748
821,1021,752,650,930,430,1967,759,1043,110,284,751,1507,686,584,905,908,648,967,1475
344,1264,1836,539,1458,297,717,398,500,353,585,563,511,1698,652,560,988,1205,560,543
1258,789,514,1114,727,400,467,278,312,407,777,774,386,835,953,1035,1344,890,1256,2029
544,392,1086,938,205,880,702,693,720,667,933,262,1005,518,1175,830,694,1422,648,520
1297,2067,1338,485,1183,1486,1642,787,828,2155,630,563,318,594,384,849,732,887,1675,969
2037,1686,1170,253,633,851,931,817,1673,1381,650,753,1057,463,1008,1274,668,1481,624,3353
1320,1602,756,827,1843,342,763,762,1221,936,1548,752,1186,509,1418,961,646,1817,1466,1743
1021,1292,1036,665,1987,609,1099,748,603,1558,1082,910,1153,959,1746,1611,1156,507,1876,1770
