-1.436990365642428,-0.0041823784608108275,0.8930733473671573,0.8503412461978347
64,510,607,1606,833,588,1177,163,854,6,1803,179,719,37,4273,363,143,87,221,85
3037,657,663,567,206,316,73,494,1254,22,1159,268,116,436,751,206,316,833,1694,479
975,617,485,431,1319,7748,595,114,3261,309,35,486,493,1336,1020,189,165,27,372,1684
282,60,107,477,264,0,520,1620,99,790,167,5283,255,16,2718,1147,389,1951,561,604
140,289,108,54,4390,1353,74,86,191,31,322,697,1034,125,1208,319,1038,219,185,0
67,68,977,13784,20,255,753,110,812,16,160,33,348,71,3,343,1109,78,2537,3672
360,205,463,286,647,105,4,662,347,53,452,1865,11,712,1181,3620,161,164,387,326
1343,1148,1362,431,0,1078,11530,105,719,33,5832,350,81,464,5,143,594,383,2353,348
400,1,1720,4165,423,324,214,23,224,7605,235,386,1363,1559,3851,1628,2235,1388,76,742
2314,1935,145,5050,0,134,6691,3364,244,211,1114,41,3,1803,688,3,42,178,129,187
141,551,446,820,94,674,127,3100,121,195,59,41,138,812,20,1298,62,301,701,182
33,790,149,629,109,3767,1171,11,9,2831,408,639,0,499,268,588,246,69,245,238
1191,383,319,828,319,754,955,49,3610,474,4,1612,5,8207,115,158,1301,383,109,1325
67,2236,3027,14246,1289,137,35,190,1751,166,4055,4225,0,1116,582,146,576,1990,10,96
98,28,861,837,3294,1576,374,303,0,439,985,358,2153,138,1127,118,1556,69,487,753
104,371,38,192,192,1484,97,512,887,510,152,2551,362,79,150,5547,213,34,105,0
467,0,650,649,84,177,48,0,134,110,222,102,1871,176,537,112,2249,86,625,84
1055,411,93,1933,1842,437,1007,845,926,115,307,18,3625,87,6046,395,10081,74,31,1717
10,416,1970,91,216,740,574,269,270,4732,1519,576,44,78,72,1214,294,196,197,258
988,8138,4887,1013,736,605,928,402,2978,71,2828,90,499,933,452,395,5503,73,4,69
