-1.1907608372395055,0.052932762948090954,0.8108417249471149,0.8995652089076591
816,3072,376,616,660,247,460,1363,1643,290,653,601,504,1141,754,1715,1779,437,664,86
1449,358,675,74,353,63,1967,839,306,924,0,432,159,92,123,319,77,570,1343,291
1132,858,0,504,1236,46,1812,1401,342,255,29,58,623,671,23,552,424,724,314,2278
259,273,1276,198,677,288,383,512,3781,0,200,362,0,1337,369,893,432,78,308,188
36,37,872,900,745,2021,181,1,522,1065,142,695,319,978,888,153,2052,459,568,84
333,873,677,149,41,926,99,175,1247,8,557,292,243,525,51,60,207,423,5,810
605,313,4217,596,1343,28,551,465,91,202,795,1485,547,82,555,95,748,55,584,6
968,61,1957,599,1,898,728,1297,107,125,580,1592,195,586,33,623,272,8,2433,2640
68,211,1981,1152,1810,195,2690,941,2681,2210,1716,474,2405,90,950,404,557,643,2227,150
1272,1607,1050,637,277,3108,150,4550,2526,5695,3938,2932,259,101,163,1533,1478,878,379,1135
1236,127,0,809,1066,1240,1519,3293,1972,3317,8082,794,6310,1199,1359,231,587,524,408,1295
612,746,94,29,809,209,3679,40,338,12017,6914,4278,1240,2499,683,1589,132,164,912,174
1795,1186,395,55,135,2192,2042,0,6945,11404,1128,579,4715,2217,1817,159,702,257,1134,394
467,729,4037,470,1124,175,1248,1310,291,1192,543,1425,125,572,117,149,384,14,22,945
711,1364,257,10,587,15,580,37,1117,507,1081,322,726,41,592,2,220,248,63,1554
1274,276,1368,29,853,279,714,611,192,342,1034,785,1654,305,574,827,623,340,1582,1397
516,2728,4170,12,1064,664,2114,2018,275,804,2105,345,900,1169,50,432,142,721,2559,775
34,595,3869,1536,431,504,1349,1152,616,2385,447,1637,100,1032,233,1948,1726,1813,1346,277
1268,3031,298,1263,102,214,112,492,735,192,2960,1077,372,735,1167,643,640,651,1276,72
147,607,213,302,1234,37,371,164,77,581,3,1706,821,169,1018,664,225,83,346,294
