-1.9176568100429572,0.010666197049466088,0.8437655100101217,0.8476984428414426
1127,54,4175,109,3198,5,414,155,1700,6,575,1996,265,281,198,425,888,2071,3,236
455,190,2062,63,1280,1653,1684,450,490,1624,390,129,10,49,0,1374,115,5,4562,498
1107,1628,1,392,93,404,2431,1281,118,1,4061,1660,348,247,865,28,6,310,2,734
24,4,257,3471,3,33,1968,76,102,266,43,500,2,5,1354,1299,8,72,1665,1
1456,790,1743,341,11260,1014,8,13,68,287,360,763,1952,2212,10,211,548,1304,6,1937
1,147,111,6,409,1177,1,1440,286,100,67,768,239,2,0,218,5,1,2376,131
3,887,1377,73,9028,9960,10,4790,1218,4592,224,175,142,2287,1580,14,12,522,1928,67
1396,2219,4085,652,49,2176,9783,4966,1,53,1416,13,56,24,905,1986,32,1275,420,5
2121,2344,530,1,1677,5,23,502,256,953,3116,273,161,1834,45,64,1370,468,1131,559
560,1055,1834,3592,92,5757,42,141,1033,5,2055,2,321,71,0,1093,67,44,352,1
4335,65,1,1312,9,1315,1348,26,2735,239,1,373,775,8,2738,3,244,637,611,739
1108,104,624,81,1,70,274,47,1,6309,3431,187,1013,1038,161,641,790,48,160,684
13,383,3276,900,59,151,955,341,755,9790,5085,1137,14,484,2072,114,108,180,106,1
918,229,103,4529,5989,3977,229,244,865,81,477,26,42,360,1611,19,6213,2326,54,981
72,88,1960,12590,7,1376,720,37,2453,1433,643,1068,3936,157,6002,45,335,5,372,1509
8,1002,63,52,450,1365,47,1105,433,633,122,151,557,6,1472,25,20,41,3491,0
504,383,2189,1,235,693,54,2341,5,2141,532,559,969,1,286,1,4,416,121,2
130,84,5,377,1839,2,4686,192,5425,1,1140,681,11,1,185,2117,1930,6,4,887
1945,206,233,65,332,159,186,276,389,636,1267,1438,537,33,1201,1186,342,185,389,182
22,737,353,1886,376,1651,28,3281,2310,8,22,252,264,87,392,13,415,1,1212,1116
