-1.437432405390227,0.053454792091496395,0.8971418961332321,0.8983250191441118
543,1087,1274,644,475,933,763,1218,644,923,2994,2516,873,751,810,25,1332,334,4140,2030
40,1467,2241,46,184,1172,1925,6,470,218,403,2500,3745,959,10,35,2017,74,128,748
80,732,1429,381,295,109,300,1477,673,121,2798,1283,175,90,708,2075,860,348,1516,3188
227,122,800,321,6,1052,317,370,842,57,226,284,9,588,205,1,1142,104,2787,6
624,552,395,13,521,783,568,559,230,377,413,1406,1771,189,485,343,478,1108,1162,1455
1226,1688,17,76,105,0,610,627,1,55,312,1,262,1431,2731,1190,0,767,227,1173
977,69,56,85,512,331,289,22,298,194,10,22,2203,1130,257,1,79,2055,577,215
0,310,357,148,599,1703,828,378,16,3,3177,860,627,45,98,1614,1614,1479,1480,1877
113,2088,1035,0,0,243,88,1522,582,1193,2051,360,124,776,612,1993,2,513,733,229
101,258,903,879,1187,35,86,62,40,82,712,415,322,1690,3472,3387,0,18,408,20
1606,64,1848,68,2874,0,79,1461,1739,494,159,932,945,34,8657,4570,8890,5913,6166,1117
34,1397,173,1850,1261,978,420,1498,368,737,572,15,1158,1721,2506,7319,1531,146,286,20
251,1022,101,1533,42,289,148,1368,3,76,1167,1286,143,2,12,2960,4452,857,2260,2985
2021,23,754,52,118,441,112,2423,313,598,1079,656,11,693,17,3891,3501,3789,2036,2366
2102,30,1159,1353,1041,2537,933,36,453,468,1,337,727,273,307,82,4065,3782,600,1047
1275,78,790,36,6,290,1411,203,486,3021,319,3100,622,1851,108,803,2223,371,1824,13
978,405,171,784,845,461,589,478,879,1637,111,791,776,413,2510,2769,2299,1293,3835,1055
684,1933,73,82,150,488,1814,0,984,224,657,525,754,629,75,2087,1251,1,497,1548
556,31,1,2,69,1,1562,131,14,898,1079,445,1358,685,2813,3620,8,219,1484,308
88,838,842,949,171,2305,3029,2323,511,193,2270,24,2878,78,1413,4434,2711,8,1405,22
