-2.102611773336566,-6.50454817248266E-4,0.9521236377754949,0.8632741541878889
2248,9123,3330,7,22,3,5328,357,579,8,4,1,66,108,467,3,1,2333,2,284
90,15,1122,813,1511,5,740,1,7,30,4002,47,743,1205,1079,3783,7017,2958,72,60
263,3439,2234,785,82,307,1315,388,132,1,1,1209,3,10,3,72,1420,3,83,451
400,7,1,277,1,60,32,373,3776,756,14,68,3049,29,1788,2329,1801,1797,1,1287
20,4,4863,40,1761,2079,46,990,4,125,259,444,746,1403,6,1911,19,602,422,1000
206,6302,1080,3,12,2081,37,3,218,4,13,3,5853,6,0,1,327,2572,1,1014
307,627,2961,4,637,2493,83,3456,218,6,535,239,3731,1697,3342,1299,946,61,1402,819
2427,5289,3,157,307,1,1,35,831,3832,35,1524,2036,2258,492,5413,1882,4,1081,1504
2350,4301,9,876,1157,323,592,1,817,649,1,2897,792,802,18,582,2502,24,46,1246
1,840,3059,203,1,364,928,30,701,259,1112,91,2198,1049,342,226,1141,313,17,391
1536,1286,314,45,2,68,1584,42,3,2402,301,1870,1167,2818,2292,1121,349,849,12,37
1137,240,159,955,274,1044,26,6,403,1,1,8,103,715,2219,3966,4,322,628,8646
6,425,223,149,1,229,3612,1,141,3045,2049,281,14,146,472,19,1,245,58,1
3262,65,638,922,1643,4,321,899,11,809,1055,294,242,3724,313,111,13,926,4707,2831
156,104,1727,3219,22,1,2280,773,1253,8,844,826,4995,267,1198,1,1363,3826,1395,649
1361,83,2244,1,800,40,1,1254,749,171,16,130,1,167,49,376,2170,28,4478,1
6217,316,235,3,797,221,1615,2396,18,1,8,1,4087,38,2466,2,2494,1916,6,283
1065,2808,1425,895,622,136,2801,593,227,61,70,2298,13,3,3919,1548,4998,189,1,1
1525,73,5033,2047,6,935,489,904,2575,28,157,998,1351,3223,1502,86,281,53,3,1
193,1594,100,1190,235,1953,558,435,381,909,2,31,1676,5,3,576,145,1,4,473
