-1.3799775127943585,0.04583187951084289,0.809313639002276,0.9028472870037653
529,516,1020,162,12,110,37,4,135,306,1671,1543,863,685,2047,221,436,460,459,37
196,94,724,211,418,429,411,1283,325,21,5,11,166,246,1011,272,374,386,1903,181
43,14,451,2,45,72,168,244,231,465,314,1846,973,1829,133,12,356,344,72,722
321,403,430,82,293,2213,453,118,24,575,268,680,712,1062,18,352,799,532,1894,2218
1392,287,56,21,814,587,961,32,1759,28,533,1411,0,406,215,115,1154,671,3069,135
1226,3,276,6,597,193,484,2291,2704,163,322,9,12,946,145,409,1285,429,152,22
1060,1847,119,537,5,415,377,772,3390,3072,633,7,1489,1911,3777,1,394,1465,413,6
55,59,399,2109,9,1756,8,10,589,1136,1992,157,265,1599,610,2809,157,115,1129,2823
1045,2069,43,972,697,492,208,4192,1498,485,526,3551,1542,110,3356,6,1508,1559,125,1114
278,369,644,883,468,41,1204,2872,2743,363,1006,383,5,1627,3789,650,578,2086,1241,239
23,194,1200,124,221,362,1094,2336,2871,277,1481,8990,3484,610,2006,774,559,62,53,650
35,1002,764,619,73,7,352,1218,3666,2069,2411,3892,3876,1428,2831,1072,3211,0,197,9
1162,236,760,0,1697,715,1830,1686,2512,2445,1009,4312,1866,879,4769,3612,1415,1609,4507,324
188,0,1750,797,2469,589,322,142,1107,307,2185,827,600,2864,488,5348,4166,681,1255,543
1,2375,1,140,55,76,1603,636,2007,388,2622,6559,1023,279,1381,3697,6,8,246,915
1380,904,1847,1575,624,564,118,2629,840,214,574,2889,875,959,362,765,328,558,5169,864
3702,672,534,854,535,941,533,718,586,28,112,334,873,4629,28,0,2,1704,1615,461
85,39,801,21,417,195,898,773,661,2152,2126,415,54,532,653,158,925,147,594,1
2097,105,172,2530,210,521,93,0,1,172,367,966,47,1204,471,737,1145,825,1453,303
94,3806,341,492,712,455,3191,2653,343,678,440,1907,1843,1453,246,4,394,164,1832,351
