-2.035688990218687,-0.0010221491549777045,0.9459747435851705,0.8669599238403117
2248,6449,3330,771,22,3,5329,357,365,8,4,1,36,251,467,49,1,1728,2,233
173,13,1122,0,1511,3,616,1,12,30,4247,3319,115,7,1557,3783,6995,3100,72,60
263,3390,1873,793,3,305,1066,388,160,1,1,46,3,11,4,72,1420,3,369,2565
433,5,1,1134,1,50,34,69,3776,756,14,1,3062,29,436,2336,1801,1809,1,1287
15,5,4863,40,989,2080,10,990,4,314,259,444,231,1390,15,1911,19,602,422,860
843,2976,434,14,0,2081,1,3,218,776,1,371,672,2388,0,1,201,2572,2,1075
526,636,2961,4,3963,2724,113,3211,248,4,408,239,1227,1903,3342,2537,946,95,5681,499
2435,5289,3,782,101,1,1,35,831,3354,2405,1524,2132,2191,508,5413,2784,4,847,1504
2350,4301,9,866,633,323,580,1,817,684,250,2678,820,802,18,436,2548,24,82,0
1,704,3059,203,525,364,856,30,711,325,1059,84,2189,3637,136,409,857,234,17,563
1536,1330,314,44,2,35,1584,39,118,2402,301,1849,1393,2833,2535,1064,289,1691,12,75
1013,240,159,955,241,952,20,6,130,1,1,211,32,328,2239,3431,13,1110,628,8646
6,1074,223,2731,1,2,3616,468,68,1344,2049,281,14,380,472,19,154,257,69,1
3216,65,638,785,1790,6,321,771,84,809,1024,236,0,3704,392,111,4,0,4831,1671
1,94,1756,3216,18,1,1439,342,1070,8,863,542,4993,267,1366,137,766,4054,1335,0
1365,52,5046,1,1104,40,68,1254,749,250,6,161,1630,302,91,310,2170,28,4478,5
4549,316,297,3,569,221,1615,1403,1,1,8,1,4087,122,1909,4,2275,2175,6,425
442,2808,1254,797,670,416,2801,593,113,61,70,2298,13,3,3985,1548,5194,190,1,47
1525,73,3332,0,6,48,489,904,3237,0,157,856,1351,841,1036,85,281,53,1,1
224,213,3,1200,1480,1668,558,531,768,909,2,303,3361,5,3,576,145,1,3,2977
