-1.2207175282566622,5.450853248199683E-4,0.9640010907862642,0.8523653119350706
4,137,406,683,397,184,9381,667,355,941,121,78,0,324,2384,10058,634,260,16,784
36,825,1258,756,659,134,1404,108,2540,845,177,1008,643,24,293,173,1589,160,36,892
480,518,1367,22,509,20,2229,878,755,1962,312,2244,809,550,35,912,6574,59,464,1202
132,223,492,593,1142,1464,442,0,270,408,1647,5,60,335,2787,0,499,1346,148,847
452,252,570,160,148,980,148,9889,1270,1857,186,277,1201,24,130,3914,1745,478,18630,34
155,233,606,309,303,1128,2027,0,115,1791,524,1637,353,760,1241,433,1433,608,1571,325
2100,483,753,501,2823,0,152,516,560,472,143,93,284,2008,534,645,10,597,1937,241
112,163,145,161,586,1065,860,1665,931,124,1536,1938,84,174,361,774,49,259,383,940
640,320,816,1535,2783,509,202,350,817,90,1087,23,7,532,3309,1105,593,40,194,0
82,593,1010,282,227,1616,220,171,716,268,1115,95,1572,1548,609,1139,2213,2576,45,211
367,25,848,327,16,570,2024,59,1554,1774,764,76,2385,417,1451,792,1074,793,1114,1048
491,157,27,93,192,519,132,274,1782,20,1274,1036,107,169,374,329,2615,826,508,551
3,316,804,39,307,213,632,307,863,353,1104,526,539,337,382,625,615,63,190,484
1710,163,151,461,266,1920,623,267,112,221,715,566,222,528,787,0,683,1366,445,1026
1736,1101,148,409,236,10,268,0,1547,898,593,1033,179,885,367,45,160,1135,271,686
1309,1560,392,257,260,691,1035,835,254,2062,1477,185,514,127,5304,1403,423,134,236,749
1296,1538,1098,767,565,470,291,4,261,632,153,430,177,403,200,670,102,392,9854,1518
187,737,1400,550,134,1791,238,2179,183,388,19,7,47,92,3121,513,95,624,44,78
121,48,2806,609,1848,556,306,2241,836,632,1427,318,622,226,319,2417,597,98,2122,1232
269,152,338,1200,181,2125,16,445,374,301,2,7401,284,16412,155,233,25082,742,1097,298
