-1.3287841306434065,0.037755130733646274,0.8004241361957698,0.9130942072284641
935,552,998,92,47,1424,1051,0,334,876,5,242,1981,699,206,374,778,74,5,3
436,56,33,504,181,478,40,2582,111,385,10,611,1201,732,701,326,696,484,2,337
127,74,59,186,1317,1156,950,58,4,1308,340,1499,38,1150,694,375,31,1377,90,1600
280,2791,518,63,1118,570,1113,110,521,2383,2589,473,724,1754,2023,6,947,688,1316,127
1507,10,2143,3758,134,728,83,463,805,743,16,765,4333,676,3,461,70,1351,521,46
1304,3146,109,53,152,291,1,2158,1748,1266,516,1928,1,669,2387,2633,461,1117,3353,2676
26,482,102,115,23,847,2836,400,1703,91,434,1985,849,3147,3149,1553,868,230,114,706
183,132,927,1642,225,219,574,142,694,607,2312,1573,39,3737,2052,1240,1597,164,727,43
709,90,257,1299,597,3294,97,3698,1029,1644,2129,19,1927,36,3767,1432,612,3113,36,1207
52,1,462,2243,2476,214,1646,2880,1452,1194,2533,651,1486,51,1378,681,1935,1255,64,215
1132,1126,832,241,1156,57,174,1549,3896,615,3554,2030,2123,117,1068,914,639,988,121,42
247,310,2884,1982,1003,1577,505,1083,2009,2691,4769,4718,3024,573,2525,243,357,1888,1330,651
200,1547,1194,1630,1920,136,2037,1946,6350,814,6213,3413,2780,2123,1384,11,2656,319,1584,86
293,2266,526,386,30,488,1450,811,1035,488,735,345,453,209,1596,1641,0,3560,8,1123
479,114,358,280,17,317,3417,1494,2705,1448,2229,25,2543,37,2183,243,1861,4,175,1041
1053,735,39,13,37,552,345,508,2016,826,1544,309,1029,292,73,148,597,73,644,50
586,0,695,663,188,52,2113,555,615,388,42,2027,36,2111,1303,2497,1874,470,229,1403
31,1,11,1627,46,1427,433,1670,505,45,9,2628,2936,398,1180,807,77,98,2269,300
1668,97,177,2135,272,522,696,52,29,146,324,1975,2124,2421,1244,347,905,223,777,99
338,1216,803,275,125,201,500,301,78,127,39,194,2,1717,992,759,139,515,174,227
