-1.6615455373251569,0.05270164903368142,0.9029827784668235,0.8886945730956196
581,1180,2491,918,601,212,1431,1095,844,340,3068,1,873,880,993,243,2461,1168,3724,1960
316,961,2428,231,51,338,2705,71,675,59,750,2699,3029,75,27,148,869,542,54,1419
1,715,1234,39,230,102,237,1376,529,138,493,1079,3909,232,1011,2734,349,2690,1978,3185
4,185,1822,20,5,369,205,481,949,263,25,354,13,277,214,2,1089,104,2791,125
1088,1,521,161,370,2562,1604,584,54,1,483,198,1348,1807,407,343,613,2366,1549,1833
899,2871,1,944,106,725,157,606,1,70,346,1,0,1014,1825,807,198,950,149,1020
827,324,12,85,580,312,1,180,414,283,53,1,2267,1130,39,32,1,1755,1641,1265
8,150,284,148,530,411,1037,185,14,15,3145,2444,662,10,71,1520,2556,1749,1406,2698
85,2081,985,1924,0,373,103,133,455,1180,2016,23,628,56,165,1677,2,2,1508,222
129,215,878,1191,5,39,1069,1,21,1,774,498,14,1310,4605,3379,0,11,283,16
1084,152,1890,36,2643,1623,1,65,1824,505,339,1387,1510,329,5930,4924,8355,3354,5185,624
72,193,21,1395,1261,464,1325,1327,561,1178,593,15,912,1822,3201,7344,2487,258,286,22
243,822,141,1818,65,6,343,598,8,76,1120,148,72,58,20,5551,4452,9,2148,2814
281,5,1020,143,181,368,113,2161,232,533,1,143,13,360,20,3889,3499,3352,2031,2416
3842,16,1257,1156,1166,2499,10,128,304,456,1,194,835,686,1014,82,5439,3782,784,1922
1095,945,42,67,602,262,70,534,152,2817,39,1908,323,2612,69,1224,906,235,1273,8
1144,402,1,1309,706,837,261,483,1146,1736,94,942,685,1523,2495,4706,484,989,3825,1035
684,171,457,2,76,570,1585,323,415,241,152,602,754,917,75,1219,2473,1,810,1903
566,36,1,13,55,1,1417,76,13,5785,301,443,1358,724,60,3656,8,197,1182,578
87,1459,194,631,124,1084,3734,868,114,83,2223,25,2587,21,1491,4315,2937,1,663,14
