-1.2839837377578318,0.05334614230096553,0.8885457062203884,0.9015987086253828
187,362,1475,592,121,27,331,526,1079,527,2592,1,413,704,391,83,2610,536,4384,1625
64,1815,1082,1246,946,681,2158,127,1188,85,621,0,2202,115,564,367,5,132,759,838
2141,448,309,146,239,60,146,52,1308,64,102,1519,431,123,425,1500,42,2286,1349,814
1334,110,476,208,429,316,221,1009,454,187,137,553,415,21,417,1812,377,221,1499,895
829,122,0,14,637,343,1010,950,355,128,1232,5,1884,1047,400,387,330,973,1807,3090
904,1711,1,1460,1387,2008,367,1585,311,333,338,1560,299,716,1033,207,0,345,920,98
1295,916,173,130,456,2323,1,31,455,304,57,1784,2186,1680,303,1583,92,1773,2661,902
417,313,680,700,96,562,619,13,167,21,3661,592,0,361,408,1200,3060,1472,693,1448
249,1269,241,1269,280,313,202,21,359,1336,3615,220,458,0,24,868,221,3,2747,1973
1776,65,3205,1474,57,52,32,31,211,941,1760,1894,17,1303,2733,3195,3235,737,1517,35
1651,126,939,44,176,690,122,2127,1498,606,1280,1507,25,5,7528,5264,8341,2064,5341,530
533,56,380,135,0,445,832,1456,694,774,388,99,1653,2993,3630,8102,1880,2280,215,925
2595,875,44,883,591,49,542,245,54,29,1294,1521,112,214,1555,5495,3755,7,1748,3282
288,4,1945,3313,484,53,547,855,41,200,17,535,653,102,985,2467,2500,2679,1305,2929
265,2077,782,28,1127,2878,493,1201,852,295,178,169,622,701,215,338,678,1685,1880,7042
443,466,0,951,618,367,388,774,22,107,582,760,410,1120,2961,280,369,454,32,84
664,1056,43,5,1091,967,30,152,1219,1228,494,931,36,1619,2601,4274,629,282,1448,1410
480,1255,476,284,1036,433,2058,134,888,446,229,292,858,859,127,1156,1145,494,595,1532
271,47,102,91,175,242,377,170,3245,4147,285,574,1238,507,234,4293,54,790,550,680
543,1024,169,461,349,2914,4139,999,704,250,3,22,2932,32,1105,4552,1202,74,304,227
