-1.7601787226725887,0.005290655835690548,0.8751216372764798,0.8498960329862973
652,569,235,1044,8,349,1450,271,1,244,711,424,10,689,3,670,1058,348,256,1
1926,539,1053,18,1270,1256,1063,483,167,2508,737,413,2191,1540,530,0,553,899,177,91
344,259,4,190,39,0,772,622,183,336,14,850,4,66,1522,87,57,72,212,1203
78,1,348,1203,137,359,3525,3565,480,1316,1,201,4,188,1446,6158,152,971,77,1452
1830,1427,73,10947,5363,340,29,32,1166,301,14,804,694,1252,62,405,1512,26,5,0
0,1518,1050,2226,926,968,197,2749,2101,12,1,11,761,419,3,21,1310,39,3399,275
12,103,955,648,50,170,25,1165,61,2546,1050,113,1529,666,1380,647,245,495,461,939
2143,536,0,398,479,4066,1341,383,9,813,4283,120,33,92,703,594,65,1146,416,2
3251,2248,563,1116,1712,8168,1287,1308,177,3634,261,0,1649,847,653,273,570,1881,231,948
794,345,40,1969,813,2587,7174,47,599,32,12038,10,2860,28,2,16,79,15,7,19
291,604,1,1154,169,1071,2646,94,1,206,22,148,1144,73,164,756,3,210,1280,138
109,22,56,1343,32,3883,6,507,172,1227,2960,602,792,2838,764,154,0,5,134,400
465,324,682,273,19,173,2095,162,709,13480,1332,3810,1801,134,3,187,11,165,58,45
1047,78,1168,8946,987,9,324,337,1093,6,154,1424,2314,360,3315,28,284,2964,760,549
1467,34,1882,10428,102,88,623,195,819,3113,137,700,111,1296,1,60,1573,125,574,921
2,0,67,407,219,334,21,20,150,78,856,442,434,1046,29,2997,1068,81,197,515
1414,7,1013,0,374,1397,194,14,2,2,277,164,1460,5,1693,165,2,1057,0,5824
6213,4368,520,120,136,219,3598,2,1409,1,37,418,47,0,7929,1722,2362,136,25,201
1218,2060,1074,506,50,1464,2174,1818,505,2185,3212,13,103,334,1165,1044,2,2520,23,159
160,8616,14,2706,3,2127,105,1893,3232,8,18,728,433,749,5,12,4173,187,16,451
