-0.3845351339915938,0.050444381748217734,0.898712690887576,0.9858200903266622
563,344,1233,705,1035,2170,989,580,910,665,775,592,782,1226,1237,1559,1242,704,1701,505
883,759,915,762,1069,479,592,1173,1021,1235,868,621,1806,1092,1305,1406,303,1259,722,1030
698,1120,474,925,863,528,768,1092,1009,705,1841,967,2069,835,1070,259,1393,1851,1586,1235
604,868,608,837,760,642,1329,478,1183,1060,1110,997,1243,1465,1278,1310,728,1105,769,729
1076,665,894,785,616,1201,1197,1218,1129,1000,1029,821,1248,1444,1147,1426,2166,2276,1117,331
852,729,878,763,1685,430,293,1028,1535,1629,1849,1838,1103,1812,1438,1586,432,1793,1049,1366
760,1176,1461,658,634,523,938,825,692,1768,830,1838,773,1993,1849,1144,1131,1699,1154,795
955,441,1449,919,1018,782,1066,1640,959,1413,772,1777,1298,1882,1048,1594,581,1074,1342,811
1826,680,1015,1004,1203,984,638,1182,1314,1652,1257,1173,1976,803,895,1227,1180,1833,716,836
817,1252,984,1808,287,510,722,1379,1154,1525,608,830,842,610,1312,502,980,851,1773,1607
698,1125,1033,474,374,1139,551,1083,1024,1359,866,1551,955,788,852,942,1353,1237,899,849
395,427,678,891,813,910,573,1140,1153,1029,1424,805,0,555,569,906,827,1120,1081,683
964,970,926,700,614,983,917,1132,1434,1067,515,2040,1051,626,1230,1304,506,702,673,889
875,533,538,401,656,973,979,1349,822,1250,625,1133,909,641,1859,392,793,545,1105,1282
636,786,1234,390,597,1238,641,1122,1119,774,430,978,428,1181,963,296,653,887,969,1344
1067,829,760,1267,1101,544,632,1006,1032,619,1550,571,1291,629,738,340,1181,941,1262,276
922,866,1038,1160,546,695,498,1044,685,832,494,914,1172,1240,898,535,1051,605,1137,1041
822,837,699,584,404,719,930,832,858,1044,827,1683,653,990,770,98,559,867,469,884
429,652,731,1083,259,721,427,326,1276,1256,447,847,2183,1019,446,787,876,566,545,447
553,1109,1316,1539,1218,497,1101,492,1044,474,1030,888,686,1347,1403,729,723,727,1247,390
