-1.183279687222526,0.04898734816510483,0.902643347666654,0.8941655971527375
2400,504,95,906,82,2814,302,24,395,662,210,604,133,225,504,442,5836,255,1828,1516
856,48,442,406,504,416,0,11,586,1795,13,435,594,1230,271,303,131,1335,1051,748
490,828,2683,298,592,1358,147,40,601,1231,71,246,54,449,965,71,488,1605,1357,662
98,256,638,1387,1217,122,392,228,152,539,177,818,29,465,921,2045,1006,644,53,302
260,688,1265,886,326,1118,878,489,873,295,18,478,90,480,502,279,383,247,485,532
1066,689,1214,2051,2,188,100,575,763,136,670,810,301,384,228,633,2251,21,2012,258
2431,1970,537,555,489,863,135,660,155,276,19,350,913,620,1743,537,963,159,1283,352
1364,1214,284,258,791,652,614,643,232,915,472,1526,633,10,771,1,597,1032,345,601
95,189,799,889,251,145,36,680,119,648,745,1160,2488,1659,2541,8486,497,623,1171,420
387,815,1662,382,5,505,71,291,1273,202,32,697,3030,182,1424,8352,237,115,31,819
164,749,278,143,1005,1274,57,293,738,2169,1553,111,677,0,5787,5500,10806,1366,698,2480
171,2603,475,350,2285,969,26,283,2573,665,593,422,2194,232,2699,1613,7641,4602,147,875
1130,1375,302,2364,312,439,18,584,832,510,1508,449,758,1435,1811,6480,5052,444,2926,6415
407,237,1037,829,75,238,373,3080,440,728,844,12,160,565,58,409,25,2331,4031,6213
767,1475,558,2733,99,133,192,1049,225,316,303,119,769,479,271,0,1950,1607,219,564
273,1416,1023,0,34,28,444,1347,325,162,177,774,979,915,209,988,832,451,600,969
5,864,256,55,646,141,3780,2532,132,591,49,1541,3182,1022,912,2438,1629,1233,526,1665
398,109,530,66,214,2396,412,69,506,59,494,0,1390,459,317,847,2692,1227,85,207
317,1614,22,1699,165,970,239,64,17,883,775,3412,232,0,417,748,244,919,6383,171
7064,33,671,41,863,298,1091,799,1005,794,1723,284,1598,1035,27,490,188,2173,4972,325
