-0.9505203243539927,-0.004820906812646452,0.8505754558354888,0.8415983642651589
140,237,625,62,90,28,134,2560,1598,554,944,45,1487,1348,61,531,2252,212,1088,1021
897,1039,45,673,303,835,138,538,1267,768,154,1641,116,372,1459,322,694,228,1243,1074
1067,620,346,889,582,653,1039,769,1639,790,209,1047,833,1924,703,852,72,296,218,4478
1001,192,1163,927,175,335,1138,1546,289,841,842,470,5171,242,989,318,290,936,182,1014
536,230,455,3210,664,452,921,0,448,680,546,621,859,412,1125,1578,883,1038,1224,1057
518,542,559,852,943,348,450,1004,1223,980,212,189,518,1060,225,903,796,422,182,265
1667,1674,275,146,426,500,555,990,198,2388,197,901,497,219,491,1375,175,467,203,456
300,1210,555,1458,235,1735,1195,727,748,1503,1426,1394,82,1252,791,315,443,437,354,468
751,1497,15456,315,497,1078,92,1716,1133,166,369,150,158,305,843,1863,636,411,1596,821
2,499,152,221,1266,776,624,949,732,504,1448,480,184,1238,951,476,222,1950,400,727
302,546,226,32,1989,619,624,106,196,448,43,189,349,987,50427,272,878,399,1051,722
269,95,1258,708,550,60,250,57,1727,403,350,1150,449,1660,1073,777,705,322,221,55
1013,885,769,2462,418,112,841,755,1721,271,278,434,2032,385,427,743,18,370,1786,621
551,539,744,1576,542,247,306,1325,1290,1092,1224,485,0,852,791,701,13,674,644,1388
364,999,255,202,678,502,751,736,702,23,503,895,0,241,460,1186,748,305,665,0
403,1342,49,333,454,86,42,28528,1447,795,1206,416,65,251,837,2227,619,176,394,335
358,1843,78,1762,116,137,1049,567,397,0,1636,1151,189,881,6,1989,456,1451,846,936
653,21,260,171,307,165,91,401,1446,240,1199,2306,650,662,54,826,363,28,729,1387
678,223,244,1047,16,64,0,167,313,93,124,1952,843,606,314,526,307,2929,1514,35
505,315,791,245,1264,831,452,149,385,919,829,485,0,1314,1656,479,157,711,946,224
