-1.3584597968331567,-0.001351000394264018,0.9987995460340943,0.8473897919607365
37646,2848,0,4261,88,98,281,30,380,1135,996,158,59,781,579,161,2142,2874,51,1987
1059,713,1020,158,556,419,254,260,74,2164,116,1056,652,6,1230,1803,1427,305,101,565
2332,771,183,319,282,521,597,1044,0,0,62,2841,32,83,2293,288,2500,516,161,89
1851,1020,325,462,23,1139,387,0,118,2209,1,38,1127,322,3179,4692,25,32,66,651
552,3,0,814,2415,96,622,52,320,14,17,61,701,2343,403,73,262,1061,1326,953
3144,23,40,254,18,136,631,1397,317,720,126,491,121,343,21,963,1895,552,273,257
1500,664,695,891,897,101,122,97,2078,71,283,6058,1188,42,758,872,108,8534,43,1101
641,1375,176,30,4,228,0,90,556,309,843,1154,300,3,827,101,197,286,916,427
1604,3759,157,339,3804,423,760,295,783,1452,2607,1696,315,28,7,651,736,650,798,834
448,4257,645,268,470,3027,1027,3,240,536,748,865,1032,139,654,730,3029,15,2207,805
365,890,2240,1801,97,161,567,86,1499,434,203,51,17,0,1054,262,2084,2423,130,795
412,1534,257,12,863,472,21,280,2309,681,749,2261,41,490,369,800,445,1826,489,68
37,1249,0,468,52,431,1083,536,4872,549,92,560,886,27,296,887,726,315,1738,258
282,156,2197,449,527,2,11666,743,286,5134,0,764,588,1281,13,218,114,319,144,311
184,946,0,1493,515,341,1575,1121,0,223,249,418,960,3614,11,830,480,500,380,25
235,6094,2420,1012,482,13,43,2873,523,875,401,1363,3,1243,144,4323,5820,440,7,142
775,396,308,1510,288,0,233,183,201,594,494,232,2811,283,334,789,1916,126,2770,588
488,75,903,1070,177,616,38,720,399,302,1194,1048,410,885,83,1217,1397,50,143,320
246,64,616,760,136,28,39,141,298,541,1,474,557,0,96,384,1200,2708,525,966
543,558,886,328,2331,1870,2921,33,0,2392,226,13783,374,1234,1424,1172,368,2276,69,4263
