-0.8292418355534678,0.007718546926517787,1.0497764135589758,0.924470570080705
23657,2276,1135,1199,531,334,2455,1044,964,1312,777,1327,3702,1211,248,1748,1995,864,2509,8628
1100,271,99,1230,345,833,0,798,2155,237,1658,386,858,1614,999,624,806,1123,1235,1651
245,1269,1902,1013,736,0,168,111,2235,136,191,893,1745,0,1223,572,1236,1260,1839,764
656,464,1748,896,950,1098,160,382,500,729,327,444,800,936,1363,1786,266,1208,129,5624
390,1647,794,1417,328,1141,156,537,228,845,0,597,784,1542,1192,604,167,100,1051,512
309,1699,273,356,505,66,663,1612,523,336,1135,818,963,96,48,1040,1218,408,908,848
924,228,992,69,327,1422,449,1035,1671,1084,669,715,1210,2272,622,576,516,237,1079,1434
273,1903,745,1580,407,1874,580,1200,258,889,1151,55,516,737,415,948,1095,2624,506,85
1625,250,965,57,15,199,772,299,688,348,1397,1645,722,379,526,316,19,2567,594,423
560,98,0,283,676,514,128,385,3,293,730,381,429,895,1124,1335,481,442,959,109
1269,1223,866,0,371,1154,10,373,60,269,555,976,1255,921,330,133,28,903,1508,659
2062,835,2,551,2384,2656,439,934,113,307,1164,398,150,660,1861,829,256,216,765,334
545,869,1516,80,0,695,320,0,383,986,680,1238,605,550,1519,1434,297,722,663,571
1203,406,616,1352,470,348,605,188,669,1251,368,303,941,0,493,804,2752,784,986,925
546,555,423,638,475,170,1821,1368,379,467,1367,604,897,598,0,609,790,309,477,903
1271,465,1623,683,1074,1463,339,278,1188,526,496,1243,876,699,820,1021,1448,487,1100,1774
1594,803,1169,400,58,1261,743,878,566,668,727,262,330,509,1277,890,146,1437,870,1569
741,543,154,1162,1603,723,330,680,614,344,915,301,830,2492,851,410,400,767,1562,5321
2118,820,888,196,1535,741,1330,409,296,1473,500,920,286,1780,1873,1215,1387,942,2974,1032
2097,2079,1707,1389,87,2133,1398,439,1342,1568,741,1845,648,762,964,1000,6275,4250,1790,3301
