-0.657028056076311,-0.003672815969041386,0.8796212883903964,0.8440440170073686
492,1178,1302,606,1701,277,866,902,476,372,381,763,429,90,102,425,222,550,1336,443
879,795,925,0,1310,1071,1198,509,676,861,546,591,1272,117,808,1160,303,1328,702,920
0,1043,192,143,531,184,393,362,355,564,752,371,1059,3209,553,744,303,645,592,931
788,509,1576,1430,900,502,225,1612,216,1184,408,1286,20749,347,821,313,307,501,433,1978
113,893,841,535,711,680,723,714,843,335,687,1285,1078,231,1626,232,288,462,836,1601
573,1063,903,794,183,667,1610,330,1981,390,807,1575,70,535,400,1048,299,707,872,757
1107,227,111,1315,731,552,533,499,317,804,811,533,878,914,357,950,122,727,885,971
1768,355,550,1297,216,529,615,381,1167,812,248,1298,921,790,508,640,321,681,0,871
1196,1074,659,1395,1216,736,419,1029,1511,1171,434,698,145,189,681,370,165,2305,245,837
363,578,477,336,211,952,1089,642,458,643,390,1695,1141,773,925,395,1207,628,1799,838
234,838,686,1762,1088,532,314,471,452,1498,851,738,423,560,736,561,337,686,513,315
243,565,1021,1312,504,353,174,767,298,493,506,740,1159,687,0,53324,996,1196,169,314
0,621,1175,727,47,346,556,1017,543,296,308,348,909,853,1061,659,170,883,1120,701
630,497,719,877,559,454,1253,210,952,786,497,448,1532,692,524,292,766,195,803,1082
486,298,727,64,469,607,813,302,675,572,578,218,330,155,492,244,561,634,965,781
577,846,561,1082,349,499,847,537,491,1265,579,885,449,367,1003,702,357,471,450,356
681,957,1004,557,885,290,228,141,814,353,217,423,751,671,709,748,864,520,753,783
588,379,0,283,469,710,1406,335,541,492,693,1042,579,1463,349,386,1191,478,576,561
450,662,761,932,1245,1139,372,1037,680,471,1185,374,758,990,919,196,658,905,635,344
169,544,499,646,396,76,708,1494,929,840,365,313,32610,632,727,744,587,940,540,326
