-0.6221080578824116,0.010605556411472615,0.7942986436114039,0.8715969424611786
296,904,706,394,540,742,814,112,575,957,805,381,462,1012,330,208,392,910,1100,432
98,510,558,790,646,629,1622,1009,445,1514,978,252,529,334,1205,236,556,894,1358,131
1722,1285,580,853,754,734,713,350,876,611,511,618,317,2455,704,1390,953,1215,517,254
523,1227,653,1268,669,670,823,1932,196,752,649,871,15056,347,898,597,1336,704,544,526
2036,648,436,429,1511,655,412,912,273,1721,730,829,857,1101,1035,386,324,159,495,46
1176,641,713,558,669,649,653,592,659,795,610,494,817,996,236,1375,1240,808,943,409
469,1248,1008,1223,331,603,822,752,581,497,1428,380,582,172,1344,1119,713,1719,180,711
828,321,355,424,1286,1446,838,710,498,724,454,600,833,812,1224,860,486,612,980,1191
917,341,402,490,130,222,2400,365,582,794,335,42777,33901,354,544,1043,996,185,895,0
561,593,307,373,540,987,187,716,443,1035,1603,581,1104,703,227,809,1035,856,619,182
215,503,1426,543,557,717,363,618,319,671,384,1598,1341,293,1416,512,1106,727,519,325
844,396,368,460,1428,492,415,319,702,171,556,1098,650,1127,854,872,1068,936,606,804
1044,1231,785,363,695,254,1313,1844,611,730,458,508,1041,203,546,781,484,1717,900,268
0,871,919,617,829,376,491,1762,1402,838,740,981,901,775,564,530,530,354,849,860
321,1567,739,786,795,1038,1374,658,782,589,951,556,424,557,1473,565,454,455,394,532
824,123,751,1007,1713,667,367,429,570,600,644,376,474,540,1228,399,721,995,820,1030
515,644,736,1463,393,975,570,729,824,728,477,205,776,1069,593,415,445,842,532,185
945,849,855,761,75,1596,359,1567,87,333,899,814,901,928,603,908,703,460,673,619
104,1127,410,42,316,1113,851,1347,345,1407,960,402,693,312,472,653,521,295,663,302
937,543,388,769,652,314,1060,302,1093,1304,729,585,361,616,656,317,383,444,71,770
