-0.8874704380029783,-0.0013524396569484657,1.081326765637091,0.834111837272438
46893,1076,292,1450,176,153,619,59,315,0,120,886,491,214,72,253,1738,224,1137,26537
882,475,562,814,675,884,74,0,627,618,859,399,3208,3063,506,1207,609,1816,278,1725
1364,304,691,0,101,260,612,1067,409,323,325,1620,1133,2174,1175,972,304,540,2041,845
223,16,1550,1230,899,837,3127,1614,1369,677,873,2262,609,290,880,1252,682,102,1113,348
282,254,1134,186,1431,1595,237,548,373,767,417,496,64,1296,216,493,204,779,1550,552
376,8,1107,2101,275,76,1600,854,951,507,708,340,114,1457,438,268,1058,823,840,369
569,130,1485,868,328,431,1149,786,135,228,220,990,584,130,329,294,0,756,1482,228
356,771,447,362,370,177,195,164,1526,299,143,583,740,272,639,539,0,781,280,344
173,1166,195,1124,896,919,188,782,583,272,1314,462,1477,783,789,376,3034,1065,215,497
1376,412,903,278,54,670,624,1488,687,259,46,464,567,412,79,261,273,419,704,328
320,2544,483,1399,771,325,0,375,1030,1583,512,1038,268,1012,644,1329,339,183,547,128
422,176,1460,2514,220,460,1523,231,514,502,645,382,629,678,618,485,1708,195,1117,312
108,941,342,102,128,379,2703,871,292,227,511,545,199,362,495,336,339,289,370,778
466,840,2204,683,250,420,1203,793,637,495,1821,1087,1117,699,83,590,208,273,621,26
665,259,316,1322,405,964,1825,486,14,634,375,360,1498,673,794,501,1098,613,959,1187
624,194,465,317,261,135,222,1197,893,264,412,898,269,938,94,1055,953,159,3,1821
862,801,175,5289,73,248,437,414,1214,0,751,624,669,330,897,1053,470,168,256,2191
178,1195,1190,1076,901,306,69,558,946,0,668,1083,79,1672,1276,797,676,87,531,484
542,1221,358,1204,1196,1276,1430,1114,450,457,666,273,316,850,282,1252,802,31507,585,1679
1798,784,468,737,1543,577,778,1026,223,657,466,1234,843,616,61,656,999,0,0,221
