-1.0477953468401515,-0.002948951643798527,1.0385160723891798,0.8517177565999543
42151,215,605,243,278,53,1157,0,510,461,1484,2088,732,940,1059,38,729,153,835,13555
419,211,540,877,554,551,190,820,0,1014,1163,1989,625,122,293,604,415,806,1810,714
681,111,567,954,254,159,611,88,608,218,24,706,1383,1173,2188,302,469,476,590,1548
164,148,449,330,875,3264,158,339,430,1106,61,3063,1396,611,1140,730,1453,240,445,7232
653,283,614,894,546,1437,127,238,1572,789,101,2239,2105,690,462,8,185,1545,784,286
424,1481,884,1023,659,1274,992,101,184,2156,1695,673,1144,406,643,474,177,197,377,2377
1086,330,0,412,362,842,446,2715,1349,1454,39,1719,353,23,117,136,213,978,2483,820
531,230,90,536,536,311,580,1557,1880,941,227,515,402,307,452,566,314,813,101,180
626,101,1159,274,20,917,761,620,531,976,43,287,123,1672,351,388,1329,919,79,867
617,0,268,2408,0,433,161,602,501,1861,1,827,4356,470,916,1898,8727,223,564,110
982,1984,115,1113,608,1177,1643,31,863,381,0,267,37,361,197,267,1136,1505,160,12
735,71,1409,72,942,302,436,712,28,352,207,910,0,1422,219,2040,266,530,835,1372
46,12,809,0,1368,412,234,1512,159,2674,98,423,121,804,1340,875,205,619,81,2112
217,538,1498,403,129,1133,1224,100,435,264,1819,289,654,1948,84,24,682,0,169,461
1201,670,1407,1035,661,1330,924,719,1014,442,979,390,604,12,936,82,1285,1675,361,1422
435,791,178,1421,1023,51,0,1530,385,280,405,1953,1056,641,253,2553,1376,351,906,1748
1739,1244,469,1,359,1092,741,269,1113,795,554,3068,432,858,107,2333,1233,91,184,1138
1230,2325,834,0,956,1866,279,162,15,42,329,146,35,1823,599,690,427,2465,775,938
91,566,893,323,2191,185,354,1340,123,793,0,534,432,312,546,431,501,25456,626,1839
1302,81,422,347,1268,484,723,735,1290,607,249,691,0,740,752,138,733,578,348,498
