-1.0650003840014128,-0.003466829869149104,0.856680424090598,0.8497686880959926
60,1619,1140,900,0,99,976,492,106,645,362,3203,1904,671,205,88,157,478,1387,1207
260,678,851,1491,324,472,897,327,0,2,278,492,1250,451,1337,607,0,1417,134,754
387,842,67,16,1480,322,80,417,507,164,619,465,988,11769,854,986,520,220,130,45
411,237,207,124,0,3312,1787,413,209,308,191,680,13821,623,577,247,664,846,30,30
1098,745,1470,368,528,3415,324,329,211,717,19856,242,49,1016,609,410,373,468,1124,1142
1200,801,527,289,581,546,2,0,1523,369,562,537,314,2496,1267,156,577,518,187,0
1474,1212,0,651,1721,678,170,925,378,1219,774,156,159,0,253,740,1116,0,1971,0
827,70,165,574,248,271,4677,70,646,743,589,1056,1272,718,375,1833,200,0,1479,580
974,216,488,1556,483,1546,2063,1818,818,1057,14,737,462,882,229,446,1218,1417,288,668
267,337,318,254,1792,139,672,793,1914,1791,416,212,409,600,3377,179,3,752,500,1088
532,562,1475,77,752,614,1553,267,1551,232,277,138,298,210,105,350,909,352,1463,528
113,30,672,1511,899,679,2047,167,1118,8,60,660,3798,462,492,34419,1630,154,171,31
103,355,83,64,844,705,55,81,1020,1358,154,184,460,744,1513,313,603,488,537,1442
2794,404,1316,309,2641,258,14904,463,203,623,341,1044,228,268,1672,618,1569,768,667,1250
482,807,589,475,794,725,877,1874,394,254,175,151,1454,833,132,474,89,665,87,418
939,1634,161,547,290,252,2207,884,383,603,1627,1888,376,1043,1069,2004,170,1839,71,721
208,188,856,332,346,612,276,143,1430,512,312,957,34,1078,683,325,55,614,37,30
1647,776,325,1024,348,836,775,48,96,72,807,1116,104,726,101,272,455,970,751,348
87,372,824,128,408,158,1152,398,186,308,106,197,2105,1153,1315,437,846,281,74,829
258,374,838,652,796,245,8515,698,552,219,923,941,987,5085,713,187,2065,172,81,1280
