-1.6225831563011694,-0.0014332187604610392,0.9411694631084663,0.8510000290197149
642,1757,1808,3017,84,1,1379,119,7093,124,157,403,23,22,0,3110,3333,318,3,122
2476,133,1262,121,1728,1246,315,244,1406,1507,1210,380,1595,2397,362,31,283,351,2706,1696
906,686,6,19,75,381,0,80,466,320,8237,86,390,744,734,69,24,109,6,165
77,60,438,109,19,134,886,3960,258,429,1,1368,211,961,607,5152,2996,423,774,128
251,978,0,13936,493,1256,280,307,1755,1487,575,189,1463,2,1,168,4937,270,1,22
8554,1534,3374,1444,214,110,249,675,1375,108,61,54,106,3,34,19,116,302,58,193
20,17,1251,187,263,246,81,115,191,1592,287,0,143,145,3102,65,56,2314,1094,294
1375,1088,405,155,546,3749,3805,155,8,460,115,21,328,261,310,665,63,310,1647,186
2034,15,78,98,71,27,1175,4572,56,759,553,276,528,764,21,473,55,1845,2969,74
694,2583,0,520,3346,2386,7814,18,10,1,24,3,68,75,11,189,417,262,0,30
589,135,1714,727,1045,414,5903,618,0,58,1200,844,572,269,31,4880,382,88,126,803
750,1152,72,167,165,1701,56,15,350,3282,1880,134,681,1850,1119,242,1,1,1193,66
1098,296,792,4,325,99,1887,261,994,11169,941,220,404,226,19,1092,2,1036,121,40
499,2790,1182,875,1066,183,1170,237,474,121,196,2009,62,229,291,373,550,760,812,300
8,16,0,9325,153,1319,12,366,136,2181,650,1738,72,1460,3607,91,2,72,84,557
831,41,1164,592,1572,513,552,168,15,2325,206,309,312,502,1419,4949,2017,1986,2337,1479
380,25,554,4,193,1272,175,100,368,52,0,228,4465,3,3686,302,839,1183,96,349
5126,52,417,46,37,2875,52,909,4711,75,287,239,1238,655,445,736,6896,2890,8125,206
3013,17,406,234,17,1710,968,63,24,1019,2830,99,575,67,1548,1312,159,5695,145,155
344,649,2761,2897,6368,829,15,1843,2199,337,249,434,10,800,233,53,0,125,179,937
