-1.035495656485255,-0.003292017237128116,0.9612571399507279,0.843795003825692
97,2464,1527,124,723,125,912,567,714,88,541,20,710,469,125,189,1790,153,1510,27836
260,176,848,288,631,589,1071,932,421,564,1097,52,40,193,444,646,565,866,397,900
127,41,754,596,1751,84,8112,756,412,601,186,458,246,3445,278,1383,341,533,1313,1416
1822,306,493,249,292,1098,589,805,1673,156,302,984,634,669,0,620,370,175,0,272
1073,927,151,280,802,258,1714,58,0,503,35217,971,1244,1062,665,3132,205,1617,0,259
487,1507,1246,762,221,1616,695,614,428,35,856,941,1131,656,735,396,642,1549,716,19
212,91,980,1039,85,291,402,356,1079,1482,540,1024,362,394,418,48,108,0,126,1282
630,858,905,718,504,8,1041,625,1292,1581,12,609,1265,3692,1478,2151,130,1083,34,171
1586,190,816,1025,471,390,306,565,454,441,900,302,329,514,421,99,1409,627,50,579
1828,70,184,203,669,342,763,2232,2059,1058,179,381,1116,1216,124,754,2184,1068,777,71
343,1497,733,1237,217,524,534,505,621,992,46,352,451,875,589,483,1732,200,906,439
826,635,1538,112,95,93,212,1006,969,958,340,983,1596,1337,1015,473,1298,935,463,742
176,1020,379,1099,420,88,415,1465,1250,576,532,734,1072,783,11,111,585,196,1695,864
571,58,650,1642,804,184,1109,1093,529,201,425,83,383,602,102,911,479,860,0,359
905,801,549,638,2,1886,481,414,879,1220,43,173,45,223,91,321,1158,1727,309,4
902,565,494,1232,499,233,0,1919,652,496,532,492,531,66,89,1327,1385,59,460,474
495,641,198,5605,21,287,562,691,1263,195,549,30,920,150,488,11990,16,376,483,2611
0,867,994,479,2116,1159,1509,827,7997,168,350,72,1093,1201,581,657,275,1333,84,104
817,458,365,208,2691,439,71,296,449,484,318,14,1187,565,335,707,490,21603,473,3165
957,359,192,152,1389,521,455,876,820,1672,0,95,722,412,155,803,1299,1629,668,255
