-1.36967762840344,0.038900444000804335,0.798090772677528,0.9116428717732685
935,552,925,92,47,1424,790,0,334,874,5,242,1981,699,206,374,778,74,5,3
436,56,33,504,181,478,40,2582,1,385,10,611,1201,740,701,326,798,484,2,337
127,74,39,186,1317,1154,950,58,4,1308,340,1499,30,1150,694,375,31,1377,90,1600
280,2791,518,63,1118,570,1113,110,598,2383,2589,473,724,1754,2023,6,1020,688,1324,127
1529,10,2143,3758,134,728,83,463,817,743,16,753,4333,668,3,461,70,516,521,48
1304,3146,109,53,152,320,1,2158,1748,1266,516,1928,1,669,2387,2633,461,1117,3353,2898
26,482,102,115,23,999,2836,400,1703,106,425,1985,849,3147,3149,1553,868,230,122,706
183,103,927,1642,225,211,574,142,694,607,2312,1321,31,3737,2052,1240,1813,3,727,43
709,90,264,1299,597,3368,97,3698,1029,1644,2129,19,1927,32,3545,1432,612,3053,36,1207
35,1,462,2236,2476,214,1646,2880,1693,1011,2533,644,1486,51,1378,681,1935,1255,64,215
1132,1126,832,241,1156,57,174,1549,3896,615,3554,2030,2123,117,1068,914,639,988,121,45
247,310,2884,1982,1003,1577,505,1083,2009,3526,4769,4718,3024,573,2525,243,357,1973,1338,655
173,1546,1191,1630,1920,136,2037,2118,6350,814,6213,3390,2780,2146,1384,11,2656,319,1584,101
326,2266,526,386,30,488,1450,811,1035,488,735,345,453,209,1596,1641,0,3592,8,1123
479,114,358,280,17,284,3417,1494,2631,1448,2808,25,2543,37,2183,243,1861,4,175,1041
1053,735,39,13,37,552,345,508,2016,826,1544,309,977,453,72,168,4,41,644,50
776,0,695,663,188,52,2113,555,615,415,42,2027,36,2111,1303,2497,1875,470,229,1403
25,1,11,1471,46,1427,348,1853,505,16,9,2628,2936,394,1180,807,59,98,2269,300
1452,97,177,2135,272,522,696,52,29,166,324,1975,2124,2312,1244,361,905,223,777,101
367,1216,803,275,125,201,500,301,78,127,39,194,2,1769,992,759,139,515,174,231
