-0.7657982846657344,0.052941630289539625,0.8997687371421101,0.9508646978267067
1061,651,280,272,638,853,285,977,1652,1072,424,384,711,1529,378,2031,275,264,408,1617
503,47,274,236,356,570,868,2047,655,876,2096,352,93,310,617,859,614,1347,836,401
512,219,1320,1287,611,1293,214,742,682,937,1136,133,0,221,822,1132,588,563,4561,397
12,1281,236,592,1053,297,301,386,853,376,1442,218,2079,1449,705,1373,1206,3271,1243,1037
223,2079,1046,449,714,239,376,307,451,1864,865,903,698,410,1188,553,2072,812,2039,1180
1393,1658,1939,81,883,869,502,843,485,669,445,718,865,890,2383,1661,1018,2120,4144,1101
787,296,187,1455,1347,303,660,431,1056,668,560,1746,732,803,362,2620,984,1630,2489,2427
110,448,373,1134,440,635,1879,172,664,1190,1624,1234,1757,0,852,1708,2581,2052,4507,451
197,332,1565,71,153,266,230,692,515,953,989,443,2667,2521,1852,827,404,6172,1854,3298
1996,442,1194,598,1579,1715,1017,2607,1448,1500,860,883,1011,3421,1613,3616,650,475,1712,0
558,346,126,409,352,150,850,397,1524,730,1476,896,2060,1441,1934,987,939,1422,955,1567
543,210,254,358,901,107,619,297,730,66,779,2109,1847,508,411,2677,507,1345,2043,764
167,167,507,732,153,636,306,228,154,1259,146,333,730,348,1643,1815,709,438,1900,1256
286,201,1397,1570,2126,1071,586,16,1094,1152,474,478,385,1012,512,2322,545,608,533,2447
1031,77,1077,2416,116,737,2002,138,209,405,575,1186,0,812,1027,1339,1119,647,874,1688
816,162,1095,409,921,545,1014,375,335,340,466,803,1064,179,785,1283,430,519,1556,2486
2326,258,1186,254,1656,2372,359,2566,1122,1737,596,2298,374,222,3055,2712,491,897,400,1842
432,470,402,1439,802,1360,885,339,659,1679,237,310,694,295,702,1182,1618,883,1599,364
81,2136,353,1160,824,569,343,1055,659,2464,1023,1954,811,494,1156,202,523,1733,734,1126
1740,448,900,383,710,559,381,466,364,1391,754,522,142,635,1825,610,781,1176,101,785
