-0.9114389972073496,0.05844179612574953,0.8040073025208841,0.9494881819886416
940,337,92,323,603,1059,608,1674,1558,387,342,483,1066,172,331,275,505,156,65,319
126,638,442,581,879,466,362,1067,70,690,411,1263,1481,58,30,9,1115,980,134,172
637,1420,355,444,816,1258,975,2106,1477,476,772,250,492,1011,86,321,890,264,98,629
1162,1217,96,1375,766,742,857,1099,802,738,232,2057,633,369,985,344,466,524,57,747
37,1187,698,1760,225,184,1889,1315,2418,231,1243,1221,1377,1131,1115,1195,549,319,277,782
724,1570,322,1263,199,3123,1667,1568,2967,1721,752,2213,1940,885,2464,1686,1770,702,1729,44
766,743,881,648,2,1188,1361,794,2472,1012,188,1490,1618,1524,135,918,756,48,650,162
615,489,996,414,647,95,3420,481,986,1631,2084,1633,1473,2202,655,1084,865,2011,661,985
167,6,375,3171,1962,1086,1327,1451,284,1805,2793,1675,770,430,930,1297,514,138,85,296
40,51,1580,934,1324,2009,2017,1370,1590,2811,4415,1805,646,826,1113,850,1186,855,892,17
1937,527,1171,25,411,1354,2448,3034,930,3114,1543,3357,1971,2760,1799,442,1688,1379,1108,220
1411,249,705,1392,1754,1254,1801,279,1902,3375,2583,3020,1568,1135,671,1997,4174,2364,842,439
944,345,666,303,270,1330,1163,1335,1282,1139,391,1078,2302,672,2701,830,69,594,921,1339
322,292,1284,306,211,387,1378,163,1932,1368,1058,401,1354,1128,1222,822,964,1075,90,829
897,835,249,2791,217,1035,169,1856,79,831,724,2774,976,1007,2780,721,206,1194,1294,957
21,24,686,423,1626,1579,806,1111,1035,562,1547,2641,1652,203,1375,1640,1209,1906,1,534
479,758,1272,548,379,892,934,179,2970,209,1142,320,533,646,263,1835,5,1520,1,298
319,328,709,1031,603,386,1251,1428,930,873,505,714,862,1490,1276,673,768,1622,529,93
486,832,365,229,372,1024,119,404,1462,1012,718,510,1606,808,1019,1087,276,202,190,1408
301,925,152,597,669,101,85,503,188,145,851,9,647,8,1837,804,16,977,299,854
