-1.5454766415586856,0.003889179040388071,1.0502213899680093,0.8498677887581445
25103,201,1072,609,18,958,29,777,368,1,1896,6,255,45,710,386,556,2655,1146,6856
20,135,729,0,60,489,1169,405,1982,571,3770,195,11,0,428,660,728,42,0,1227
12134,4401,657,913,1700,80,1,476,372,33,26,238,1716,807,12,1794,319,1751,14,0
3748,237,532,399,1,1053,76,2,217,159,95,462,1,290,35,5736,949,388,476,9576
46,274,257,151,45,1253,643,1865,724,8,22,149,265,995,1221,3829,270,874,4287,0
494,14,820,1655,1606,183,60,1112,920,373,597,0,1793,0,2205,1715,469,1447,353,1881
917,485,1399,618,155,50,115,377,219,846,880,2018,629,424,837,248,20,217,17,1245
34,2564,113,3752,1128,3661,1535,278,34,786,359,595,416,209,1,125,1756,508,180,433
2976,2102,102,479,794,2499,784,1753,58,5,712,129,0,1080,8,126,92,5770,104,361
1461,1808,443,1045,1,126,810,2815,3,6,638,0,592,1343,1881,63,64,2135,635,71
1128,345,152,2553,133,713,4,40,429,273,260,1403,134,347,331,6,260,295,767,502
1521,530,1136,422,1552,603,70,48,234,0,212,345,226,45,1391,196,1799,3324,233,641
1140,87,1048,1375,966,11,749,90,203,27,40,200,543,215,393,521,998,1642,1446,1652
0,1340,128,78,408,1109,651,283,154,3388,1892,490,102,891,1257,354,125,162,3,650
786,557,1132,107,315,575,252,2479,16,0,1334,37,2826,72,114,830,4559,271,85,368
4991,6088,769,262,27,2147,515,266,518,798,1,258,841,338,7,3204,265,513,0,873
1898,433,173,215,741,26,351,260,4693,0,65,93,1175,829,344,2972,370,210,2525,641
3736,1311,791,0,436,19,43,162,2082,539,331,238,90,765,1863,666,93,3920,70,396
2919,2262,340,2574,128,250,1191,50,247,115,506,79,7,70,98,51,737,1202,3176,7223
12,371,166,34,493,6116,25,6961,9,1419,15,9328,4247,1288,346,337,53,1,1,0
