-0.844112089316732,-0.0036848324404650883,0.9686817321057605,0.851724219910547
3945,993,161,491,556,183,273,526,350,230,615,1256,633,443,131,1236,1737,319,636,26854
679,588,215,1529,1294,551,207,429,766,775,386,268,1007,712,1909,723,471,1771,474,2964
1055,765,595,1329,116,648,4017,0,769,0,853,477,374,1454,2326,673,569,794,644,1726
1218,196,763,703,1002,875,726,1279,737,342,605,1106,48,423,165,454,1237,250,224,619
164,530,354,309,753,2141,432,332,436,1299,35,809,365,365,878,1745,850,291,718,506
373,1806,1107,1489,512,696,1179,869,1337,487,729,365,92,707,692,250,272,684,477,267
852,479,2258,1557,486,237,1036,742,642,702,500,1260,694,858,231,392,674,909,637,567
427,1342,385,1193,110,582,408,39854,0,32,291,1302,567,1545,1036,801,985,1028,518,244
445,254,555,667,657,392,0,703,81,336,1714,700,28,443,769,138,2161,68,230,373
1214,2112,216,2276,58,924,628,1455,81,639,490,923,961,1148,101,1102,277,281,63,634
247,459,542,913,453,1188,100,283,331,1122,512,1024,779,715,454,1156,33,198,593,339
293,936,953,2755,103,933,768,608,730,422,0,1059,638,1253,514,0,971,2040,520,730
87,704,324,673,369,694,2602,478,438,381,350,921,307,819,1032,439,1316,274,118,312
627,557,1224,184,1227,724,1558,433,658,348,1697,382,1917,1119,5,380,782,1649,732,70
879,806,1004,585,700,455,179,279,783,729,0,560,852,1125,794,479,680,862,195,1148
1116,618,168,257,514,592,899,1119,160,846,593,492,108,982,37,985,1364,633,776,485
1059,63,737,4120,308,832,1066,393,1731,884,436,249,52,313,687,823,781,153,890,1429
439,1009,508,243,864,191,808,612,1321,136,1224,770,681,1719,702,177,424,974,194,665
1494,1517,299,232,1179,1112,529,1378,566,956,315,543,240,641,1279,459,1171,30328,13,1720
1516,33,382,101,606,43,359,852,439,717,1177,42,376,454,145,616,1291,1379,537,233
