-1.3564498479113427,0.0544026202908214,0.8017409181345305,0.8999724674103148
390,346,1020,78,11,682,702,92,117,104,6,2531,2888,1265,413,195,135,271,329,33
297,79,894,194,65,324,2005,1278,2059,111,136,514,0,1002,375,94,1477,370,1185,411
43,35,883,284,250,442,49,1,552,183,197,168,1065,1743,115,45,869,109,1057,1272
55,351,202,25,206,646,1323,1276,47,3,185,179,575,291,9,576,645,127,2827,1294
665,239,11,145,595,289,475,312,1997,935,126,1561,1026,192,4,1327,3720,422,1019,808
777,3,280,2,435,188,9,1416,142,180,730,121,625,1700,33,624,1255,191,11,355
711,2212,359,295,536,415,441,1325,2950,90,773,313,1095,860,3336,1,326,1658,358,186
1466,54,511,1366,105,599,17,10,262,1049,2856,1027,400,11,688,2956,137,115,1089,994
1214,825,711,52,134,498,133,4297,40,432,614,3577,1569,224,1300,26,1033,891,1158,1157
82,366,360,437,395,237,1043,2426,2411,1812,3198,1712,201,1552,1601,576,0,5652,512,1949
5,311,852,237,270,1149,1247,1440,2888,796,3370,7660,6802,553,1554,607,382,379,53,562
9,782,572,454,523,1,27,1038,4078,2169,4837,3270,3639,3092,434,273,0,26,23,800
1602,233,629,3,121,258,1436,806,2540,2216,6126,4273,1247,1188,2675,3374,3075,499,4588,150
170,703,498,628,2966,771,34,548,2798,419,1215,155,552,804,1122,4642,5411,426,1273,1149
1,86,54,2,1674,0,2905,79,1850,1,2622,6430,3230,345,1038,2545,619,94,341,892
842,838,1990,978,516,494,411,2141,686,311,393,3303,64,384,4,1374,101,411,1830,698
3446,333,45,660,421,887,499,682,306,32,310,260,2012,2860,11,449,1018,398,754,991
156,335,62,131,2193,1850,1364,2345,2508,1016,514,586,95,226,1271,482,855,156,400,65
510,4,188,2969,306,1283,107,1346,53,1564,1045,1033,1233,2442,0,1096,0,1379,2654,349
199,1211,115,815,445,587,3980,5368,820,320,475,2110,882,3,76,278,206,988,1616,337
