-1.1866826620916517,0.027814217605066884,1.0367915035334148,0.9176166978359678
5112,318,1737,140,154,589,465,32,2055,294,514,773,0,3194,1598,692,177,359,3398,2864
728,985,3365,1887,419,859,1528,609,30,194,120,1691,2065,19,0,2098,3435,1492,121,2451
2149,4408,114,858,100,213,19,798,1205,1263,1752,753,957,425,1587,215,2141,4774,20,3192
24,196,31,1224,1272,5284,136,263,2379,1541,84,109,1117,519,410,106,425,1983,41,1632
612,1142,901,575,28,817,437,692,1828,1757,630,613,316,371,1064,793,0,1579,1765,936
693,1448,2,1494,443,705,2426,1061,2565,634,1044,1967,86,609,242,359,7,93,1366,358
357,1470,2100,315,1006,338,534,243,465,1078,196,749,588,177,13,2,30,707,3509,2180
2372,1400,271,785,294,339,207,250,491,369,695,217,2078,1333,1,116,3328,88,75,733
107,978,1593,31,138,430,635,120,1316,434,282,101,1041,611,1237,1163,788,576,688,569
879,4281,871,1842,749,15,2433,989,447,253,119,101,2,735,1786,2199,1266,577,246,748
544,1251,622,79,664,145,2093,180,439,537,441,2640,200,290,639,398,387,574,892,69
399,1585,147,1311,502,505,126,147,194,202,2195,351,428,284,60,52,93,2398,295,153
1892,810,1461,5,1947,213,678,407,128,74,651,118,485,727,104,93,13,42,1099,1320
539,1871,179,78,987,1015,1470,3,1037,0,3,495,657,140,40,753,1046,736,650,203
2493,1972,1172,140,76,1645,1818,182,397,266,2685,154,1019,246,175,162,169,77,687,1276
831,311,275,2678,103,393,218,417,66,536,146,93,748,654,551,61,115,699,410,2040
3146,0,973,2,380,1165,383,942,2000,2491,113,878,1396,1358,1910,1230,912,559,1065,1819
1813,1051,950,872,1341,1773,303,415,721,131,57,59,3037,1084,526,205,1883,1548,873,519
5360,1548,2523,2264,69,1409,1741,347,360,13,580,421,372,152,306,1848,1858,2426,4718,1565
3278,2745,7082,3703,2628,3380,1039,942,915,53,1084,1824,16,1428,3366,4046,2819,2596,966,1632
