-0.9820207793287528,-9.368397842544495E-4,1.062047206410954,0.8507534170094041
42919,1545,746,336,540,482,734,51,308,131,551,1297,796,188,142,148,1420,475,925,23837
364,807,1015,945,226,477,873,1591,70,552,553,203,2325,284,1764,361,1016,892,27,1
649,541,718,1173,718,1213,631,148,287,466,67,661,260,1102,455,814,819,104,1056,2386
1333,302,158,983,583,13,187,825,506,919,60,2293,456,72,285,164,1462,685,1512,1266
596,1600,368,2581,518,1753,808,978,384,493,445,457,520,2222,199,1340,471,771,991,583
0,1511,725,929,1858,2311,667,476,413,385,1000,958,333,1677,1017,465,1174,747,567,828
1804,608,707,399,906,564,229,23,9,335,316,2903,833,698,171,889,262,1507,598,99
74,222,1883,400,680,17,271,681,2675,930,127,594,464,119,1663,919,14,316,394,1791
886,527,3396,662,1521,209,38,662,239,854,187,150,497,264,384,108,2813,452,136,783
486,199,679,159,217,98,788,2532,1621,1135,446,433,956,682,278,861,332,1248,901,335
270,677,1065,636,469,1630,1000,235,2141,1401,312,584,275,165,233,1159,184,222,380,652
574,90,618,1554,137,2442,3001,1007,204,232,435,938,1248,250,2226,258,200,1062,528,981
144,479,38,2189,477,177,640,1092,330,714,568,606,413,800,143,378,1019,254,865,938
1639,4,699,253,432,57,1923,440,495,432,299,72,2090,565,398,1170,1580,401,683,86
564,163,60,511,823,365,560,86,13,1086,641,280,1319,691,169,528,1434,1923,1725,354
319,776,670,166,430,316,814,397,326,951,942,240,705,993,120,2088,1636,1087,312,1152
1537,753,973,4662,349,1321,194,123,760,97,436,317,321,325,257,1962,386,107,224,793
291,641,217,950,464,2286,9,788,332,92,1257,393,376,1784,637,1262,256,1063,1134,8
1184,542,461,706,4261,38,425,974,1160,389,345,590,140,307,299,457,824,25521,1229,803
426,911,1624,1266,373,928,536,457,1070,932,398,38,42,262,1689,833,991,1312,461,526
