-1.4494261553606556,0.05009728853132592,0.8072620858303007,0.9047639037879698
1891,719,2330,128,127,1370,1351,9,1,470,4,756,1094,8,175,1116,563,30,4,3
415,247,546,1090,171,278,363,239,84,615,62,3,9,585,547,32,770,653,257,837
71,488,2,54,1200,697,675,93,4,1935,1374,1227,3,2268,71,2,546,285,38,3797
1533,6,406,108,118,618,631,176,1754,2701,717,154,326,1421,255,87,1921,223,1778,421
2867,163,1405,615,21,1240,1672,120,17,335,171,476,3133,54,39,437,13,432,879,8
452,2912,205,323,16,503,3,1164,358,525,281,1396,34,93,1409,2335,499,180,1405,403
142,381,130,26,1,1332,1114,1612,1132,857,17,1405,1043,1275,1743,1687,1057,99,6,1140
207,8,784,126,171,1048,406,1713,6498,2313,0,1500,2,2833,160,1460,2900,124,1438,116
464,166,1430,1507,1582,604,883,3171,647,2922,1618,2008,1263,174,4095,669,2061,1194,304,112
72,134,246,1872,296,836,1923,0,1562,3679,2596,1781,724,1592,4038,1005,2075,7,838,552
201,14,1627,320,2170,1,0,3139,3917,47,3274,4030,4279,39,1428,2407,19,1762,41,1092
2378,68,1214,4035,1186,1030,724,240,1442,5194,4389,5877,1853,976,156,1636,671,37,94,1388
1,2,27,1969,3613,224,1057,3189,5688,1975,4430,4021,5998,553,236,1013,638,1220,721,392
674,2661,153,359,1997,606,225,2400,794,2,350,943,1121,240,630,754,743,36,151,1464
677,1162,578,288,183,590,2392,1071,1516,166,1669,202,1763,8,65,1098,746,8,701,664
675,1746,103,380,121,451,1640,2435,2085,879,441,1005,667,10,7,1686,186,221,521,311
1015,889,1415,531,21,1712,2353,99,486,233,106,1474,772,1857,86,203,639,618,15,1901
530,663,15,1182,75,32,730,188,4,2157,30,1740,1830,10,1324,1985,142,189,242,357
1628,55,166,2414,829,27,28,538,32,294,794,635,4259,3922,3219,828,175,1363,207,82
22,1693,1333,408,1950,2245,160,62,564,639,109,606,89,2839,1100,905,941,1234,816,255
