-0.7147478654448617,-0.005149430845586805,0.8992417661681585,0.9064870640543015
50,1439,534,413,1562,35,986,235,2205,1201,304,1599,585,573,703,697,142,392,1560,556
490,2039,2068,883,183,166,438,415,1083,455,206,1711,882,898,2286,434,384,595,672,1373
2059,163,260,723,943,640,753,610,699,1122,95,736,1080,157,1261,537,332,573,92,756
52,1676,1060,1136,1390,1818,1068,262,1112,440,364,713,1140,674,1011,661,686,403,729,783
654,1341,776,827,242,643,559,615,589,549,1304,461,1047,211,1706,289,446,698,129,117
926,1113,648,268,1064,1202,460,97,400,987,2249,588,393,392,7029,932,1050,1793,492,324
142,56,245,948,601,756,1126,1187,96,706,913,852,740,1305,1651,562,806,1156,760,799
561,406,1171,828,1012,1291,774,1304,1331,749,398,796,0,1169,996,548,513,459,1468,1461
1074,630,730,390,393,980,378,895,1365,927,1209,322,1078,808,742,3337,219,1099,2068,1569
673,838,1863,1101,861,409,560,30188,83,113,568,1277,1558,530,1622,2354,806,394,2108,973
1273,719,1916,1101,605,1616,1179,335,1307,216,392,278,390,0,1081,415,1447,434,897,414
351,458,801,610,1461,754,1202,873,804,663,114,847,1209,166,743,863,476,758,1065,285
861,394,391,1144,2541,436,782,1138,175,44,481,1480,325,208,0,1127,717,1811,1798,891
25,1015,722,1145,90,437,661,896,341,810,417,824,1107,329,702,869,2052,417,516,1082
1072,474,1151,446,554,1723,790,361,867,597,705,1072,647,1065,1259,355,152,653,515,1197
878,766,705,509,328,842,301,100,1746,523,798,73,858,1094,447,903,763,304,1233,609
913,314,421,294,1107,2152,64,2027,250,961,940,1076,182,956,261,1508,450,847,363,415
323,1018,1002,395,1206,1083,634,774,994,898,0,950,713,1054,546,1345,958,624,1138,232
761,779,24855,517,1057,132,1214,585,876,254,839,2435,260,470,604,375,1286,834,265,530
304,191,375,591,278,586,146,556,1663,1157,1218,421,810,436,431,684,739,287,491,749
