-1.2511995763875663,0.005069663179669935,0.7976838457066892,0.850686451260548
753,11,1722,42,71,287,1107,1149,62,1577,76,7,667,340,440,139,854,224,90,209
190,333,215,113,3018,462,78,19,1461,296,1193,0,100,1416,2165,497,548,350,124,28
279,427,917,139,534,1296,354,1583,195,1351,3498,55,66,663,1205,159,290,0,40,330
854,463,1929,546,1042,541,657,264,1027,1096,2270,376,1312,352,1566,11,12,11,2739,121
215,1053,1202,0,1257,468,2679,2141,604,1303,1073,3,67,924,252,5,918,157,1194,417
811,595,1866,737,738,72,456,58,1283,132,1422,100,40,377,99,0,160,3,737,647
1109,61,1118,94,671,692,0,137,675,4524,169,111,27,279,833,483,1908,3071,76,542
857,271,556,2050,1953,2461,412,290,30325,2344,12,980,436,688,2302,1329,143,1193,126,835
288,546,713,331,1680,1091,2438,323,274,47,234,99,24575,273,9,166,263,526,1426,2247
72,1488,768,1090,976,2549,1213,837,18540,2089,730,2689,5062,332,190,596,86,2293,472,1129
287,1424,785,0,27,1995,86,409,195,1278,1241,570,844,562,457,9,837,268,1654,1549
181,58,87,23,0,2192,811,1925,631,1943,180,1909,1381,577,234,1289,123,28,44,1657
226,414,65,0,334,23,1512,172,616,2725,21,1174,80,2286,58,855,0,0,1043,942
3224,1550,1149,1168,1022,302,2063,1556,1267,103,278,672,301,0,146,127,25,124,2410,527
1281,544,1822,1160,387,45,3217,1254,170,1019,1179,1858,270,126,698,28,2081,384,1774,1354
132,93,692,441,119,223,142,975,108,1932,373,84,69,331,170,290,1522,2124,223,0
2136,215,355,362,964,32,84,1242,27,90,2043,97,168,829,6141,255,2852,1015,271,253
0,68,227,802,131,828,18,531,567,72,2119,90,354,522,515,60,1371,61,111,1012
414,1291,91,131,241,593,327,40,961,70,728,578,1327,1213,838,324,815,320,932,303
459,2409,2094,242,661,723,206,1878,9,362,3236,136,912,181,1433,1700,538,100,493,436
