-1.6038926167012402,0.05179196970935718,0.8928083889298414,0.8886152183908195
713,1180,1480,1028,301,360,713,1177,801,573,2840,143,1081,451,993,28,2343,1350,3697,1787
382,1164,2652,178,42,343,1773,60,920,47,742,2924,2968,137,7,166,1746,506,843,704
1,715,1639,291,209,14,12,1284,522,183,452,827,184,652,819,2529,1492,2828,1769,3240
1,176,1529,47,69,459,472,357,949,100,52,374,13,781,214,2,1046,166,3150,131
782,451,442,13,507,2550,1452,584,46,1,424,193,1406,1569,1875,343,393,2874,1549,2688
806,2097,102,401,92,1306,142,627,1,46,393,2,619,1036,1606,833,265,890,111,1009
1274,235,13,555,518,324,2,67,424,144,53,1,2052,803,40,1,96,2371,1641,1156
8,131,231,148,495,458,956,275,36,68,3108,2648,662,53,49,1520,2002,1663,1649,2698
136,2016,933,1924,130,384,143,30,497,1141,2051,67,590,227,680,1677,2,2,670,222
169,243,878,1503,5,56,159,1,24,1,791,518,14,1749,4605,3321,5,14,163,17
1005,462,1848,115,2185,1553,1,205,2275,589,392,1387,489,636,10625,4763,8359,3354,6209,737
72,187,103,960,1251,464,1439,1477,1506,1190,593,15,1280,1669,3880,7325,2487,274,184,22
134,713,85,1984,65,6,549,365,6,84,1307,133,88,94,26,5557,4457,10,2118,2767
264,4,926,94,117,331,68,2829,230,112,1,795,13,88,26,2854,3565,3320,1896,2130
3906,135,1257,1358,1535,2488,838,110,545,474,1,300,833,253,196,82,4496,3782,765,1770
920,95,37,55,154,310,56,169,118,2581,31,2188,312,2677,105,946,996,492,1273,8
1104,405,1,1727,662,837,265,323,1138,1304,141,1136,894,1432,1520,4610,483,910,3428,1035
692,1093,379,4,76,611,1814,323,415,199,222,653,1051,917,74,1307,2613,1,246,2188
228,36,1,13,104,1,1417,250,13,5937,254,298,764,585,93,3545,17,160,1205,541
61,1459,155,716,121,1525,3357,1027,132,225,1578,24,1187,13,1850,4288,2316,1,427,19
