-1.3191833194240232,0.002557036999020999,0.8066536972978028,0.8513520391616258
24,931,125,110,162,97,1184,565,14,226,27,611,210,3320,90,460,1010,1842,356,1234
923,466,633,80,216,13,2485,1090,7,302,214,317,21,38,108,476,4436,636,222,244
227,537,44,1389,91,1345,432,2536,127,551,299,127,672,1285,1416,517,531,0,1436,70
1233,1029,524,615,2072,2133,1631,735,4430,1401,1377,114,1279,69,0,2263,14,8,2,57
362,693,1351,779,119,1046,1919,1416,40,42,29,464,745,558,1257,316,4,210,3135,15
1007,46,1258,212,1108,1106,485,175,3551,849,8383,89,970,356,2313,389,1181,547,19,362
4,69,941,3687,223,259,142,782,399,1089,9,939,438,632,902,340,969,1029,531,252
3514,11,280,289,2066,7093,1598,599,1097,21,141,2379,1297,324,645,6979,183,723,1897,1626
493,17,530,298,592,635,1711,329,75,1058,517,42,1619,795,0,611,7,438,101,680
209,10,1561,16,53,1058,299,544,367,710,1368,1026,4154,223,819,929,0,3125,93,649
449,46,1946,421,96,1355,119,1,710,298,1622,923,178,76,502,2096,907,499,364,97
470,13,146,0,1373,236,1151,840,3402,2068,1852,387,40176,240,1010,8407,0,96,62,870
438,545,13,13,224,630,2140,1646,646,0,1852,1219,320,555,1614,133,817,250,86,20
224,247,370,1,993,47,9,0,1874,138,617,1294,1125,1068,1558,6111,8094,465,3226,820
287,324,1004,149,110,233,1150,1554,837,120,136,905,22,512,2983,987,3549,609,913,1199
105,1341,126,1661,42,2056,88,289,460,2240,1646,387,820,0,384,0,329,102,646,150
33,480,410,77,63,437,611,777,237,166,4215,57,249,866,575,0,1079,38,1220,412
799,643,2405,86,149,149,143,748,499,1346,6572,2523,76,94,791,88,75,407,1118,1928
50,447,1007,153,768,86,940,1050,1120,0,1899,133,552,205,62,349,342,101,649,94
687,16,1148,1447,373,1622,184,774,339,257,684,241,292,618,175,596,1512,874,533,392
