-1.7743196645201593,0.0013337843153911253,0.9906052539704301,0.854334335538873
178,24,2613,0,132,63,801,654,578,151,2780,211,121,2442,432,6,242,961,1082,1510
2801,904,393,1593,846,3733,634,76,143,495,72,915,8,3759,1408,14,563,3253,415,2565
3649,55,6206,14,1087,441,726,153,1438,275,33,10,84,45,3316,182,1256,2,1055,72
116,126,1036,74,90,78,703,917,771,302,1149,50,4236,167,52,2768,194,4841,2158,3700
745,280,420,2917,135,72,365,243,1030,1244,332,2,1182,113,863,1511,2,65,312,2375
2355,2,961,3602,3840,517,276,5,1,147,16,1130,899,834,26,19,2568,0,32,3052
227,0,1,702,1711,315,3,210,294,4,4132,1,680,1357,1826,470,1,170,8,1
2574,3511,285,1,1,5133,1575,91,516,1,360,296,4,495,114,506,641,296,876,425
839,130,4,204,47,202,119,543,377,1186,489,1122,1549,309,1981,1138,1,52,3137,100
699,1715,418,374,266,1,255,79,103,1787,1706,159,120,482,450,148,53,10,51,319
442,3,160,27,239,112,3219,121,319,503,943,409,5418,954,102,5221,19,49,317,2217
3526,1862,309,593,856,2206,270,1,2,874,181,437,203,3946,379,1420,141,62,261,46
112,68,114,1,596,5,496,0,580,1,1,465,1544,236,233,4851,5612,3,12421,311
15,132,2999,1157,19,146,349,62,0,1943,1,2639,2270,334,970,637,8,1334,266,466
218,221,33,233,458,1653,326,21,1110,696,61,1993,106,231,64,2,2620,7375,154,1788
3553,139,288,219,7,1,1099,121,19,15,12,149,574,2460,249,1022,5,26,779,186
2493,12262,1641,4939,80,478,545,675,673,1293,8444,83,410,0,29,54,681,1670,521,0
5478,526,246,1492,488,2632,550,1175,25,103,2524,1555,274,609,3110,1411,581,1,3828,3
14,105,4704,694,244,44,319,673,14,40,306,2091,1033,38,2653,499,1777,99,4105,1151
1777,73,13558,1724,370,1080,154,2300,12,635,215,977,723,128,69,7,2243,81,10,1139
