-0.5686462949241016,0.04872692504526359,0.8445047014065596,0.9721904437127282
662,405,250,246,692,557,522,1500,1331,845,491,851,899,465,740,453,706,313,417,825
79,316,780,584,744,834,1903,306,288,483,163,817,112,388,575,851,1209,1432,507,391
517,1378,966,1283,991,1610,407,519,1446,1065,735,1663,1296,1600,1494,68,587,265,530,1083
1943,343,797,815,1270,1200,454,1525,1451,2283,348,504,1679,909,915,429,2227,1203,676,236
876,1155,754,577,1105,469,756,2866,1500,654,785,1149,1548,1026,910,701,751,2852,1074,672
468,888,434,762,2050,1259,293,1271,340,922,1566,1432,2753,1204,568,2301,746,665,123,921
804,1345,1302,988,509,1054,1346,2219,1281,862,1359,2455,339,3182,1070,1958,810,1531,779,391
615,449,949,1905,1013,1398,1517,386,1676,995,1236,1714,2122,615,2274,277,1517,478,434,569
265,584,802,912,1592,561,1799,1694,1032,1419,1979,4286,1343,846,1400,1277,1155,1226,550,434
1016,290,559,1167,1339,1056,996,1899,1413,1841,3086,1032,1792,1245,0,1388,1574,622,1305,763
714,466,792,690,862,396,1601,944,1532,1599,2563,1384,1302,1045,923,1115,1394,1011,717,702
1141,553,596,872,905,699,1289,877,1510,1352,2259,1413,2172,1364,1529,856,154,197,987,302
1252,721,676,432,1403,1575,1021,1178,477,1849,1302,1894,2390,1291,899,1292,2734,496,450,1505
824,503,706,1263,418,817,1357,671,366,1224,301,1331,171,409,957,148,1149,877,457,572
936,1177,725,399,910,4,564,546,1810,1729,1154,280,1186,2217,732,779,1022,1096,1035,412
502,718,751,1538,1189,400,927,314,1272,1760,730,477,1001,883,776,602,395,1038,1294,1044
728,419,705,865,1107,721,927,1026,810,1148,773,507,1064,2045,729,1197,1742,748,106,578
434,698,728,997,492,739,839,1201,387,1014,2130,974,982,564,804,531,1278,420,637,823
377,1082,773,1836,1110,1170,742,827,911,829,577,1161,1621,1274,1026,1138,960,705,97,478
708,267,938,261,280,683,446,652,298,643,221,1149,442,315,1485,624,582,402,183,505
