-1.527214637190389,0.05914405188100857,0.7851414257799555,0.8933111164034729
717,531,727,58,61,880,83,4,2,175,11,2531,2888,234,331,156,506,471,100,54
1742,91,77,187,582,211,3,1227,6,655,0,27,0,1150,443,561,356,1191,800,97
43,0,633,15,42,69,1,1,369,472,554,204,1005,1743,1532,19,917,54,820,670
76,361,122,80,178,664,790,411,21,43,742,441,1222,307,14,465,793,627,2981,0
1364,393,4,28,511,542,1083,26,309,28,1179,1145,978,101,124,115,1058,440,3074,0
1065,25,1289,3,626,138,107,1527,142,12,853,7,12,893,0,1744,1077,27,96,2
1026,2162,102,852,249,388,435,716,3440,322,1018,158,1805,685,6705,1,276,1315,358,7
431,40,502,1289,9,1365,8,6,184,773,3385,956,287,25,676,2979,161,72,1067,870
1214,918,38,212,231,525,144,4323,1662,690,672,3577,1650,66,3119,2,1356,877,4345,1114
2,286,360,324,462,2680,1737,2655,2279,3719,436,437,229,1688,3979,774,718,1663,1318,241
41,322,826,129,230,235,1116,2336,2787,355,3308,7660,4550,494,1899,34,346,52,225,900
30,904,764,768,1405,1,71,1038,3482,2152,2940,6942,3853,2176,2888,1061,3533,979,250,200
1716,166,235,49,390,364,720,2308,1920,2217,3694,4335,2706,164,4769,4281,2905,763,4728,423
169,225,394,673,2123,19,35,225,1156,385,2332,1071,594,247,1868,4772,2293,873,1255,48
1,2,52,6,1106,0,2267,11,2602,75,2958,6559,2728,999,1381,2597,6,10,314,905
1292,254,1867,740,1165,418,120,2014,878,311,399,5232,64,174,2,1680,678,494,933,695
2914,1957,22,688,593,926,577,474,243,30,125,339,568,1612,18,1340,2,128,860,1086
44,241,674,24,3460,269,856,1237,1403,2173,2361,702,5,485,596,568,925,149,558,1
465,1,106,2580,410,715,99,1454,1,185,453,1051,57,2206,1027,1142,1743,825,3713,349
168,1036,187,1526,611,480,2854,1808,1169,330,1276,1077,1859,2,522,62,299,100,2717,338
