-0.8404466297351748,0.010240944772550444,0.8097204274288136,0.8470484320482504
1262,164,939,725,8,334,467,751,599,881,185,936,726,1217,1559,1191,450,700,348,1536
651,870,1415,885,383,980,561,926,1156,1083,1608,656,632,766,1882,566,2491,185,1320,593
711,1356,437,1038,613,674,651,77,579,46,749,30,1297,5173,977,839,643,1339,326,368
1098,860,917,1319,1245,1405,262,1236,346,442,101,421,19215,396,501,763,402,708,574,161
392,121,93,1084,936,1144,1282,725,255,939,456,95,743,971,630,495,826,251,712,888
338,894,699,1118,100,305,90,1292,313,542,1246,0,1238,169,0,876,492,119,410,207
983,219,1507,1555,636,0,783,2033,350,5106,603,89,1273,361,343,376,583,613,477,1013
482,2538,456,426,588,1202,145,865,1295,186,1084,823,775,923,0,144,1424,642,223,777
337,62,58,1642,665,2208,313,620,1461,805,198,43897,32851,1050,335,949,103,70,145,406
1232,1870,0,469,799,145,397,460,403,965,843,1255,371,457,564,224,773,495,38,691
1865,611,457,346,493,52,370,184,512,453,2314,129,761,636,546,69,2002,132,1759,878
615,754,1386,885,464,1951,376,471,1311,650,723,880,425,521,152,2020,258,345,1175,329
784,138,1011,777,284,535,309,968,804,263,922,309,1123,1496,365,240,579,336,704,735
473,528,685,387,1293,229,85,247,793,814,836,866,3,227,862,662,741,412,1666,970
167,920,105,1079,762,817,549,1221,55,805,554,408,1030,419,252,740,361,526,839,564
1253,323,191,161,482,0,526,161,211,273,458,408,115,246,1299,662,441,401,648,135
517,707,5881,90,430,809,366,61,1256,302,678,763,749,534,854,1029,1503,1080,562,420
487,537,352,655,877,1228,729,895,411,356,138,771,637,953,945,700,588,620,353,1557
981,469,220,659,137,1060,687,305,398,237,1191,1477,20,119,1206,95,195,793,335,583
1280,720,278,192,682,280,1279,686,341,710,392,1544,741,1585,780,726,81,799,0,1389
