-0.9113083561890466,0.0015974893893554625,1.04045109106594,0.868202936070061
26180,1001,533,937,562,100,273,310,350,511,345,1366,431,397,208,810,2199,206,673,26798
638,0,636,1877,789,628,107,38,2758,960,221,287,1561,873,182,508,718,1945,851,1932
999,264,7,1448,108,118,871,24,872,0,1430,190,378,928,1289,579,431,728,1015,1222
639,328,259,439,232,812,421,918,998,549,259,1229,0,516,93,547,621,792,224,619
386,643,124,235,281,1995,532,492,1334,739,13,835,355,1212,280,1725,244,633,1353,266
536,3236,659,1235,100,2123,1333,870,328,464,489,379,358,588,674,288,311,794,471,369
629,492,1488,808,970,7,273,816,769,925,266,990,47,365,137,233,1929,581,728,1339
480,476,263,186,446,362,4,893,0,554,320,818,512,760,645,884,1845,980,299,248
430,579,452,366,26,1085,630,725,459,570,2095,234,999,240,580,41,2721,597,377,384
1211,369,58,379,105,963,531,1001,455,615,837,231,354,109,96,721,273,430,680,185
195,1386,447,1171,510,921,421,186,1140,1647,283,1079,589,864,1091,1318,546,358,555,577
336,282,1660,2712,304,933,783,814,649,667,528,521,683,1464,574,1540,1737,107,446,534
854,407,580,746,2032,63,620,617,438,6423,180,1073,157,814,543,145,1454,153,380,312
1283,502,1369,13062,544,1152,1111,1227,473,221,1459,81,1427,751,361,380,44,99,773,377
975,459,340,76,1550,225,93,290,2816,447,1070,291,518,1316,1850,426,983,1534,572,529
203,1052,156,982,191,874,1135,1317,279,635,729,632,692,609,147,985,1791,1631,686,449
974,607,1431,3881,128,845,1337,507,1725,367,556,231,4,233,486,1096,794,338,49,1387
535,587,526,1082,1004,123,931,1010,841,79,512,376,821,1764,973,1062,687,1162,513,649
829,8771,20904,0,1694,1448,795,1424,595,421,454,688,301,867,1439,1066,1332,4330,657,1288
937,39,191,792,660,88,711,998,973,641,814,504,458,730,331,461,1310,657,456,216
