-1.6005557732404996,0.05097554353781141,0.7985659210177176,0.9019054061942492
1891,49,2328,125,114,1370,1351,9,1,463,2,759,1092,8,67,1116,563,4,1,3
477,88,596,1029,171,283,363,239,91,600,62,3,9,746,547,43,771,396,257,1215
127,488,2,237,1200,697,686,1,4,1800,1395,1038,3,2162,51,3,530,295,38,3797
1533,7,334,210,135,337,631,175,1720,2701,628,154,326,1512,214,1,1921,223,902,509
3162,151,1375,600,26,1240,1849,72,17,515,2,827,4556,138,39,818,13,556,886,4
452,2912,239,197,18,430,3,1285,381,1543,101,1151,34,93,1409,2571,521,2,1384,403
2,407,325,27,1,1332,1102,1612,1174,857,17,1405,1043,1185,1814,1621,1057,99,6,555
211,8,727,126,226,1048,406,2569,3489,706,0,1500,2,2805,116,1460,2900,131,1707,116
464,2,1112,1452,1781,894,672,3311,792,2922,1616,2008,1234,3,4118,513,2151,860,304,112
29,14,264,1797,296,742,1923,3185,1562,3655,2379,1781,902,1592,4394,1176,2075,7,1238,552
4,15,1599,288,1349,1,141,3139,3917,70,3274,3242,4279,39,1428,2618,19,1762,36,1054
1,68,1214,3058,1186,1030,1325,2134,1321,5192,4353,5963,1683,976,201,1636,590,36,43,1031
1,2,27,2052,3613,444,1184,5159,6404,2048,5173,2197,5998,553,236,688,638,1307,2070,380
674,3001,555,359,1247,679,228,1857,830,2,350,1056,840,409,630,1100,0,40,13,1594
681,1162,578,282,58,20,3238,1071,1516,221,1669,204,1925,10,65,1150,746,10,836,664
630,2003,13,614,122,458,1640,2412,2063,848,434,1171,315,10,8,1602,193,2,521,328
1080,803,1706,531,21,1712,2833,677,486,119,106,1543,935,2148,104,203,639,618,15,1742
462,636,15,1326,298,32,730,143,4,2185,2,1449,2141,10,1053,1967,142,207,242,357
2477,3,169,1574,829,27,2,538,32,270,1142,793,2826,4736,3219,331,175,1394,205,281
47,896,1002,391,2161,2245,161,28,768,639,109,410,94,2722,745,1264,941,1234,665,339
