-1.1036340225770873,0.003426863042762668,0.9844700511057828,0.902051914833256
2486,2413,1148,394,320,1047,0,156,6,867,578,332,2443,1728,765,2962,0,2382,594,12401
4466,2239,2365,218,779,370,418,1854,2304,4808,361,1210,16,950,74,699,2055,2965,2640,916
1112,0,1334,1706,528,285,411,142,0,1733,175,775,14,659,3017,381,1199,2003,114,1537
1472,4792,1987,389,374,1270,206,5188,858,241,407,170,2025,140,1316,471,1496,507,181,1635
385,293,1018,872,0,2931,1259,491,27,61,1337,2078,7532,405,250,1937,229,225,279,1017
0,376,136,0,721,600,510,1775,2058,1089,169,110,848,0,1262,142,12,187,1232,129
142,1059,191,508,451,198,11175,1005,242,826,219,583,472,1152,751,992,365,2570,1687,290
987,120,998,136,89,360,668,380,661,919,1025,1185,1239,146,765,27,1109,601,996,242
7074,517,1466,2526,2518,958,292,1250,835,1467,35,296,1697,523,1482,1011,90,2512,1522,1645
2701,355,427,1061,1762,418,0,569,2056,452,590,955,60,374,655,480,43,610,674,661
1412,852,13,665,788,2145,381,505,104,775,1861,471,55,554,203,1558,825,153,507,23
96,53,704,1334,258,12,249,401,2102,1122,1140,188,782,1244,163,87,162,424,142,739
732,155,635,480,421,272,299,926,500,333,572,249,1685,400,805,320,84,2981,1549,1608
553,98,335,3390,1568,667,198,279,238,64,31,326,217,608,184,780,299,505,238,231
430,19,928,70,172,837,1174,351,3191,310,1414,204,738,114,688,121,164,42,240,184
750,377,372,3380,1045,1680,482,1973,394,14,150,1711,713,1247,149,906,271,964,1049,321
149,545,1134,260,3,939,946,1567,4937,700,24,242,791,1350,657,1374,1562,235,385,2146
91,267,1246,269,6,335,0,78,1076,772,289,326,437,268,1101,300,3243,1898,282,1998
130,3912,0,532,2448,2063,253,297,557,254,1734,325,77,269,526,487,745,507,83,0
469,2006,55,520,1049,158,1620,2038,332,1219,599,1431,1734,280,2052,835,6988,953,23,6757
