-0.8548957463147936,0.052501135585965704,0.8285134692945701,0.8998049063151726
0,967,135,167,638,1092,1389,1205,226,145,984,1386,559,385,277,891,215,430,107,462
190,834,1185,190,250,1001,845,150,587,822,142,100,453,508,311,454,584,869,879,384
833,636,446,605,362,1227,539,1686,365,455,2648,832,1171,967,1581,339,521,627,1813,643
462,93,2393,445,888,990,1413,725,1496,244,856,162,2499,421,224,0,321,417,1531,408
254,990,341,170,381,416,334,397,494,620,425,489,593,1023,141,453,1114,1081,361,710
2096,482,650,377,1836,464,281,592,346,608,687,2402,422,797,661,2183,713,770,913,771
441,810,276,259,1098,223,476,814,595,109,639,805,690,2127,544,1034,366,16,578,2379
395,392,240,349,507,1214,758,124,425,844,1481,719,702,2105,2217,908,954,476,181,837
869,313,1183,806,184,214,477,902,878,735,607,385,346,860,502,5272,731,517,896,853
144,1543,281,796,126,409,367,1671,699,296,259,278,1512,729,1612,12521,2466,151,4350,253
379,476,332,28,641,1025,944,845,447,634,1033,1781,232,25,6033,5650,4059,13453,1008,273
1570,703,541,1583,1634,85,477,598,790,1079,223,879,318,274,303,2631,12977,687,735,2654
117,307,152,482,344,254,1373,1600,345,190,827,360,770,1277,647,11892,13568,1760,673,4618
239,1955,514,169,1206,513,514,1350,366,491,565,881,466,813,357,746,1830,2732,696,399
955,552,443,433,1653,835,1159,1131,2025,696,236,1401,261,1477,565,803,354,701,320,189
863,691,558,414,722,1463,372,840,5777,0,522,614,708,138,1468,1651,689,13,560,754
789,673,622,1301,195,267,747,1289,1065,691,271,313,336,318,889,1893,9192,1718,417,423
407,981,190,894,556,190,345,244,746,221,655,783,680,1532,809,542,217,415,369,520
298,628,439,200,456,339,721,487,366,435,848,732,987,1615,251,968,329,545,1096,742
1164,592,447,451,179,885,923,79,636,331,142,1174,937,874,1054,719,934,0,1344,190
