-1.6225338835829837,-5.453916203170527E-4,0.9688389508213338,0.8482805131123553
507,507,2600,366,1990,351,312,733,509,1,1263,275,10,275,235,351,1883,1961,18,5770
477,1553,279,178,2716,1428,158,93,1237,1156,1910,1226,554,1362,149,3608,467,267,211,2001
11964,3243,217,614,92,1852,1892,306,378,54,1,762,28,2117,408,545,5607,796,1109,0
14,173,569,63,1,177,128,542,165,768,0,59,22,133,505,7506,0,284,392,4371
13,1707,3788,4,16,3112,177,1115,471,46,273,744,52,543,464,3505,301,1104,4093,168
956,58,0,740,423,52,1160,37,223,304,437,599,4923,145,2530,25315,149,842,1539,926
290,2467,7,661,464,2,4,24,0,243,2142,210,225,1249,449,76,845,466,0,0
431,0,92,491,1075,38,1,592,7,1716,874,628,490,1993,28,1149,18,1155,121,1602
3555,2264,359,245,79,2310,3615,430,581,120,8113,1020,1051,624,144,5,2,12,6,25
169,354,663,631,975,284,904,35,23,2483,1789,2639,75,1031,2100,42,495,3,1872,633
819,1851,1575,563,10,0,212,271,0,1524,6,1818,755,1267,871,61,1910,275,213,2523
150,286,1934,51,805,68,452,78,58,884,66,1206,1404,3216,20,79,1184,342,3531,710
707,77,1889,5,249,0,2,0,2080,432,2,48,4,190,271,746,452,294,1949,72
2445,504,55,589,84,937,40,1054,0,3152,585,2053,165,432,2383,185,10,313,29,3090
324,1,882,32,1274,13,128,1321,51,748,0,867,885,1493,1301,261,884,1065,23,3
791,2956,4307,1086,0,158,0,37,322,1015,151,412,680,532,26,1135,4,569,1,257
1241,630,15,0,58,365,364,405,6471,83,583,46,751,344,60,5429,352,231,2869,1228
192,619,20,313,722,363,55,1,347,947,160,1831,368,186,3373,18,1118,2999,1,291
1370,941,119,535,33,1396,2253,165,62,217,876,868,844,22,565,128,14,1133,4290,395
749,205,21,10691,641,914,938,7295,15,46,283,7723,437,4612,3,660,26,15,350,2043
