-0.8944979225882344,-0.005508751490411097,0.9318253202102573,0.8657188131775201
833,0,545,786,511,1614,1180,706,236,1097,1015,402,1205,684,320,6554,185,698,192,156
97,220,527,640,343,206,468,459,988,702,342,715,356,786,161,474,889,133,385,476
0,1031,543,85,688,374,208,286,1336,56,997,239,637,424,549,131,685,6348,1179,988
1045,2156,3795,925,191,339,952,290,1015,75,7,1032,195,322,617,401,612,338,619,1149
754,130,730,596,1033,354,134,665,137,646,896,985,1125,222,615,207,2212,675,707,941
451,101,569,723,202,213,483,868,0,918,876,168,802,411,512,581,4931,730,321,789
613,670,508,879,14327,150,1658,497,1197,572,0,911,252,341,473,1339,912,3432,98,1127
809,303,752,608,1115,384,636,286,143,520,635,90,610,1444,813,1995,548,1662,380,293
935,1133,998,489,595,804,224,260,1065,673,520,335,245,113,970,720,429,1545,1047,126
456,7384,658,228,987,470,1050,86,711,807,839,7143,45,849,2180,1352,530,987,0,771
1420,300,769,286,547,826,222,521,199,7375,240,357,928,388,992,1089,387,289,189,1195
521,845,237,694,892,198,264,610,462,608,567,1289,792,861,1156,1058,129,0,183,5834
368,1496,1662,809,667,186,171,648,281,306,167,729,520,210,1195,305,6562,555,1473,23
366,449,420,504,310,1478,1021,456,1720,634,413,353,872,1215,1128,231,606,2507,707,141
892,911,150,883,200,953,869,16659,2249,503,619,618,273,870,879,951,2502,540,684,684
694,1131,70,1255,167,957,0,644,1689,465,935,1040,648,9230,0,331,750,273,596,151
479,512,89,221,534,808,526,425,993,704,798,1335,705,634,501,212,352,957,328,466
614,627,360,1413,59,656,1003,428,0,333,319,663,4,208,693,161,1501,1249,591,413
22357,401,255,152,566,542,0,586,524,774,57,1227,604,1035,633,402,862,716,615,276
687,716,0,167,259,120,771,625,553,168,1053,1020,591,21410,280,691,0,730,510,121
