-1.11972219404068,0.026491103397506204,1.050115469653475,0.9174803866676416
5072,303,160,2000,69,44,404,343,2260,215,1320,238,509,5370,1425,12,148,1045,3715,4395
601,597,2245,2517,1293,306,277,189,2579,103,690,1056,2638,379,846,1416,983,1663,275,2354
2328,1559,635,796,263,408,201,215,1005,2661,2661,681,336,1058,1157,283,2167,5762,2744,1389
1044,756,1006,3362,852,5625,2,268,792,603,663,157,950,146,298,0,1123,1350,979,1798
575,990,464,329,45,511,89,594,2134,592,907,296,399,42,32,514,990,245,2445,823
1606,1071,1084,110,723,926,174,204,436,226,557,400,187,145,264,336,67,10,470,1363
185,338,1429,1131,295,13,488,1066,99,2347,366,6,118,3,112,471,1385,359,2205,409
5928,2124,406,478,1073,153,108,250,321,681,656,1031,741,862,154,743,3183,9,247,1591
2085,115,1376,249,112,352,2400,917,30,422,825,226,690,940,987,67,178,356,1228,301
906,692,614,1488,703,173,252,460,299,284,1877,921,10,312,734,0,6,1235,679,199
592,5517,240,156,612,401,1127,201,542,344,141,1043,252,250,1684,528,678,134,2066,964
329,1190,710,1973,21,1884,1620,251,255,228,1111,6,721,199,1883,501,135,1511,890,1127
2511,973,1780,62,47,575,307,198,180,140,656,230,929,563,189,16,102,507,2707,181
292,1502,164,493,1034,254,1577,20,1559,199,18,332,735,707,324,2245,3055,1256,50,143
974,1361,178,323,6,120,1274,301,111,392,655,424,133,2306,383,132,510,35,2010,963
353,666,547,2154,464,1045,736,118,347,208,656,316,568,262,50,71,782,138,2309,3749
906,952,973,318,18,1092,268,448,306,649,417,374,542,1225,1109,1508,143,1780,85,4003
2868,1185,898,495,721,133,195,302,545,797,1481,855,3714,1643,781,825,1987,751,928,132
2042,2648,2698,1149,90,1236,598,323,173,81,2136,296,3221,710,738,1306,1944,2679,2815,3184
4829,575,4254,4907,3318,230,1760,408,620,1280,279,2643,518,2520,1840,2629,1052,3763,1350,2659
