-0.8217749646560005,0.045586023574417406,0.8968703801404829,0.9507817258136613
1675,1005,1275,216,2022,280,303,843,1233,676,612,1343,705,883,514,1091,484,979,387,1781
152,1009,1843,381,1820,846,1252,4003,1667,931,1840,246,1007,633,683,103,1172,1776,1155,1777
1,361,782,650,266,1252,118,235,617,441,903,716,1079,994,1012,1879,830,1177,3049,1154
802,1204,754,363,2387,424,383,475,487,167,302,4947,1901,1250,454,2704,397,3824,485,1141
374,65,764,728,100,617,380,453,488,966,1708,588,9,50,1231,770,1772,463,695,2461
252,658,640,280,1394,838,74,839,187,1046,648,624,1697,0,2204,918,1444,702,3933,1094
212,467,332,1361,1541,967,812,910,651,343,230,1566,271,1169,582,316,3050,1486,2897,988
708,49,889,457,1405,742,1038,1373,214,1202,1630,2124,1699,1667,1548,2083,4296,2177,3085,437
285,267,660,113,243,106,164,620,1226,1187,371,197,1155,995,2350,860,1476,3158,2734,558
861,238,1437,369,1191,996,664,1088,431,2812,2158,426,1,3966,1568,3084,1011,778,1183,2217
1142,1915,86,1010,572,1339,440,2083,936,981,792,495,297,1556,5793,918,1534,1828,791,1360
689,325,578,229,395,244,155,1868,1268,356,1464,2282,1373,1618,1507,2941,302,1289,974,1020
309,669,492,494,166,185,241,442,495,1471,778,614,794,207,200,976,405,753,1307,187
765,14,650,1446,881,423,398,668,699,466,450,1122,24,1042,106,1481,500,884,385,2570
439,164,1389,1037,220,798,1991,478,387,526,2026,1710,341,631,639,892,1952,474,1533,1054
888,163,27,513,19,1010,1597,593,373,63,1044,1246,800,722,2077,903,279,408,1404,243
1874,174,444,856,1224,775,1141,1168,904,1267,840,1336,557,1464,1104,587,774,1073,211,1134
286,1209,249,2136,817,782,1555,766,731,1851,309,1502,817,687,1348,28,1061,1017,415,294
290,413,305,2032,1184,1085,603,400,720,794,1497,798,411,598,1034,845,77,1648,166,2528
2329,540,928,346,1067,68,521,1077,58,595,142,620,250,653,853,1768,264,1517,822,390
