-0.5125336426282769,-0.003988712294729261,0.8531186255497447,0.9049118406074436
1064,1410,337,473,556,851,601,106,1279,1217,1135,430,191,681,703,706,1058,516,1489,369
1049,1736,956,1319,470,671,614,1528,1049,578,424,1271,767,262,925,827,384,987,585,1183
1015,633,1499,723,341,84,1003,542,1051,991,1035,827,677,1256,888,918,297,627,559,1107
397,732,907,740,755,1491,903,370,921,520,902,236,834,619,1105,1277,995,402,682,375
455,1352,815,876,242,403,1286,501,1169,437,651,442,1054,1372,1407,248,1272,656,1100,117
926,687,1125,523,1181,1116,596,409,559,724,219,588,629,528,204,890,876,949,603,687
373,366,240,1001,1048,1335,802,1068,508,1263,940,731,1067,618,1246,629,348,1096,744,315
915,604,1140,795,1105,573,670,1556,1040,487,525,859,745,892,1091,1239,917,481,1606,1002
1021,435,807,684,514,1060,390,416,642,1724,619,390,1489,764,706,1169,733,556,1056,630
869,973,1383,788,853,779,510,55442,913,851,285,1037,822,494,388,350,1317,558,1340,277
1414,1699,1916,13,597,560,740,610,1108,181,273,572,618,528,992,590,1703,687,843,312
606,711,638,689,641,954,606,796,657,689,426,412,1009,687,125,819,1362,728,1004,481
1589,795,192,901,633,602,728,1007,490,373,1107,1099,426,823,1052,265,635,1717,1164,493
628,884,1138,1507,943,440,1255,551,291,1801,802,738,1015,144,687,242,759,417,446,1124
829,723,2069,1032,525,2055,779,480,963,616,243,805,1072,905,1259,355,1203,598,742,855
312,877,1047,560,887,1306,956,686,1456,431,682,1369,840,367,535,875,588,931,972,446
965,376,422,591,1371,1310,844,1504,446,1213,432,941,281,845,468,862,412,840,640,482
355,1797,972,465,1097,0,107,774,322,745,1081,3216,486,1054,546,949,884,1126,1179,447
848,1152,844,776,973,828,972,566,469,428,660,989,260,520,383,562,1491,978,323,909
343,741,1038,1167,712,1538,711,961,570,1157,937,435,719,587,534,1343,1774,777,796,427
