-1.5015291652340395,0.03224759212897696,0.8347477866014056,0.8952932241904581
894,269,2658,297,13,345,1090,157,9,80,5,2851,1859,662,1303,987,1737,460,336,1
462,78,3400,414,439,236,2,481,170,96,759,1461,35,625,98,1266,520,421,313,255
33,277,1034,2,130,2,1,252,306,146,381,112,86,1792,188,97,315,271,196,670
38,1660,89,113,90,459,835,247,17,3539,179,545,42,421,36,1244,936,617,568,1986
2371,468,1467,243,748,262,978,39,2032,241,335,991,1293,130,8,16,1434,551,723,25
354,3,1419,151,1003,248,1,3486,296,87,303,11,835,1880,498,1072,2067,48,2359,398
1279,937,519,1618,18,340,231,381,1559,79,656,371,0,450,6129,489,1396,2309,22,16
398,43,268,1664,4,1652,114,209,301,665,2605,154,271,370,199,3448,308,43,267,1569
1260,1210,15,251,286,901,110,1431,1962,194,424,3571,2296,212,2880,3190,3229,269,117,227
2,1275,123,1473,27,131,1263,1678,1602,2097,3400,824,615,699,4042,760,657,1640,1810,154
0,5819,801,230,164,223,16,2352,3582,527,4086,3765,3872,1979,4484,15,142,106,21,391
20,914,1314,2089,17,520,343,1196,3295,2572,158,4149,1233,3938,1360,1015,28,1071,3681,4
519,224,306,6,395,1007,231,574,1860,2540,4797,612,2026,44,6006,1920,2065,3303,4676,512
275,0,386,2,737,23,51,844,1500,404,1500,3754,700,384,656,4178,4078,552,1102,4565
1,28,6,1658,411,1188,1918,937,2871,1,443,5638,1968,754,95,997,6,29,2779,1319
4,702,2681,528,1567,1100,361,0,1411,192,10,1371,797,2,4,2932,891,478,3289,794
7379,2067,779,340,182,1116,492,1224,1031,168,219,325,1350,1356,5,1018,3,1385,287,2197
6,283,188,165,1333,375,595,36,411,1744,1906,346,2212,627,911,315,612,10,652,3
549,65,5,1898,882,796,0,1077,89,573,347,842,247,2360,21,700,1763,310,1535,36
398,5,506,905,968,7,387,5322,894,621,1438,1017,1208,229,183,616,60,61,1668,89
