-0.801880893666494,0.009888188713349698,0.7870468800208095,0.8502066033161626
332,2463,960,538,129,404,385,1594,1665,381,666,7,1095,0,895,339,651,778,809,632
144,250,1556,976,472,994,495,939,1363,270,158,652,767,611,1829,486,562,562,393,557
1478,331,217,227,98,348,1047,391,1234,30,631,3444,673,1503,198,1457,435,858,325,494
627,970,857,1083,738,1060,130,1161,745,576,799,2615,5158,512,522,897,659,782,842,1164
939,42,560,59,1140,426,0,763,357,925,757,538,962,904,401,499,810,455,1066,701
164,338,802,845,0,178,670,867,391,741,598,981,1456,327,545,235,279,70,55,360
1496,622,980,1706,534,999,311,725,283,1701,707,477,540,579,506,168,315,373,1159,708
591,1116,848,862,787,1096,437,1030,492,1298,538,1047,1035,925,365,700,1226,543,383,567
317,880,349,342,665,1795,217,679,1992,330,254,52421,32704,831,183,788,1473,139,1202,487
2200,246,402,1305,534,758,395,872,489,521,1056,850,515,478,355,730,1039,570,352,1190
851,678,350,602,1499,1026,127,920,1181,264,2794,122,1120,297,456,761,356,740,1417,316
340,1532,1501,1254,272,756,385,918,1743,485,992,514,1631,1391,123,861,317,251,923,834
747,112,939,7762,152,348,1989,837,1216,606,654,1126,1033,253,1019,4149,21,381,616,503
688,371,590,2998,602,83,724,135,659,519,381,53,946,1267,197,128,472,640,792,942
678,569,53,1500,1171,184,95,976,332,533,438,727,755,422,726,1066,490,190,909,354
239,778,883,1069,570,759,13,334,92,295,850,1006,255,198,572,150,566,989,1678,387
542,980,205,827,384,315,882,175,403,192,659,799,880,45,1831,437,430,938,371,510
1912,310,56,1007,1313,931,164,495,1326,1510,381,854,232,606,461,328,468,610,997,529
681,507,226,180,179,552,171,1068,85,1526,652,898,340,1093,1245,69,88,1049,268,469
550,503,856,0,1044,52,640,512,672,1117,541,808,1349,751,495,726,128,196,931,1380
