-1.40761881810583,0.0038622252247193763,1.0364100414635267,0.8511509342278584
26552,1245,1059,3594,3,171,35,1987,342,195,2637,803,245,70,2586,0,598,1455,4105,3033
436,963,1240,133,380,233,4026,0,1347,1339,2101,678,46,474,34,3403,281,233,144,893
13079,5891,614,1226,907,1229,839,515,0,101,0,2,2808,1392,451,3818,2324,409,679,481
214,101,90,150,99,16,249,1883,548,121,6,554,3,1312,48,0,258,1248,437,3682
67,1043,811,0,289,0,401,225,41,1415,230,20,844,90,158,1562,322,947,574,818
3712,135,12,2048,635,67,573,253,765,175,2408,796,2151,257,1092,187,78,708,1217,142
1746,573,35,0,502,74,10,146,525,245,225,1164,112,73,4826,37,152,1244,40,729
28,385,2189,441,595,1,223,1265,111,807,814,449,100,4337,390,148,286,331,110,404
4900,79,224,15,828,1131,3100,634,226,1820,2682,221,126,0,388,366,50,3377,473,513
2022,646,106,1191,1209,68,106,1299,658,6563,529,181,473,140,8,1256,564,2001,2502,225
2193,130,128,178,569,66,355,428,102,8,220,388,1418,238,298,602,33,344,1566,552
474,644,181,445,710,21,652,79,244,327,282,685,279,556,312,36,128,2246,217,522
431,282,761,0,369,408,167,3499,32,101,2068,154,38,166,659,1471,117,663,0,38
785,616,174,433,349,441,110,0,384,2689,10,1891,67,267,1611,35,201,1910,740,237
382,1,245,176,344,352,7,318,86,963,333,128,1538,776,436,126,619,2427,618,85
490,4336,17,488,690,279,1024,177,288,553,160,642,5,1742,447,2417,41,1038,2485,792
55,652,164,337,78,835,2176,128,6379,296,6823,650,971,2033,543,2683,180,141,3555,674
37,177,689,294,99,1357,208,244,541,78,4821,335,91,250,5329,648,192,1718,151,2140
2805,5376,18,24,98,1185,4768,43,1414,1043,1030,242,451,15,96,0,89,10,7405,0
471,581,134,1335,2,2692,143,9359,137,711,467,4722,204,1994,350,4495,74,999,180,3264
