-0.6709997474103975,0.048375722532659725,0.7984409763227197,0.9509769535343513
117,573,1203,685,145,162,1193,314,72,797,349,913,749,654,560,365,814,769,473,423
354,1383,587,0,456,111,1365,1165,975,1716,443,531,269,461,1163,1273,312,587,275,330
379,675,127,895,805,943,255,1050,776,595,1691,1075,901,793,830,437,156,728,499,207
346,711,593,762,713,1015,202,1245,1325,843,1795,1189,1133,670,953,296,1020,264,263,604
1421,720,143,209,456,604,1472,983,910,685,2860,2433,1549,863,709,188,283,374,648,1075
443,979,620,892,1154,1415,1147,1536,1508,1570,1128,1041,1145,1069,2726,587,1932,398,1221,550
431,1093,1604,1376,1235,584,1396,647,1154,4029,1132,3060,1573,796,867,653,864,126,993,999
1555,460,619,695,465,1228,1780,530,625,1788,5993,1141,1399,838,878,1440,1588,591,309,623
385,429,821,469,1933,855,1207,2201,3074,1426,449,3151,1079,520,414,1173,2450,379,1220,679
1358,57,819,1364,451,900,679,760,1004,9935,1111,2383,2331,818,2380,481,281,699,971,651
900,405,773,1048,0,1772,2060,2546,2549,2374,1534,1123,559,1009,116,1493,573,722,1199,322
243,947,575,928,644,1545,805,1662,4117,1198,2174,2579,1498,1640,10360,418,601,488,702,269
845,797,808,1213,582,0,562,652,1179,534,1668,2542,1852,1255,2596,741,1516,590,724,642
444,1705,472,312,344,1655,3225,766,937,2732,1622,664,2200,807,804,918,1029,989,739,959
923,580,461,663,989,420,678,470,1004,197,1150,220,1993,393,1193,1095,644,1650,918,312
364,387,1227,974,602,605,195,976,843,1994,1167,855,1008,1001,539,262,1004,1048,979,489
260,302,114,598,849,2018,1654,315,1022,1327,261,1114,572,769,606,983,890,380,725,898
208,592,440,254,1180,606,307,349,942,625,147,126,1082,799,544,328,443,581,696,259
545,530,417,610,451,471,425,232,810,573,851,721,924,247,888,448,496,837,771,1197
344,1133,644,364,426,196,922,440,316,852,1275,624,428,722,1053,592,1112,238,889,1119
