-0.474114282170015,-0.0039919666514128685,0.8458872521349178,0.8978944990753528
1207,1410,228,493,428,851,601,158,1179,1217,1102,1349,273,900,703,791,1058,526,1489,362
385,1136,1645,1319,335,815,614,1721,1049,578,424,810,767,385,925,827,384,1038,725,996
899,633,456,723,680,300,1076,535,1051,991,1035,774,832,1256,1014,951,297,412,559,1107
472,634,669,762,680,1577,1170,370,723,520,974,1040,934,619,1105,1277,907,402,682,375
340,1494,1445,607,372,403,1118,572,1169,718,651,442,904,260,1339,248,1129,616,1100,260
926,694,838,457,1181,994,521,409,559,724,200,588,386,472,598,920,876,1114,603,687
373,491,274,948,1048,1415,802,1068,508,1375,940,664,1325,618,1246,543,348,1096,579,559
915,535,1039,795,873,679,670,1653,1020,578,729,859,745,892,1091,1239,860,481,1552,1002
1216,267,807,645,514,916,390,416,600,1082,619,390,1514,764,616,1169,772,556,1173,500
902,918,1383,463,853,515,510,60452,913,851,296,542,553,494,383,350,1317,600,1340,627
1414,645,1916,1125,597,529,1233,610,940,181,273,670,640,913,992,590,1717,412,843,733
606,581,638,689,641,663,606,796,718,681,403,372,1009,504,272,987,732,728,1004,481
1156,1734,290,928,633,442,745,763,364,405,1107,1099,421,823,794,751,635,1852,888,736
551,884,1138,1507,1065,513,1255,586,291,1726,802,743,1034,144,687,869,759,417,446,1146
829,603,189,510,525,1913,940,480,828,616,684,931,936,905,1088,355,1203,598,742,642
220,912,1241,555,887,1504,870,528,1456,431,687,1248,840,367,535,875,417,282,789,391
1037,454,422,591,1107,1310,844,1504,446,907,424,1009,243,1047,468,798,482,847,442,482
355,1604,834,582,1080,0,248,906,322,745,1081,909,602,1054,504,949,909,1217,1377,583
856,1152,945,880,973,828,1622,566,917,466,839,882,260,333,383,531,1491,978,323,909
343,755,1038,1116,712,1115,711,999,479,1186,937,603,719,709,657,1343,1851,783,796,427
