-1.2305420695335059,-6.692026782944523E-4,1.0489090728859964,0.851322482146426
27635,383,0,133,1333,41,194,446,1615,343,393,140,866,2369,615,1392,298,2,632,16675
485,2092,475,608,1214,94,763,751,47,34,145,475,4306,2088,190,970,793,573,395,868
599,647,657,923,775,17,117,237,424,405,1201,1794,512,198,499,303,27,653,2573,1581
677,131,3347,991,110,36,0,3645,180,954,1324,168,1732,608,141,426,650,0,235,1149
924,3390,285,23,242,51,1391,256,41,249,1152,3380,554,467,1264,392,2110,2020,2708,1013
862,1350,702,467,2030,1124,2333,1019,133,274,914,1457,351,89,79,115,1234,772,1294,13
823,2049,1133,1193,868,422,2327,14,743,554,509,476,800,64,515,190,11,240,467,94
309,4113,673,563,0,221,285,485,171,336,294,1,570,549,657,224,2624,605,30,675
2321,3059,71,1276,47,548,1585,259,15,86,0,2880,1142,939,449,785,81,317,517,41
2007,79,210,70,138,26,353,364,419,86,757,497,573,46,62,547,100,1137,739,297
1761,35,639,3,1786,494,383,1598,168,0,188,274,306,1005,154,13,5103,2215,337,4338
140,1506,4119,22,731,422,68,394,267,695,81,170,1472,1589,1217,2073,132,243,607,468
1062,964,446,144,379,891,241,191,290,546,1256,77,470,15,85,952,208,1325,198,123
102,268,318,1757,283,2128,73,2142,506,2092,692,927,967,110,273,86,468,821,1209,557
384,3300,507,469,402,547,880,245,2289,30,80,79,176,254,406,605,41,489,353,1202
133,39,956,489,1155,1178,244,2058,1170,1153,148,567,391,441,62,254,45,2164,1650,192
0,262,2536,110,2554,402,133,1879,1910,701,2285,2521,158,916,87,316,1008,783,1175,402
519,617,804,509,72,7325,2,439,579,290,568,123,1557,265,375,262,1109,854,135,871
57,561,0,211,0,230,504,740,4014,2810,1482,268,84,177,1192,534,96,366,109,1058
283,2124,26303,317,24,1050,933,46,191,830,303,184,6850,16,0,3423,278,1522,681,1561
