-1.894932565562172,0.0019546597553563518,0.9388906874735282,0.8496523364962325
2692,1647,417,33,2880,52,22,177,1615,106,730,464,2,13,72,0,1,226,1019,3
146,3,1493,77,1100,1,1,4,3,1568,14,1170,2147,1000,490,2594,1205,2760,1,1076
160,754,2725,222,0,39,398,119,0,8,14,453,3,680,84,484,1062,89,403,1829
807,100,82,417,24,335,182,846,2,230,1144,388,61,490,674,2190,2,1760,3,9706
928,111,446,0,174,3723,1182,897,158,221,39,347,101,1590,107,643,2,462,72,20
103,6800,392,1,86,2501,169,73,40,20,60,1,32,25,2070,1736,887,255,1,22
3246,27,1573,3,0,330,142,2785,86,32,34,682,393,4745,1271,0,2133,62,4607,8
11278,5416,802,10,1540,740,1314,612,174,0,3171,100,356,4113,245,190,1497,2787,344,424
2858,843,265,1538,2474,6,181,999,46,82,2,134,158,339,225,211,2485,112,635,1775
190,233,233,41,28,212,665,499,269,5135,6038,994,22,6427,983,1437,1374,14,178,367
1448,8,6,276,385,918,2051,319,2,567,25,51,525,710,266,240,153,228,54,44
27,306,301,2964,4646,879,190,2,21,1481,3478,12,545,97,2274,1821,5,344,1761,156
115,7,1814,80,169,10,1620,234,1631,5027,354,571,2896,228,2116,738,1,1356,19,1439
4,148,424,1951,2189,2324,12,521,228,115,205,319,228,2149,27,329,10,11,6235,4893
100,82,141,395,3413,1,226,1,1367,1044,451,74,2479,8062,6980,259,109,2833,476,1750
2100,826,577,1,3067,69,1,2390,32,155,42,2,4641,700,786,641,1193,1302,2593,1
7388,947,2557,9,383,854,836,386,2554,1255,177,1,2699,1,16,6,51,653,3,215
5009,5102,745,934,37,214,1612,227,40,2718,67,2514,63,69,5716,1244,5575,44,26,1
1044,12,2719,1426,440,1651,82,668,37,515,173,42,883,88,434,253,404,2,39,249
67,1186,109,962,252,1012,205,875,169,5865,1,1747,988,105,86,213,737,2,1,7900
