-1.0966616946959171,0.0035852294908743105,0.9869277795838164,0.9018161311347275
2486,2413,1148,394,320,1047,0,156,6,867,578,332,2443,1728,765,2962,0,2382,594,12401
4466,2239,2365,218,779,370,418,1854,2304,4808,419,1210,107,950,74,672,2055,2965,2640,783
1112,0,1334,1706,528,285,411,142,0,1733,175,726,14,659,3644,347,1199,2003,114,1537
1472,6154,1987,389,374,1270,191,5188,858,241,407,121,2025,140,1206,498,1496,507,181,1635
385,293,1018,872,0,2931,1259,491,27,61,1337,2086,6259,405,250,1937,229,225,279,1017
0,376,136,0,721,600,510,1587,2058,1089,169,110,848,0,1262,142,12,187,1232,129
142,1059,225,508,451,198,11175,1005,242,826,219,583,528,1152,751,992,365,2570,1687,290
987,120,998,151,89,360,668,380,661,919,1025,1185,1239,146,566,27,1109,601,996,242
7500,346,1466,1899,2518,958,289,1456,835,1467,35,296,1697,523,1482,1011,90,2711,1522,1816
2701,355,427,1061,1765,418,0,569,2056,452,590,955,60,374,655,480,40,610,674,661
1412,852,13,665,788,2145,381,505,104,684,1893,471,55,554,218,1558,825,153,507,23
96,53,704,1334,258,12,229,401,2102,1122,1140,188,782,1244,351,76,162,424,142,739
732,155,635,480,421,272,299,775,500,333,572,249,1685,400,825,320,76,2981,1544,1608
553,98,335,3390,1568,667,209,279,238,64,31,326,217,600,184,780,299,505,238,231
430,19,928,70,172,837,1174,351,2907,310,1414,204,738,114,688,121,164,42,240,184
750,377,421,3380,1045,1592,485,1973,394,147,150,1711,793,1247,149,906,271,964,1314,321
149,545,1134,260,3,855,832,1567,4937,700,24,242,791,1350,657,1372,1562,235,385,1945
91,267,1246,266,6,335,0,78,1028,772,289,326,379,316,1101,302,3228,1874,282,1998
130,3912,0,500,2448,2074,253,297,557,174,1734,325,77,269,636,487,745,507,86,0
845,1963,55,94,1049,158,1620,2038,332,1130,599,1480,1734,280,2052,923,6988,953,23,6757
