-1.3606617509850831,0.0498873772562116,0.895766545627833,0.9071032890846332
7,3029,3557,1899,416,558,1708,1405,79,759,12,1627,1813,54,0,1305,296,665,354,1894
117,1741,1056,1120,1858,222,35,161,1658,238,643,327,411,1,3,747,348,2525,18,3325
10,762,3191,45,0,4,1481,1337,1701,36,115,414,1361,359,3366,366,1120,700,1437,1107
414,70,434,588,2236,120,50,923,703,17,484,1660,1993,698,4051,1,55,2152,2,498
419,254,1042,693,122,636,1064,28,1059,777,1735,1,970,3419,783,1127,489,136,865,580
161,246,22,516,1779,610,863,1682,111,70,151,1967,3215,1530,691,110,15,154,1614,405
77,1639,673,617,294,200,511,630,486,256,261,283,2250,1041,7,4378,1197,1795,1841,2566
177,1268,1565,4,311,237,34,97,75,594,3944,1268,376,0,158,4,3165,2429,514,516
1232,1440,1174,41,2,1,150,149,350,751,95,8,20,202,1656,4400,1065,4155,1762,2835
76,151,1270,2133,263,1,37,69,351,82,49,289,635,748,6027,686,2961,325,984,455
235,152,58,1858,0,714,590,2254,9,201,1689,124,1234,199,5315,3566,2047,2121,294,241
22,147,812,249,269,904,1882,1880,274,847,500,1742,114,553,3566,5177,6105,1154,2018,6245
63,543,1691,1623,13,2627,184,765,638,581,907,224,1310,1328,0,1967,4072,0,926,4023
327,65,428,1198,1661,1738,171,1782,81,1132,1,391,1640,195,179,651,1106,3152,376,2626
2502,195,365,432,395,0,137,885,466,38,1,1442,2626,501,1339,2161,2664,1140,335,664
2435,45,2,392,829,488,344,729,136,1722,3,666,22,1539,399,1056,448,711,2549,22
165,908,560,95,1643,576,699,2496,68,3451,85,54,577,2563,753,2880,1139,4081,597,1057
583,641,419,1247,0,30,508,1140,1242,374,181,399,909,731,1349,2601,1835,1091,403,2663
1160,72,360,1200,20,556,234,1683,180,1441,804,486,570,126,702,3153,587,2100,455,31
368,26,514,23,316,359,270,1279,725,405,23,243,479,1841,600,1124,2373,4193,336,91
