-1.0593136609458564,0.04760934539991599,0.9048712892498982,0.8995711296200931
975,641,935,586,2465,1364,621,199,6877,818,228,236,1191,1328,283,215,106,741,1910,392
621,688,41,113,99,270,833,849,1175,794,138,126,468,806,240,390,793,681,673,613
30,1045,982,599,639,352,524,469,303,615,923,456,281,1126,104,58,36,91,872,313
486,112,499,2143,830,660,213,595,667,712,0,86,25,293,1164,179,992,322,375,493
470,40,70,23,1036,1757,1482,637,0,570,1713,661,1477,667,76,1135,43,728,388,1003
1913,976,488,1906,638,134,2127,884,1099,200,922,101,334,570,67,10,746,1974,1142,0
1987,286,1082,187,468,341,105,545,247,266,266,679,938,804,1671,715,468,202,111,117
993,486,354,902,1531,475,0,66,738,129,25,676,147,616,1970,239,438,64,1403,265
190,484,481,688,244,1413,121,444,142,594,217,638,2532,342,566,8322,279,1284,624,518
3020,939,353,1307,564,1675,1693,577,403,784,361,159,2786,462,2055,10134,8284,1114,301,202
657,74,987,299,2084,2007,69,90,566,867,1161,268,214,1880,6750,7054,10183,6002,358,2855
575,267,205,1134,3394,2372,58,793,721,83,743,99,1006,1202,904,2261,7303,1762,222,604
844,2513,483,354,177,77,374,607,566,612,557,1720,654,467,1297,5867,2653,2168,810,6405
1900,2464,922,746,196,1133,275,1470,481,588,290,412,491,134,414,224,445,526,819,5019
756,1442,2365,3738,379,434,457,350,371,772,22,870,481,476,423,98,1794,1055,49,1936
628,418,499,0,16,67,716,1797,96,567,926,550,730,832,691,993,1030,247,458,976
155,758,665,304,1653,1113,521,1219,484,3251,752,217,615,562,692,256,766,38,943,331
140,527,700,4431,1213,226,113,1,686,209,264,1856,372,323,20,8,507,286,333,565
2421,551,284,178,2376,799,804,1541,554,402,1438,2734,986,1072,1162,352,663,2181,2979,89
7210,200,1055,1284,1616,361,660,1024,931,249,508,42,1356,0,254,518,279,1491,921,3525
