-0.721197319669682,0.04739634381169363,0.8013158141622542,0.9515651669025998
501,754,442,447,1006,461,683,422,278,1620,773,1498,500,317,842,317,237,174,276,202
291,453,644,1347,803,515,51,1014,539,424,402,752,832,679,563,713,841,987,163,305
1322,422,606,726,318,488,1007,330,1333,327,615,525,268,890,634,425,227,711,56,376
674,269,7,520,904,432,509,924,2573,2088,1073,243,833,1846,1067,756,132,560,550,830
833,49,707,1106,609,1243,114,803,365,307,99,2209,1035,490,122,723,1208,1376,145,387
428,276,610,1038,1483,1105,1350,368,633,1814,1000,1467,1144,571,1739,871,700,1657,383,583
594,664,838,993,2220,331,1533,557,1117,418,591,1661,542,445,671,2813,442,777,1498,438
231,236,1477,1298,1051,2184,1368,971,417,1612,3100,242,2189,1248,365,420,2295,784,900,415
494,454,1021,1601,2151,3727,955,3600,3291,1410,720,2717,3431,705,1317,709,1357,579,1039,344
701,2301,1319,1077,981,1408,1277,476,212,2677,1646,2588,2558,822,722,634,636,600,1225,552
731,3477,996,2066,1247,2365,729,558,1654,5035,4073,2174,1387,1264,2314,976,903,921,969,1709
1040,1523,739,973,1002,267,1282,2228,984,1208,1154,1525,1361,1567,4691,716,1073,1632,668,880
809,1496,995,959,697,518,2133,2573,2271,10725,502,1947,2288,441,61,667,683,482,629,635
211,903,406,425,1234,400,718,569,1513,1215,1985,963,570,573,715,763,987,333,856,470
282,1384,621,569,695,1074,1228,732,544,2101,1190,292,880,801,1201,1813,743,180,518,1038
488,1241,293,1066,432,262,967,1058,414,3649,1262,689,1304,794,1122,504,158,380,1195,528
444,772,881,388,625,638,1672,1475,242,1159,299,621,1464,807,1394,603,704,968,632,268
95,128,640,1475,499,1251,242,638,257,723,985,1385,318,371,1618,1201,1059,458,858,391
408,526,592,246,466,1262,687,1264,2009,2645,435,240,337,414,295,764,294,146,114,229
165,573,164,915,822,124,1226,805,767,1019,1031,674,177,266,644,1230,550,597,403,315
