-1.3817418307939184,0.003043575238726024,1.0513079804754997,0.850003131799112
35712,188,50,4456,1276,1155,88,162,766,743,4504,194,260,2356,1881,230,908,406,651,4710
459,21,744,791,774,583,23,100,415,82,174,25,164,159,104,504,1490,1274,312,0
12997,1633,75,967,86,1088,1526,884,468,1519,241,0,62,34,948,1204,1164,24,761,1840
338,14,37,2942,7,1699,34,23,368,486,53,1456,201,27,237,3781,237,451,3653,7474
139,1893,1421,444,1964,389,104,264,424,2155,1111,810,29,649,108,1506,590,2184,3,1068
550,45,656,832,1012,0,3209,843,130,453,123,508,16,883,808,3419,76,541,610,859
1879,174,78,1722,1134,862,1,1559,963,713,362,509,1786,9,3996,532,197,2641,1342,55
734,411,877,258,2043,36,309,88,1099,2847,190,912,521,786,262,1603,854,77,230,383
1822,2548,298,120,643,1223,313,741,711,2129,755,1617,520,69,9,5033,0,2004,760,357
513,1024,2522,427,205,223,32,125,638,250,0,3128,526,3591,2549,73,310,1174,654,62
127,745,1178,262,398,636,503,601,2043,1068,550,155,565,358,397,1,115,125,81,619
210,304,742,2296,272,1336,194,888,1394,62,98,1669,26,180,512,225,427,803,152,520
164,1936,1708,330,101,32,395,7,514,449,93,992,589,602,371,556,823,544,20,2
565,85,1081,1781,3897,3,286,776,14,6,46,1,461,95,367,219,32,10,230,69
41,2370,120,230,624,390,1507,107,692,81,1630,889,208,3504,209,37,282,735,371,1217
602,0,1250,95,1022,438,71,326,36,354,497,534,30,1180,108,165,276,906,980,85
184,2690,779,100,31,325,0,432,2970,1019,9,0,737,208,60,3,564,1383,779,37
1447,300,0,4867,2354,42,93,340,1090,442,191,0,958,592,136,310,1907,562,2038,2557
1782,117,1392,0,451,519,77,33,58,813,1044,403,2465,486,7,1288,75,6318,1395,784
1053,886,150,2193,1966,1537,378,75,0,40,805,13240,1540,448,146,5901,2053,2464,1687,6944
