-0.941407650325298,-0.0017827035923903267,1.0755077624191618,0.8343303841720601
46893,1076,292,1467,133,300,626,61,322,0,117,1954,491,228,72,199,1754,201,1157,22935
658,468,470,710,553,1006,64,0,627,843,859,235,3208,3051,103,1207,631,1363,278,1289
867,223,713,0,288,418,612,1067,437,323,325,1620,1133,2114,1202,972,282,442,2588,793
6,240,1550,1254,900,837,3059,1081,1361,366,873,2262,609,186,807,1252,682,102,1098,1326
282,254,1134,150,1534,1595,237,566,373,1097,216,438,60,1383,406,288,204,838,1450,1425
151,48,1231,2101,604,21,1600,900,951,507,708,538,114,1518,766,268,919,835,795,369
569,661,1485,868,328,431,1149,1025,135,241,220,990,532,130,0,277,0,756,1508,283
356,629,356,85,387,223,313,164,1355,299,144,682,740,446,617,833,0,753,288,404
112,825,195,584,896,741,188,338,583,3904,1507,462,1492,410,763,261,1404,1065,215,497
0,608,1528,285,56,774,771,1488,854,523,641,176,553,412,67,261,273,130,694,137
428,2404,483,1399,725,314,0,457,947,1409,512,997,268,1158,644,1329,339,184,326,128
285,176,1176,2563,220,460,1523,0,691,502,1085,382,358,76,618,485,1708,195,1117,868
62,2007,377,102,151,386,2701,853,403,518,511,545,291,260,459,336,339,271,370,567
432,842,2204,683,599,404,1193,17,637,495,635,892,532,593,0,590,208,273,621,531
109,405,308,1320,1097,964,1833,496,100,634,375,567,16,870,794,2907,1098,790,959,1187
632,194,465,317,261,624,222,1197,1301,264,372,862,164,885,281,1155,953,448,3,1821
165,905,114,5289,6,248,499,375,1214,0,57,440,669,330,953,1053,1008,114,256,2961
62,729,1190,1076,134,405,135,527,946,0,668,1087,163,2076,1276,797,309,75,0,484
542,58,259,1204,1196,1451,1940,1212,450,457,666,208,316,850,282,1252,860,31530,585,1679
1798,2160,468,756,1674,577,778,857,242,503,551,1293,980,668,32,656,1310,0,18,681
