-1.602236230152522,0.008549770939031694,0.7931302160260799,0.8500281397002265
7,25,14,428,725,73,1285,478,636,15,985,497,1619,149,1562,172,135,274,572,379
1392,401,242,6,30,474,778,1415,841,1543,2747,108,4116,1008,319,37,19,142,468,2510
42,189,27,38,253,587,355,5943,252,6229,252,27,3809,777,109,99,331,976,323,248
219,915,466,3308,60,417,244,979,757,478,2214,215,4,457,2129,579,2462,229,0,11
209,3127,13,135,1,1938,669,214,13,62,132,3955,907,2701,246,424,5629,1,13,174
281,899,31,2743,121,278,2857,2005,819,7037,2,370,54,4049,1,219,83,487,408,176
334,410,207,391,412,26,243,3015,2376,134,1353,82,4030,14,830,2926,1300,79,2440,53
326,87,1231,1217,4254,5113,6,4555,342,2301,116,2238,104,51,100,468,2255,162,1022,87
787,372,263,202,5852,131,4869,51,6333,65,659,2,273,334,1291,1998,245,358,355,402
1,14,836,147,2619,3193,83,480,302,20,6048,9199,2742,354,180,625,0,2370,684,707
0,335,285,238,14,188,2266,577,237,627,8099,28,8,287,4602,50,731,4565,2010,43
138,17,764,284,44,255,547,0,2812,740,830,805,20773,542,32,11,85,350,502,480
238,1462,61,3586,59,2,47,70,27,15,357,138,3071,9,15,1084,45,439,419,431
1589,122,541,1928,274,28,56,0,4897,11,57,795,1528,97,1212,2571,588,2862,124,141
15,20,66,96,9,0,79,1928,177,12,80,7226,3435,71,3226,449,409,43,452,0
2727,108,273,640,152,471,200,3327,1177,285,491,915,53,2767,1149,134,3957,20,66,1821
143,35,701,1975,873,1168,1024,289,730,34,167,258,501,102,1405,166,2083,23,6,1187
1977,129,704,151,1548,141,1078,337,184,453,1412,606,6,147,456,384,14,9,365,156
425,9,561,52,545,71,355,1543,1193,78,142,663,657,1760,3645,139,134,177,65,81
558,1044,746,6,415,1861,432,736,476,1568,1981,426,72,1081,1,114,364,357,2198,19
