-1.4507031837943465,0.0031630200256784033,1.0467269991322612,0.8531767378171375
26990,547,1094,788,35,0,520,468,653,9,3095,121,339,337,1373,227,318,208,843,3550
5,135,374,192,0,0,901,720,288,656,0,605,194,48,406,1142,812,30,0,579
10185,4775,277,1277,1665,2248,86,1688,514,47,50,89,64,774,442,1799,581,1864,0,0
3942,34,17,887,6,844,569,760,277,3,229,28,125,105,2156,3068,934,388,457,8129
31,0,58,3478,74,240,398,1915,6,8,22,0,345,933,1617,2031,226,2396,4717,1773
675,18,1081,588,2234,102,46,1855,4359,356,597,1,2449,0,2955,1512,598,268,312,991
432,577,1194,0,108,14,30,422,226,914,2061,1779,0,99,827,374,70,597,1,5531
37,5715,212,2776,1117,1522,54,2233,9,175,762,279,412,122,42,1,446,490,743,438
3747,2129,67,434,794,2017,937,938,0,11,477,1239,176,382,52,130,0,2583,245,361
408,1806,412,746,1,146,744,2276,48,3,639,1705,645,2422,1158,31,13,3589,1434,318
914,0,71,1928,25,792,91,785,469,813,399,1517,41,1228,322,669,993,704,569,729
51,595,602,422,1305,764,74,773,184,0,212,345,170,47,881,605,479,1951,880,496
1140,121,251,2239,584,1085,471,559,105,218,81,171,140,187,3,2589,187,1329,2291,2054
26,33,730,1043,167,561,172,284,762,587,284,539,186,0,876,328,107,129,166,937
717,537,1008,957,43,1156,179,2479,20,0,1460,3,3064,503,67,220,0,822,2305,444
5584,5972,0,258,20,1802,499,304,476,833,0,639,160,338,10,2567,286,421,739,540
853,785,178,215,734,404,1889,0,3238,346,65,542,1477,220,282,5180,744,630,3864,153
1013,1423,1016,0,208,26,2,286,719,381,222,320,929,1248,859,158,83,3920,60,293
4471,2784,154,2497,67,250,1052,160,336,92,482,1253,27,57,45,42,318,1467,1432,7940
23,145,655,0,361,6346,310,4947,19,1217,236,9328,2761,1454,0,1469,35,1,805,738
