-0.9451973517544134,0.05044113288804187,0.7787469291936169,0.9056903778016014
0,575,793,778,896,572,514,301,1847,2811,370,686,1555,115,25,235,2028,936,856,129
1110,808,564,315,947,205,378,2071,334,365,1577,621,811,631,734,131,0,254,598,36
342,734,509,937,1101,161,625,813,496,912,679,560,1332,306,198,390,96,558,1147,297
1587,217,687,213,221,872,781,920,1610,423,522,471,346,692,837,933,476,508,155,87
336,85,141,449,564,839,663,731,66,472,199,1184,856,889,787,190,1361,88,1437,411
533,71,568,2708,928,400,5014,74,1687,512,312,271,168,487,717,332,677,415,794,1029
715,2627,285,1235,1176,1279,517,959,543,1036,0,311,1312,2271,197,280,91,516,430,525
798,707,160,276,2337,1027,1373,488,829,474,1181,967,1080,732,2024,111,515,568,1309,229
370,230,784,803,589,309,842,1139,3308,7,5361,1102,1361,1868,0,259,288,252,424,1982
102,1320,246,347,379,373,386,3877,3245,8317,4886,1036,487,624,748,906,2544,501,527,336
825,439,1357,371,674,322,689,1429,1169,1756,3937,2374,5853,3125,592,163,2047,1716,533,1279
893,689,1053,429,570,72,738,528,2493,9004,956,9210,508,1372,3520,128,1120,225,1533,2238
715,477,87,875,766,2582,987,416,9188,13645,332,8155,2051,681,319,399,626,175,513,0
288,296,318,1142,353,273,7247,4535,1511,1314,431,19,1193,183,1053,768,514,183,916,506
472,696,328,182,520,463,380,1312,25,1830,325,1210,683,543,717,252,2330,388,253,484
640,1247,303,583,56,604,880,1425,1185,1093,633,255,1007,385,144,169,1465,186,710,518
737,1848,1848,167,49,254,337,2327,410,63,756,227,710,305,710,928,441,932,74,178
1476,183,825,678,208,267,1620,703,77,0,176,1654,2055,1032,387,1956,151,920,435,1123
739,458,1133,48,200,253,931,108,343,1301,2143,261,751,258,393,501,861,221,209,990
344,1137,308,481,936,1025,783,605,3793,988,58,1618,494,204,208,637,1102,535,538,952
