-0.7530467767021288,0.00893255489831856,1.050093722111849,0.9296760254005159
23439,2315,1929,1117,500,673,2455,1279,964,1312,778,468,3368,1382,211,2058,1456,2052,1590,8107
937,397,1084,1811,779,900,0,798,2150,219,948,438,574,1941,999,624,619,1353,1235,434
671,2055,1902,1725,736,350,390,768,2235,227,18,362,821,0,1223,562,1387,1111,957,1358
625,467,1748,610,403,557,216,382,370,603,1569,686,800,936,998,1385,249,488,1448,4791
390,1647,729,1662,337,795,255,658,271,376,331,584,784,404,1204,521,266,177,914,330
1656,1111,273,710,751,313,320,1612,523,876,1309,857,767,80,48,840,1218,408,871,349
924,325,843,408,635,1330,432,756,1072,1084,427,763,1210,483,670,812,931,243,1480,1471
907,1903,745,1580,1073,1940,766,1200,638,1272,586,168,1285,767,0,302,593,1522,522,0
1052,171,965,0,1182,714,776,434,674,348,544,1645,706,379,526,299,373,1613,874,1428
1791,24,968,293,1173,700,128,512,7,293,0,376,429,770,1809,1335,481,447,1451,217
1267,1262,1359,599,60,0,475,281,83,194,499,1265,1320,1008,0,133,24,903,1641,659
1896,357,449,551,132,1163,607,250,111,307,1111,683,135,644,1292,829,128,207,643,1237
826,869,1082,228,459,1041,318,167,197,482,532,1442,391,700,1712,1434,454,826,663,380
1262,1122,1517,1352,1539,309,605,150,616,1251,349,362,1083,232,511,804,2527,1349,493,925
1784,391,252,610,840,216,1386,1688,414,467,2118,978,897,366,561,609,667,1928,290,959
1271,451,929,1184,1314,814,339,497,970,543,578,1521,645,377,771,754,1374,485,380,1708
1820,446,1042,400,58,2122,670,988,625,668,123,959,330,1181,1142,660,210,1609,991,1103
741,393,116,1339,961,586,367,974,138,838,1060,617,319,2492,798,410,666,795,1124,5321
1539,820,890,460,890,847,976,410,0,754,118,559,629,1629,1893,1384,746,942,3098,1032
3102,1848,1253,1250,87,593,1402,379,2599,1110,741,1606,494,762,1126,1000,7549,3937,1540,2042
