-0.5857614141837734,0.002331590054380882,0.8451551139227435,0.9044371465321673
900,1537,337,400,1074,851,601,158,1279,1285,1048,1578,338,727,703,832,982,516,1453,358
557,1898,405,1839,455,833,570,397,9,552,424,607,854,298,697,785,384,1646,585,863
1183,791,387,723,714,317,1003,1375,517,1053,861,741,892,1520,240,884,510,912,559,1099
564,1018,538,461,892,1166,831,593,917,839,646,1040,834,607,798,1328,469,402,399,466
774,1352,1445,669,145,624,1279,434,1315,731,618,394,976,168,1522,168,1558,616,1032,825
962,687,1364,423,1181,944,521,453,566,724,219,784,365,497,506,389,672,949,479,573
373,366,80,75,1048,1415,642,1262,508,1263,711,977,391,981,408,629,325,1129,824,376
600,597,295,744,489,374,589,1517,1836,1106,525,1055,678,2336,1044,1239,799,0,2841,969
622,574,610,724,663,1072,390,726,642,860,0,369,1437,642,1207,1600,301,450,1428,1025
731,577,1444,1532,1367,446,530,48292,12122,1043,215,434,453,509,323,725,1024,1545,1340,618
1521,693,1775,2237,597,563,1039,288,1108,166,408,572,581,1618,992,538,1441,497,863,363
606,755,638,632,841,606,724,796,796,731,343,412,731,687,335,819,1104,646,953,407
1151,775,308,992,663,908,680,800,357,317,620,1099,463,1052,794,496,635,1811,1164,860
490,1251,589,1068,1357,415,652,586,566,971,802,743,1107,185,687,893,207,638,473,1124
829,442,284,778,525,2515,879,400,1044,616,707,466,1159,671,1259,414,1663,519,759,750
726,877,1047,555,1560,987,301,280,1507,679,687,2456,1712,339,469,875,588,304,823,506
774,454,247,885,1209,620,844,1548,825,1265,1075,945,463,921,349,879,412,714,640,394
348,1930,972,188,1694,221,631,774,349,845,1077,563,626,1054,0,542,877,1262,1136,275
1029,1037,844,881,765,630,718,200,1320,184,839,1177,384,105,383,378,1486,158,328,782
144,844,1084,952,488,1115,711,820,324,1707,1782,405,546,709,213,1058,2246,602,667,1378
